0.000000e+00	0.000000e+00	0.000000e+00	-2.000000e+03	2.500000e-01	1.000000e+01	2.073800e-01	1.000000e+00	0.000000e+00	1
3.330000e+02	1.659033e+02	2.134634e+02	4.901506e-02	2.626666e-01	9.996656e+00	1.752735e-01	-7.345851e+01	9.462710e+01	2
6.660000e+02	0.000000e+00	2.393037e+02	4.291245e-01	2.677039e-01	1.001082e+01	4.627237e-01	-7.345851e+01	0.000000e+00	3
9.990000e+02	1.472206e+02	1.999975e+01	3.736580e-01	2.740904e-01	1.009466e+01	5.380235e-01	-7.345851e+01	2.516163e+01	4
1.332000e+03	3.215729e+01	1.982559e+01	1.644815e-01	2.806605e-01	1.012584e+01	3.756940e-01	-7.345851e+01	2.812290e+01	5
1.665000e+03	0.000000e+00	2.237026e+02	5.454458e-01	2.951960e-01	1.016304e+01	6.604368e-01	-7.345851e+01	0.000000e+00	6
1.998000e+03	1.322510e+02	2.000200e+01	4.457178e-01	3.542355e-01	1.025503e+01	5.364993e-01	-7.345851e+01	2.511961e+01	7
2.331000e+03	4.214770e+01	1.986909e+01	1.009110e-01	3.325959e-01	1.028618e+01	4.390069e-01	-7.345851e+01	3.128557e+01	8
2.664000e+03	0.000000e+00	1.967810e+02	5.112149e-01	3.745195e-01	1.032719e+01	7.007137e-01	-7.345851e+01	0.000000e+00	9
2.997000e+03	1.248958e+02	2.000791e+01	4.843541e-01	4.402907e-01	1.042108e+01	5.989510e-01	-7.345851e+01	2.496418e+01	10
3.330000e+03	3.226701e+01	1.984048e+01	1.234206e-01	4.126008e-01	1.046092e+01	4.787431e-01	-7.345851e+01	2.849319e+01	11
3.663000e+03	0.000000e+00	1.502091e+02	5.808793e-01	4.539363e-01	1.051275e+01	7.895892e-01	-7.345851e+01	0.000000e+00	12
3.996000e+03	5.277705e+01	1.999959e+01	6.615652e-02	5.271064e-01	1.058097e+01	8.102879e-01	-7.345851e+01	2.384192e+01	13
4.329000e+03	5.186939e+01	1.999984e+01	7.063186e-02	5.921057e-01	1.065411e+01	8.450684e-01	-7.345851e+01	2.393419e+01	14
4.662000e+03	4.920122e+01	2.000058e+01	6.631958e-02	6.534064e-01	1.072887e+01	8.848173e-01	-7.345851e+01	2.396675e+01	15
4.995000e+03	4.446753e+01	2.000095e+01	5.856476e-02	7.125748e-01	1.080372e+01	9.265807e-01	-7.345851e+01	2.394012e+01	16
5.328000e+03	3.836312e+01	2.000096e+01	5.192883e-02	7.700870e-01	1.087836e+01	9.689729e-01	-7.345851e+01	2.388565e+01	17
5.661000e+03	3.255815e+01	2.000086e+01	4.816579e-02	8.260219e-01	1.095298e+01	1.011278e+00	-7.345851e+01	2.382354e+01	18
5.994000e+03	2.855803e+01	2.000076e+01	4.668511e-02	8.803387e-01	1.102791e+01	1.053106e+00	-7.345851e+01	2.376310e+01	19
6.327000e+03	2.627403e+01	2.000068e+01	4.639175e-02	9.329909e-01	1.110329e+01	1.094250e+00	-7.345851e+01	2.370756e+01	20
6.660000e+03	2.507390e+01	2.000061e+01	4.669318e-02	9.839692e-01	1.117918e+01	1.134615e+00	-7.345851e+01	2.365710e+01	21
6.993000e+03	2.444424e+01	2.000056e+01	4.731871e-02	1.033310e+00	1.125554e+01	1.174167e+00	-7.345851e+01	2.361117e+01	22
7.326000e+03	2.408132e+01	2.000053e+01	4.813543e-02	1.081087e+00	1.133229e+01	1.212920e+00	-7.345851e+01	2.356911e+01	23
7.659000e+03	2.384366e+01	2.000049e+01	4.907239e-02	1.127400e+00	1.140935e+01	1.250914e+00	-7.345851e+01	2.353038e+01	24
7.992000e+03	2.367082e+01	2.000047e+01	5.008995e-02	1.172367e+00	1.148664e+01	1.288206e+00	-7.345851e+01	2.349452e+01	25
8.325000e+03	2.352767e+01	2.000045e+01	5.116448e-02	1.216112e+00	1.156408e+01	1.324861e+00	-7.345851e+01	2.346116e+01	26
8.658000e+03	2.340935e+01	2.000043e+01	5.228108e-02	1.258762e+00	1.164159e+01	1.360951e+00	-7.345851e+01	2.342998e+01	27
8.991000e+03	2.330589e+01	2.000041e+01	5.343010e-02	1.300439e+00	1.171912e+01	1.396546e+00	-7.345851e+01	2.340073e+01	28
9.324000e+03	2.320728e+01	2.000040e+01	5.460519e-02	1.341262e+00	1.179660e+01	1.431715e+00	-7.345851e+01	2.337318e+01	29
9.657000e+03	2.311865e+01	2.000039e+01	5.580217e-02	1.381340e+00	1.187399e+01	1.466524e+00	-7.345851e+01	2.334715e+01	30
9.990000e+03	2.303496e+01	2.000038e+01	5.701823e-02	1.420775e+00	1.195124e+01	1.501033e+00	-7.345851e+01	2.332247e+01	31
1.032300e+04	2.295120e+01	2.000037e+01	5.825145e-02	1.459658e+00	1.202831e+01	1.535298e+00	-7.345851e+01	2.329899e+01	32
1.065600e+04	2.287751e+01	2.000036e+01	5.950047e-02	1.498074e+00	1.210518e+01	1.569368e+00	-7.345851e+01	2.327660e+01	33
1.098900e+04	2.279869e+01	2.000035e+01	6.076431e-02	1.536096e+00	1.218182e+01	1.603289e+00	-7.345851e+01	2.325518e+01	34
1.132200e+04	2.272491e+01	2.000035e+01	6.204222e-02	1.573791e+00	1.225819e+01	1.637099e+00	-7.345851e+01	2.323463e+01	35
1.165500e+04	2.265616e+01	2.000034e+01	6.333362e-02	1.611217e+00	1.233429e+01	1.670833e+00	-7.345851e+01	2.321487e+01	36
1.198800e+04	2.258738e+01	2.000033e+01	6.463804e-02	1.648424e+00	1.241010e+01	1.704523e+00	-7.345851e+01	2.319583e+01	37
1.232100e+04	2.251857e+01	2.000033e+01	6.595508e-02	1.685458e+00	1.248560e+01	1.738193e+00	-7.345851e+01	2.317744e+01	38
1.265400e+04	2.244974e+01	2.000032e+01	6.728440e-02	1.722358e+00	1.256078e+01	1.771866e+00	-7.345851e+01	2.315965e+01	39
1.298700e+04	2.238088e+01	2.000032e+01	6.862573e-02	1.759157e+00	1.263563e+01	1.805563e+00	-7.345851e+01	2.314241e+01	40
1.332000e+04	2.231708e+01	2.000032e+01	6.997878e-02	1.795885e+00	1.271014e+01	1.839298e+00	-7.345851e+01	2.312568e+01	41
1.365300e+04	2.224817e+01	2.000031e+01	7.134332e-02	1.832566e+00	1.278431e+01	1.873087e+00	-7.345851e+01	2.310941e+01	42
1.398600e+04	2.218433e+01	2.000031e+01	7.271914e-02	1.869222e+00	1.285812e+01	1.906941e+00	-7.345851e+01	2.309358e+01	43
1.431900e+04	2.212047e+01	2.000031e+01	7.410602e-02	1.905871e+00	1.293159e+01	1.940869e+00	-7.345851e+01	2.307816e+01	44
1.465200e+04	2.205658e+01	2.000031e+01	7.550378e-02	1.942530e+00	1.300470e+01	1.974880e+00	-7.345851e+01	2.306313e+01	45
1.498500e+04	2.199268e+01	2.000030e+01	7.691224e-02	1.979211e+00	1.307745e+01	2.008979e+00	-7.345851e+01	2.304846e+01	46
1.531800e+04	2.192876e+01	2.000030e+01	7.833122e-02	2.015925e+00	1.314984e+01	2.043174e+00	-7.345851e+01	2.303413e+01	47
1.565100e+04	2.186481e+01	2.000030e+01	7.976057e-02	2.052683e+00	1.322188e+01	2.077468e+00	-7.345851e+01	2.302013e+01	48
1.598400e+04	2.180594e+01	2.000030e+01	8.120011e-02	2.089493e+00	1.329355e+01	2.111864e+00	-7.345851e+01	2.300645e+01	49
1.631700e+04	2.174195e+01	2.000030e+01	8.264971e-02	2.126360e+00	1.336486e+01	2.146365e+00	-7.345851e+01	2.299306e+01	50
1.665000e+04	2.168303e+01	2.000029e+01	8.410921e-02	2.163291e+00	1.343580e+01	2.180973e+00	-7.345851e+01	2.297996e+01	51
1.698300e+04	2.161900e+01	2.000029e+01	8.557848e-02	2.200289e+00	1.350639e+01	2.215689e+00	-7.345851e+01	2.296714e+01	52
1.731600e+04	2.156004e+01	2.000029e+01	8.705737e-02	2.237360e+00	1.357662e+01	2.250514e+00	-7.345851e+01	2.295459e+01	53
1.764900e+04	2.149596e+01	2.000029e+01	8.854577e-02	2.274506e+00	1.364649e+01	2.285449e+00	-7.345851e+01	2.294230e+01	54
1.798200e+04	2.143696e+01	2.000029e+01	9.004353e-02	2.311729e+00	1.371601e+01	2.320494e+00	-7.345851e+01	2.293026e+01	55
1.831500e+04	2.137793e+01	2.000029e+01	9.155053e-02	2.349032e+00	1.378517e+01	2.355649e+00	-7.345851e+01	2.291847e+01	56
1.864800e+04	2.131378e+01	2.000029e+01	9.306665e-02	2.386415e+00	1.385398e+01	2.390913e+00	-7.345851e+01	2.290691e+01	57
1.898100e+04	2.125470e+01	2.000029e+01	9.459176e-02	2.423880e+00	1.392243e+01	2.426285e+00	-7.345851e+01	2.289558e+01	58
1.931400e+04	2.119560e+01	2.000029e+01	9.612576e-02	2.461428e+00	1.399054e+01	2.461766e+00	-7.345851e+01	2.288449e+01	59
1.964700e+04	2.113647e+01	2.000029e+01	9.766853e-02	2.499059e+00	1.405830e+01	2.497353e+00	-7.345851e+01	2.287361e+01	60
1.998000e+04	2.107731e+01	2.000028e+01	9.921996e-02	2.536773e+00	1.412572e+01	2.533047e+00	-7.345851e+01	2.286295e+01	61
2.031300e+04	2.101813e+01	2.000028e+01	1.007799e-01	2.574570e+00	1.419279e+01	2.568845e+00	-7.345851e+01	2.285249e+01	62
2.064600e+04	2.095892e+01	2.000028e+01	1.023484e-01	2.612451e+00	1.425953e+01	2.604747e+00	-7.345851e+01	2.284225e+01	63
2.097900e+04	2.089968e+01	2.000028e+01	1.039251e-01	2.650415e+00	1.432592e+01	2.640751e+00	-7.345851e+01	2.283221e+01	64
2.131200e+04	2.084553e+01	2.000028e+01	1.055101e-01	2.688462e+00	1.439198e+01	2.676856e+00	-7.345851e+01	2.282236e+01	65
2.164500e+04	2.078622e+01	2.000028e+01	1.071032e-01	2.726590e+00	1.445771e+01	2.713061e+00	-7.345851e+01	2.281271e+01	66
2.197800e+04	2.072689e+01	2.000028e+01	1.087044e-01	2.764800e+00	1.452310e+01	2.749364e+00	-7.345851e+01	2.280325e+01	67
2.231100e+04	2.066753e+01	2.000028e+01	1.103134e-01	2.803091e+00	1.458817e+01	2.785764e+00	-7.345851e+01	2.279397e+01	68
2.264400e+04	2.061326e+01	2.000028e+01	1.119304e-01	2.841462e+00	1.465291e+01	2.822260e+00	-7.345851e+01	2.278488e+01	69
2.297700e+04	2.055383e+01	2.000028e+01	1.135550e-01	2.879912e+00	1.471733e+01	2.858849e+00	-7.345851e+01	2.277596e+01	70
2.331000e+04	2.049950e+01	2.000028e+01	1.151874e-01	2.918441e+00	1.478143e+01	2.895531e+00	-7.345851e+01	2.276722e+01	71
2.364300e+04	2.044000e+01	2.000028e+01	1.168273e-01	2.957047e+00	1.484521e+01	2.932304e+00	-7.345851e+01	2.275866e+01	72
2.397600e+04	2.038561e+01	2.000028e+01	1.184746e-01	2.995729e+00	1.490867e+01	2.969167e+00	-7.345851e+01	2.275026e+01	73
2.430900e+04	2.033118e+01	2.000028e+01	1.201294e-01	3.034488e+00	1.497182e+01	3.006118e+00	-7.345851e+01	2.274202e+01	74
2.464200e+04	2.027158e+01	2.000028e+01	1.217914e-01	3.073321e+00	1.503466e+01	3.043156e+00	-7.345851e+01	2.273395e+01	75
2.497500e+04	2.021708e+01	2.000028e+01	1.234607e-01	3.112228e+00	1.509719e+01	3.080279e+00	-7.345851e+01	2.272604e+01	76
2.530800e+04	2.016255e+01	2.000028e+01	1.251371e-01	3.151208e+00	1.515942e+01	3.117486e+00	-7.345851e+01	2.271828e+01	77
2.564100e+04	2.010799e+01	2.000028e+01	1.268206e-01	3.190260e+00	1.522134e+01	3.154776e+00	-7.345851e+01	2.271068e+01	78
2.597400e+04	2.005339e+01	2.000028e+01	1.285111e-01	3.229382e+00	1.528296e+01	3.192147e+00	-7.345851e+01	2.270322e+01	79
2.630700e+04	1.999876e+01	2.000028e+01	1.302084e-01	3.268575e+00	1.534428e+01	3.229597e+00	-7.345851e+01	2.269592e+01	80
2.664000e+04	1.994409e+01	2.000028e+01	1.319126e-01	3.307836e+00	1.540530e+01	3.267126e+00	-7.345851e+01	2.268876e+01	81
2.697300e+04	1.988938e+01	2.000028e+01	1.336235e-01	3.347166e+00	1.546603e+01	3.304733e+00	-7.345851e+01	2.268174e+01	82
2.730600e+04	1.983464e+01	2.000028e+01	1.353410e-01	3.386562e+00	1.552647e+01	3.342415e+00	-7.345851e+01	2.267486e+01	83
2.763900e+04	1.978502e+01	2.000028e+01	1.370652e-01	3.426024e+00	1.558662e+01	3.380171e+00	-7.345851e+01	2.266811e+01	84
2.797200e+04	1.973021e+01	2.000028e+01	1.387958e-01	3.465551e+00	1.564649e+01	3.418001e+00	-7.345851e+01	2.266150e+01	85
2.830500e+04	1.967536e+01	2.000028e+01	1.405330e-01	3.505143e+00	1.570607e+01	3.455903e+00	-7.345851e+01	2.265502e+01	86
2.863800e+04	1.962563e+01	2.000028e+01	1.422764e-01	3.544797e+00	1.576537e+01	3.493876e+00	-7.345851e+01	2.264867e+01	87
2.897100e+04	1.957072e+01	2.000028e+01	1.440262e-01	3.584513e+00	1.582439e+01	3.531918e+00	-7.345851e+01	2.264245e+01	88
2.930400e+04	1.952092e+01	2.000028e+01	1.457823e-01	3.624290e+00	1.588313e+01	3.570028e+00	-7.345851e+01	2.263635e+01	89
2.963700e+04	1.947108e+01	2.000028e+01	1.475444e-01	3.664128e+00	1.594159e+01	3.608206e+00	-7.345851e+01	2.263037e+01	90
2.997000e+04	1.941606e+01	2.000028e+01	1.493127e-01	3.704024e+00	1.599979e+01	3.646449e+00	-7.345851e+01	2.262451e+01	91
3.030300e+04	1.936616e+01	2.000028e+01	1.510870e-01	3.743979e+00	1.605771e+01	3.684757e+00	-7.345851e+01	2.261877e+01	92
3.063600e+04	1.931623e+01	2.000028e+01	1.528673e-01	3.783992e+00	1.611537e+01	3.723129e+00	-7.345851e+01	2.261315e+01	93
3.096900e+04	1.926626e+01	2.000028e+01	1.546535e-01	3.824061e+00	1.617276e+01	3.761563e+00	-7.345851e+01	2.260763e+01	94
3.130200e+04	1.921625e+01	2.000028e+01	1.564455e-01	3.864185e+00	1.622988e+01	3.800059e+00	-7.345851e+01	2.260223e+01	95
3.163500e+04	1.916622e+01	2.000028e+01	1.582433e-01	3.904364e+00	1.628675e+01	3.838615e+00	-7.345851e+01	2.259694e+01	96
3.196800e+04	1.911615e+01	2.000028e+01	1.600468e-01	3.944597e+00	1.634336e+01	3.877230e+00	-7.345851e+01	2.259175e+01	97
3.230100e+04	1.906604e+01	2.000028e+01	1.618560e-01	3.984883e+00	1.639970e+01	3.915904e+00	-7.345851e+01	2.258667e+01	98
3.263400e+04	1.901591e+01	2.000028e+01	1.636707e-01	4.025221e+00	1.645580e+01	3.954634e+00	-7.345851e+01	2.258169e+01	99
3.296700e+04	1.897090e+01	2.000028e+01	1.654910e-01	4.065610e+00	1.651164e+01	3.993421e+00	-7.345851e+01	2.257681e+01	100
3.330000e+04	1.892070e+01	2.000028e+01	1.673167e-01	4.106050e+00	1.656723e+01	4.032263e+00	-7.345851e+01	2.257203e+01	101
3.363300e+04	1.887563e+01	2.000028e+01	1.691478e-01	4.146539e+00	1.662257e+01	4.071159e+00	-7.345851e+01	2.256734e+01	102
3.396600e+04	1.882536e+01	2.000028e+01	1.709843e-01	4.187077e+00	1.667767e+01	4.110108e+00	-7.345851e+01	2.256275e+01	103
3.429900e+04	1.878023e+01	2.000028e+01	1.728261e-01	4.227663e+00	1.673252e+01	4.149110e+00	-7.345851e+01	2.255826e+01	104
3.463200e+04	1.872991e+01	2.000028e+01	1.746731e-01	4.268296e+00	1.678713e+01	4.188162e+00	-7.345851e+01	2.255386e+01	105
3.496500e+04	1.868471e+01	2.000028e+01	1.765252e-01	4.308975e+00	1.684150e+01	4.227265e+00	-7.345851e+01	2.254954e+01	106
3.529800e+04	1.863949e+01	2.000028e+01	1.783825e-01	4.349700e+00	1.689563e+01	4.266418e+00	-7.345851e+01	2.254532e+01	107
3.563100e+04	1.859424e+01	2.000028e+01	1.802448e-01	4.390470e+00	1.694952e+01	4.305619e+00	-7.345851e+01	2.254118e+01	108
3.596400e+04	1.854896e+01	2.000028e+01	1.821122e-01	4.431284e+00	1.700318e+01	4.344868e+00	-7.345851e+01	2.253712e+01	109
3.629700e+04	1.850365e+01	2.000028e+01	1.839845e-01	4.472141e+00	1.705661e+01	4.384163e+00	-7.345851e+01	2.253315e+01	110
3.663000e+04	1.845832e+01	2.000028e+01	1.858616e-01	4.513041e+00	1.710980e+01	4.423505e+00	-7.345851e+01	2.252926e+01	111
3.696300e+04	1.841295e+01	2.000028e+01	1.877437e-01	4.553983e+00	1.716277e+01	4.462892e+00	-7.345851e+01	2.252545e+01	112
3.729600e+04	1.836756e+01	2.000028e+01	1.896305e-01	4.594966e+00	1.721551e+01	4.502323e+00	-7.345851e+01	2.252172e+01	113
3.762900e+04	1.832214e+01	2.000028e+01	1.915220e-01	4.635990e+00	1.726803e+01	4.541797e+00	-7.345851e+01	2.251807e+01	114
3.796200e+04	1.828187e+01	2.000028e+01	1.934182e-01	4.677053e+00	1.732032e+01	4.581314e+00	-7.345851e+01	2.251449e+01	115
3.829500e+04	1.823640e+01	2.000028e+01	1.953190e-01	4.718156e+00	1.737239e+01	4.620873e+00	-7.345851e+01	2.251099e+01	116
3.862800e+04	1.819607e+01	2.000028e+01	1.972244e-01	4.759297e+00	1.742424e+01	4.660474e+00	-7.345851e+01	2.250756e+01	117
3.896100e+04	1.815055e+01	2.000028e+01	1.991344e-01	4.800476e+00	1.747588e+01	4.700114e+00	-7.345851e+01	2.250420e+01	118
3.929400e+04	1.811018e+01	2.000028e+01	2.010487e-01	4.841692e+00	1.752730e+01	4.739794e+00	-7.345851e+01	2.250092e+01	119
3.962700e+04	1.806461e+01	2.000028e+01	2.029675e-01	4.882944e+00	1.757850e+01	4.779514e+00	-7.345851e+01	2.249770e+01	120
3.996000e+04	1.802419e+01	2.000028e+01	2.048907e-01	4.924233e+00	1.762949e+01	4.819271e+00	-7.345851e+01	2.249455e+01	121
4.029300e+04	1.798374e+01	2.000028e+01	2.068182e-01	4.965556e+00	1.768027e+01	4.859066e+00	-7.345851e+01	2.249146e+01	122
4.062600e+04	1.794328e+01	2.000028e+01	2.087499e-01	5.006914e+00	1.773085e+01	4.898897e+00	-7.345851e+01	2.248845e+01	123
4.095900e+04	1.790279e+01	2.000028e+01	2.106859e-01	5.048307e+00	1.778121e+01	4.938765e+00	-7.345851e+01	2.248549e+01	124
4.129200e+04	1.786228e+01	2.000028e+01	2.126260e-01	5.089732e+00	1.783137e+01	4.978668e+00	-7.345851e+01	2.248260e+01	125
4.162500e+04	1.782175e+01	2.000028e+01	2.145702e-01	5.131191e+00	1.788133e+01	5.018606e+00	-7.345851e+01	2.247977e+01	126
4.195800e+04	1.778119e+01	2.000028e+01	2.165185e-01	5.172682e+00	1.793108e+01	5.058577e+00	-7.345851e+01	2.247700e+01	127
4.229100e+04	1.774062e+01	2.000027e+01	2.184708e-01	5.214204e+00	1.798063e+01	5.098583e+00	-7.345851e+01	2.247429e+01	128
4.262400e+04	1.770003e+01	2.000027e+01	2.204270e-01	5.255758e+00	1.802999e+01	5.138621e+00	-7.345851e+01	2.247164e+01	129
4.295700e+04	1.766459e+01	2.000027e+01	2.223872e-01	5.297342e+00	1.807914e+01	5.178691e+00	-7.345851e+01	2.246905e+01	130
4.329000e+04	1.762396e+01	2.000027e+01	2.243512e-01	5.338956e+00	1.812810e+01	5.218793e+00	-7.345851e+01	2.246651e+01	131
4.362300e+04	1.758849e+01	2.000027e+01	2.263191e-01	5.380600e+00	1.817687e+01	5.258926e+00	-7.345851e+01	2.246403e+01	132
4.395600e+04	1.754782e+01	2.000027e+01	2.282907e-01	5.422272e+00	1.822544e+01	5.299089e+00	-7.345851e+01	2.246161e+01	133
4.428900e+04	1.751231e+01	2.000027e+01	2.302660e-01	5.463973e+00	1.827382e+01	5.339282e+00	-7.345851e+01	2.245923e+01	134
4.462200e+04	1.747161e+01	2.000027e+01	2.322450e-01	5.505702e+00	1.832201e+01	5.379504e+00	-7.345851e+01	2.245691e+01	135
4.495500e+04	1.743607e+01	2.000027e+01	2.342277e-01	5.547459e+00	1.837002e+01	5.419755e+00	-7.345851e+01	2.245464e+01	136
4.528800e+04	1.740051e+01	2.000027e+01	2.362139e-01	5.589242e+00	1.841783e+01	5.460034e+00	-7.345851e+01	2.245242e+01	137
4.562100e+04	1.736493e+01	2.000027e+01	2.382036e-01	5.631052e+00	1.846546e+01	5.500340e+00	-7.345851e+01	2.245025e+01	138
4.595400e+04	1.732934e+01	2.000027e+01	2.401969e-01	5.672888e+00	1.851291e+01	5.540674e+00	-7.345851e+01	2.244813e+01	139
4.628700e+04	1.729374e+01	2.000027e+01	2.421935e-01	5.714749e+00	1.856018e+01	5.581033e+00	-7.345851e+01	2.244606e+01	140
4.662000e+04	1.725812e+01	2.000027e+01	2.441936e-01	5.756635e+00	1.860726e+01	5.621419e+00	-7.345851e+01	2.244404e+01	141
4.695300e+04	1.722248e+01	2.000027e+01	2.461970e-01	5.798545e+00	1.865416e+01	5.661831e+00	-7.345851e+01	2.244206e+01	142
4.728600e+04	1.718684e+01	2.000027e+01	2.482037e-01	5.840480e+00	1.870089e+01	5.702267e+00	-7.345851e+01	2.244012e+01	143
4.761900e+04	1.715118e+01	2.000027e+01	2.502137e-01	5.882438e+00	1.874744e+01	5.742727e+00	-7.345851e+01	2.243823e+01	144
4.795200e+04	1.711550e+01	2.000027e+01	2.522269e-01	5.924420e+00	1.879381e+01	5.783212e+00	-7.345851e+01	2.243639e+01	145
4.828500e+04	1.708499e+01	2.000027e+01	2.542432e-01	5.966424e+00	1.884001e+01	5.823720e+00	-7.345851e+01	2.243459e+01	146
4.861800e+04	1.704929e+01	2.000027e+01	2.562626e-01	6.008450e+00	1.888603e+01	5.864251e+00	-7.345851e+01	2.243283e+01	147
4.895100e+04	1.701358e+01	2.000027e+01	2.582852e-01	6.050498e+00	1.893189e+01	5.904805e+00	-7.345851e+01	2.243111e+01	148
4.928400e+04	1.698303e+01	2.000027e+01	2.603107e-01	6.092568e+00	1.897757e+01	5.945380e+00	-7.345851e+01	2.242943e+01	149
4.961700e+04	1.694730e+01	2.000027e+01	2.623392e-01	6.134659e+00	1.902309e+01	5.985978e+00	-7.345851e+01	2.242779e+01	150
4.995000e+04	1.691673e+01	2.000027e+01	2.643707e-01	6.176770e+00	1.906844e+01	6.026596e+00	-7.345851e+01	2.242619e+01	151
5.028300e+04	1.688615e+01	2.000027e+01	2.664051e-01	6.218902e+00	1.911362e+01	6.067235e+00	-7.345851e+01	2.242463e+01	152
5.061600e+04	1.685039e+01	2.000027e+01	2.684423e-01	6.261053e+00	1.915863e+01	6.107894e+00	-7.345851e+01	2.242311e+01	153
5.094900e+04	1.681979e+01	2.000027e+01	2.704823e-01	6.303224e+00	1.920348e+01	6.148574e+00	-7.345851e+01	2.242163e+01	154
5.128200e+04	1.678918e+01	2.000027e+01	2.725251e-01	6.345414e+00	1.924817e+01	6.189272e+00	-7.345851e+01	2.242018e+01	155
5.161500e+04	1.675856e+01	2.000027e+01	2.745706e-01	6.387622e+00	1.929270e+01	6.229990e+00	-7.345851e+01	2.241877e+01	156
5.194800e+04	1.672794e+01	2.000027e+01	2.766188e-01	6.429849e+00	1.933707e+01	6.270726e+00	-7.345851e+01	2.241739e+01	157
5.228100e+04	1.669730e+01	2.000027e+01	2.786696e-01	6.472094e+00	1.938127e+01	6.311481e+00	-7.345851e+01	2.241605e+01	158
5.261400e+04	1.666666e+01	2.000026e+01	2.807230e-01	6.514356e+00	1.942532e+01	6.352253e+00	-7.345851e+01	2.241475e+01	159
5.294700e+04	1.663601e+01	2.000026e+01	2.827790e-01	6.556635e+00	1.946922e+01	6.393043e+00	-7.345851e+01	2.241347e+01	160
5.328000e+04	1.660535e+01	2.000026e+01	2.848375e-01	6.598932e+00	1.951296e+01	6.433850e+00	-7.345851e+01	2.241223e+01	161
5.361300e+04	1.657468e+01	2.000026e+01	2.868984e-01	6.641244e+00	1.955654e+01	6.474673e+00	-7.345851e+01	2.241102e+01	162
5.394600e+04	1.654401e+01	2.000026e+01	2.889617e-01	6.683573e+00	1.959997e+01	6.515513e+00	-7.345851e+01	2.240985e+01	163
5.427900e+04	1.651333e+01	2.000026e+01	2.910274e-01	6.725918e+00	1.964325e+01	6.556369e+00	-7.345851e+01	2.240870e+01	164
5.461200e+04	1.648781e+01	2.000026e+01	2.930955e-01	6.768278e+00	1.968637e+01	6.597240e+00	-7.345851e+01	2.240759e+01	165
5.494500e+04	1.645712e+01	2.000026e+01	2.951659e-01	6.810654e+00	1.972935e+01	6.638127e+00	-7.345851e+01	2.240651e+01	166
5.527800e+04	1.643159e+01	2.000026e+01	2.972385e-01	6.853044e+00	1.977218e+01	6.679028e+00	-7.345851e+01	2.240545e+01	167
5.561100e+04	1.640089e+01	2.000026e+01	2.993133e-01	6.895448e+00	1.981485e+01	6.719944e+00	-7.345851e+01	2.240443e+01	168
5.594400e+04	1.637534e+01	2.000026e+01	3.013903e-01	6.937867e+00	1.985739e+01	6.760874e+00	-7.345851e+01	2.240344e+01	169
5.627700e+04	1.634463e+01	2.000026e+01	3.034694e-01	6.980300e+00	1.989977e+01	6.801818e+00	-7.345851e+01	2.240247e+01	170
5.661000e+04	1.631907e+01	2.000026e+01	3.055506e-01	7.022746e+00	1.994202e+01	6.842776e+00	-7.345851e+01	2.240153e+01	171
5.694300e+04	1.628835e+01	2.000026e+01	3.076339e-01	7.065206e+00	1.998411e+01	6.883747e+00	-7.345851e+01	2.240062e+01	172
5.727600e+04	1.626279e+01	2.000026e+01	3.097192e-01	7.107678e+00	2.002607e+01	6.924730e+00	-7.345851e+01	2.239973e+01	173
5.760900e+04	1.623722e+01	2.000026e+01	3.118064e-01	7.150164e+00	2.006788e+01	6.965726e+00	-7.345851e+01	2.239887e+01	174
5.794200e+04	1.621165e+01	2.000025e+01	3.138956e-01	7.192661e+00	2.010956e+01	7.006735e+00	-7.345851e+01	2.239804e+01	175
5.827500e+04	1.618607e+01	2.000025e+01	3.159867e-01	7.235171e+00	2.015109e+01	7.047756e+00	-7.345851e+01	2.239724e+01	176
5.860800e+04	1.615533e+01	2.000025e+01	3.180796e-01	7.277692e+00	2.019248e+01	7.088788e+00	-7.345851e+01	2.239645e+01	177
5.894100e+04	1.612975e+01	2.000025e+01	3.201743e-01	7.320225e+00	2.023374e+01	7.129831e+00	-7.345851e+01	2.239570e+01	178
5.927400e+04	1.610416e+01	2.000025e+01	3.222708e-01	7.362770e+00	2.027486e+01	7.170886e+00	-7.345851e+01	2.239496e+01	179
5.960700e+04	1.607857e+01	2.000025e+01	3.243691e-01	7.405325e+00	2.031584e+01	7.211951e+00	-7.345851e+01	2.239426e+01	180
5.994000e+04	1.605298e+01	2.000025e+01	3.264690e-01	7.447891e+00	2.035669e+01	7.253027e+00	-7.345851e+01	2.239357e+01	181
6.027300e+04	1.602738e+01	2.000025e+01	3.285706e-01	7.490468e+00	2.039741e+01	7.294113e+00	-7.345851e+01	2.239291e+01	182
6.060600e+04	1.600693e+01	2.000025e+01	3.306738e-01	7.533054e+00	2.043799e+01	7.335209e+00	-7.345851e+01	2.239227e+01	183
6.093900e+04	1.598133e+01	2.000025e+01	3.327786e-01	7.575651e+00	2.047844e+01	7.376315e+00	-7.345851e+01	2.239165e+01	184
6.127200e+04	1.595573e+01	2.000025e+01	3.348849e-01	7.618257e+00	2.051876e+01	7.417430e+00	-7.345851e+01	2.239106e+01	185
6.160500e+04	1.593012e+01	2.000025e+01	3.369927e-01	7.660873e+00	2.055895e+01	7.458554e+00	-7.345851e+01	2.239048e+01	186
6.193800e+04	1.590966e+01	2.000024e+01	3.391020e-01	7.703498e+00	2.059901e+01	7.499688e+00	-7.345851e+01	2.238993e+01	187
6.227100e+04	1.588406e+01	2.000024e+01	3.412128e-01	7.746132e+00	2.063894e+01	7.540829e+00	-7.345851e+01	2.238940e+01	188
6.260400e+04	1.585845e+01	2.000024e+01	3.433249e-01	7.788775e+00	2.067874e+01	7.581980e+00	-7.345851e+01	2.238889e+01	189
6.293700e+04	1.583798e+01	2.000024e+01	3.454384e-01	7.831426e+00	2.071842e+01	7.623138e+00	-7.345851e+01	2.238840e+01	190
6.327000e+04	1.581237e+01	2.000024e+01	3.475532e-01	7.874085e+00	2.075797e+01	7.664304e+00	-7.345851e+01	2.238793e+01	191
6.360300e+04	1.579190e+01	2.000024e+01	3.496693e-01	7.916752e+00	2.079739e+01	7.705478e+00	-7.345851e+01	2.238748e+01	192
6.393600e+04	1.576629e+01	2.000024e+01	3.517866e-01	7.959428e+00	2.083669e+01	7.746659e+00	-7.345851e+01	2.238705e+01	193
6.426900e+04	1.574581e+01	2.000024e+01	3.539052e-01	8.002110e+00	2.087587e+01	7.787848e+00	-7.345851e+01	2.238664e+01	194
6.460200e+04	1.572020e+01	2.000024e+01	3.560249e-01	8.044800e+00	2.091492e+01	7.829043e+00	-7.345851e+01	2.238624e+01	195
6.493500e+04	1.569972e+01	2.000024e+01	3.581458e-01	8.087498e+00	2.095385e+01	7.870245e+00	-7.345851e+01	2.238587e+01	196
6.526800e+04	1.567925e+01	2.000024e+01	3.602677e-01	8.130202e+00	2.099267e+01	7.911454e+00	-7.345851e+01	2.238551e+01	197
6.560100e+04	1.565363e+01	2.000023e+01	3.623908e-01	8.172912e+00	2.103136e+01	7.952669e+00	-7.345851e+01	2.238517e+01	198
6.593400e+04	1.563316e+01	2.000023e+01	3.645148e-01	8.215630e+00	2.106993e+01	7.993889e+00	-7.345851e+01	2.238485e+01	199
6.626700e+04	1.561268e+01	2.000023e+01	3.666399e-01	8.258353e+00	2.110838e+01	8.035116e+00	-7.345851e+01	2.238454e+01	200
6.660000e+04	1.559220e+01	2.000023e+01	3.687659e-01	8.301083e+00	2.114672e+01	8.076348e+00	-7.345851e+01	2.238425e+01	201
6.693300e+04	1.557172e+01	2.000023e+01	3.708929e-01	8.343819e+00	2.118494e+01	8.117586e+00	-7.345851e+01	2.238398e+01	202
6.726600e+04	1.554611e+01	2.000023e+01	3.730208e-01	8.386560e+00	2.122304e+01	8.158829e+00	-7.345851e+01	2.238373e+01	203
6.759900e+04	1.552563e+01	2.000023e+01	3.751495e-01	8.429307e+00	2.126102e+01	8.200077e+00	-7.345851e+01	2.238349e+01	204
6.793200e+04	1.550515e+01	2.000023e+01	3.772790e-01	8.472058e+00	2.129889e+01	8.241330e+00	-7.345851e+01	2.238326e+01	205
6.826500e+04	1.548467e+01	2.000023e+01	3.794094e-01	8.514816e+00	2.133665e+01	8.282587e+00	-7.345851e+01	2.238306e+01	206
6.859800e+04	1.546419e+01	2.000022e+01	3.815405e-01	8.557578e+00	2.137429e+01	8.323849e+00	-7.345851e+01	2.238286e+01	207
6.893100e+04	1.544371e+01	2.000022e+01	3.836723e-01	8.600344e+00	2.141183e+01	8.365115e+00	-7.345851e+01	2.238269e+01	208
6.926400e+04	1.542323e+01	2.000022e+01	3.858049e-01	8.643116e+00	2.144924e+01	8.406385e+00	-7.345851e+01	2.238252e+01	209
6.959700e+04	1.540275e+01	2.000022e+01	3.879381e-01	8.685891e+00	2.148655e+01	8.447658e+00	-7.345851e+01	2.238238e+01	210
6.993000e+04	1.538740e+01	2.000022e+01	3.900719e-01	8.728671e+00	2.152375e+01	8.488936e+00	-7.345851e+01	2.238224e+01	211
7.026300e+04	1.536693e+01	2.000022e+01	3.922063e-01	8.771455e+00	2.156084e+01	8.530217e+00	-7.345851e+01	2.238212e+01	212
7.059600e+04	1.534645e+01	2.000022e+01	3.943413e-01	8.814242e+00	2.159781e+01	8.571501e+00	-7.345851e+01	2.238202e+01	213
7.092900e+04	1.532597e+01	2.000022e+01	3.964769e-01	8.857034e+00	2.163468e+01	8.612788e+00	-7.345851e+01	2.238193e+01	214
7.126200e+04	1.530550e+01	2.000021e+01	3.986129e-01	8.899828e+00	2.167145e+01	8.654078e+00	-7.345851e+01	2.238185e+01	215
7.159500e+04	1.529015e+01	2.000021e+01	4.007494e-01	8.942626e+00	2.170810e+01	8.695371e+00	-7.345851e+01	2.238178e+01	216
7.192800e+04	1.526967e+01	2.000021e+01	4.028864e-01	8.985428e+00	2.174465e+01	8.736667e+00	-7.345851e+01	2.238173e+01	217
7.226100e+04	1.524920e+01	2.000021e+01	4.050237e-01	9.028232e+00	2.178109e+01	8.777964e+00	-7.345851e+01	2.238169e+01	218
7.259400e+04	1.523385e+01	2.000021e+01	4.071615e-01	9.071039e+00	2.181743e+01	8.819265e+00	-7.345851e+01	2.238167e+01	219
7.292700e+04	1.521338e+01	2.000021e+01	4.092996e-01	9.113849e+00	2.185366e+01	8.860567e+00	-7.345851e+01	2.238165e+01	220
7.326000e+04	1.519803e+01	2.000021e+01	4.114380e-01	9.156661e+00	2.188979e+01	8.901871e+00	-7.345851e+01	2.238165e+01	221
7.359300e+04	1.517756e+01	2.000020e+01	4.135767e-01	9.199475e+00	2.192582e+01	8.943177e+00	-7.345851e+01	2.238166e+01	222
7.392600e+04	1.516221e+01	2.000020e+01	4.157156e-01	9.242292e+00	2.196174e+01	8.984484e+00	-7.345851e+01	2.238168e+01	223
7.425900e+04	1.514175e+01	2.000020e+01	4.178548e-01	9.285111e+00	2.199756e+01	9.025793e+00	-7.345851e+01	2.238172e+01	224
7.459200e+04	1.512640e+01	2.000020e+01	4.199942e-01	9.327931e+00	2.203328e+01	9.067104e+00	-7.345851e+01	2.238176e+01	225
7.492500e+04	1.510593e+01	2.000020e+01	4.221337e-01	9.370754e+00	2.206890e+01	9.108415e+00	-7.345851e+01	2.238182e+01	226
7.525800e+04	1.509059e+01	2.000020e+01	4.242734e-01	9.413578e+00	2.210442e+01	9.149727e+00	-7.345851e+01	2.238189e+01	227
7.559100e+04	1.507013e+01	2.000020e+01	4.264132e-01	9.456403e+00	2.213984e+01	9.191041e+00	-7.345851e+01	2.238197e+01	228
7.592400e+04	1.505478e+01	2.000019e+01	4.285531e-01	9.499230e+00	2.217516e+01	9.232354e+00	-7.345851e+01	2.238205e+01	229
7.625700e+04	1.503944e+01	2.000019e+01	4.306931e-01	9.542058e+00	2.221038e+01	9.273669e+00	-7.345851e+01	2.238215e+01	230
7.659000e+04	1.501898e+01	2.000019e+01	4.328330e-01	9.584887e+00	2.224551e+01	9.314984e+00	-7.345851e+01	2.238227e+01	231
7.692300e+04	1.500364e+01	2.000019e+01	4.349730e-01	9.627717e+00	2.228053e+01	9.356299e+00	-7.345851e+01	2.238239e+01	232
7.725600e+04	1.498830e+01	2.000019e+01	4.371129e-01	9.670547e+00	2.231547e+01	9.397614e+00	-7.345851e+01	2.238252e+01	233
7.758900e+04	1.497296e+01	2.000019e+01	4.392528e-01	9.713379e+00	2.235030e+01	9.438929e+00	-7.345851e+01	2.238266e+01	234
7.792200e+04	1.495251e+01	2.000019e+01	4.413926e-01	9.756210e+00	2.238504e+01	9.480245e+00	-7.345851e+01	2.238281e+01	235
7.825500e+04	1.493717e+01	2.000018e+01	4.435323e-01	9.799043e+00	2.241969e+01	9.521559e+00	-7.345851e+01	2.238297e+01	236
7.858800e+04	1.492184e+01	2.000018e+01	4.456718e-01	9.841875e+00	2.245424e+01	9.562874e+00	-7.345851e+01	2.238314e+01	237
7.892100e+04	1.490650e+01	2.000018e+01	4.478112e-01	9.884707e+00	2.248869e+01	9.604188e+00	-7.345851e+01	2.238332e+01	238
7.925400e+04	1.489117e+01	2.000018e+01	4.499504e-01	9.927540e+00	2.252306e+01	9.645501e+00	-7.345851e+01	2.238351e+01	239
7.958700e+04	1.487583e+01	2.000018e+01	4.520894e-01	9.970372e+00	2.255733e+01	9.686813e+00	-7.345851e+01	2.238371e+01	240
7.992000e+04	1.486050e+01	2.000018e+01	4.542281e-01	1.001320e+01	2.259151e+01	9.728125e+00	-7.345851e+01	2.238391e+01	241
8.025300e+04	1.484006e+01	2.000017e+01	4.563666e-01	1.005604e+01	2.262559e+01	9.769435e+00	-7.345851e+01	2.238413e+01	242
8.058600e+04	1.482473e+01	2.000017e+01	4.585047e-01	1.009887e+01	2.265959e+01	9.810745e+00	-7.345851e+01	2.238435e+01	243
8.091900e+04	1.480940e+01	2.000017e+01	4.606426e-01	1.014170e+01	2.269349e+01	9.852053e+00	-7.345851e+01	2.238458e+01	244
8.125200e+04	1.479408e+01	2.000017e+01	4.627800e-01	1.018453e+01	2.272731e+01	9.893360e+00	-7.345851e+01	2.238482e+01	245
8.158500e+04	1.477875e+01	2.000017e+01	4.649172e-01	1.022736e+01	2.276104e+01	9.934665e+00	-7.345851e+01	2.238507e+01	246
8.191800e+04	1.476343e+01	2.000017e+01	4.670539e-01	1.027018e+01	2.279467e+01	9.975968e+00	-7.345851e+01	2.238533e+01	247
8.225100e+04	1.475320e+01	2.000016e+01	4.691902e-01	1.031301e+01	2.282822e+01	1.001727e+01	-7.345851e+01	2.238560e+01	248
8.258400e+04	1.473788e+01	2.000016e+01	4.713260e-01	1.035583e+01	2.286168e+01	1.005857e+01	-7.345851e+01	2.238587e+01	249
8.291700e+04	1.472256e+01	2.000016e+01	4.734614e-01	1.039866e+01	2.289505e+01	1.009987e+01	-7.345851e+01	2.238615e+01	250
8.325000e+04	1.470724e+01	2.000016e+01	4.755963e-01	1.044148e+01	2.292834e+01	1.014116e+01	-7.345851e+01	2.238644e+01	251
8.358300e+04	1.469192e+01	2.000016e+01	4.777307e-01	1.048430e+01	2.296154e+01	1.018246e+01	-7.345851e+01	2.238673e+01	252
8.391600e+04	1.467661e+01	2.000016e+01	4.798645e-01	1.052712e+01	2.299465e+01	1.022375e+01	-7.345851e+01	2.238704e+01	253
8.424900e+04	1.466129e+01	2.000015e+01	4.819978e-01	1.056994e+01	2.302768e+01	1.026504e+01	-7.345851e+01	2.238735e+01	254
8.458200e+04	1.465107e+01	2.000015e+01	4.841304e-01	1.061276e+01	2.306062e+01	1.030632e+01	-7.345851e+01	2.238767e+01	255
8.491500e+04	1.463576e+01	2.000015e+01	4.862625e-01	1.065557e+01	2.309348e+01	1.034761e+01	-7.345851e+01	2.238799e+01	256
8.524800e+04	1.462045e+01	2.000015e+01	4.883939e-01	1.069838e+01	2.312626e+01	1.038889e+01	-7.345851e+01	2.238832e+01	257
8.558100e+04	1.460514e+01	2.000015e+01	4.905247e-01	1.074119e+01	2.315895e+01	1.043017e+01	-7.345851e+01	2.238866e+01	258
8.591400e+04	1.459493e+01	2.000015e+01	4.926548e-01	1.078400e+01	2.319155e+01	1.047144e+01	-7.345851e+01	2.238901e+01	259
8.624700e+04	1.457962e+01	2.000014e+01	4.947841e-01	1.082680e+01	2.322408e+01	1.051272e+01	-7.345851e+01	2.238936e+01	260
8.658000e+04	1.456432e+01	2.000014e+01	4.969128e-01	1.086961e+01	2.325652e+01	1.055398e+01	-7.345851e+01	2.238972e+01	261
8.691300e+04	1.454901e+01	2.000014e+01	4.990407e-01	1.091241e+01	2.328888e+01	1.059525e+01	-7.345851e+01	2.239008e+01	262
8.724600e+04	1.453880e+01	2.000014e+01	5.011678e-01	1.095520e+01	2.332116e+01	1.063651e+01	-7.345851e+01	2.239046e+01	263
8.757900e+04	1.452350e+01	2.000014e+01	5.032942e-01	1.099800e+01	2.335336e+01	1.067777e+01	-7.345851e+01	2.239083e+01	264
8.791200e+04	1.451329e+01	2.000013e+01	5.054197e-01	1.104079e+01	2.338548e+01	1.071903e+01	-7.345851e+01	2.239122e+01	265
8.824500e+04	1.449800e+01	2.000013e+01	5.075444e-01	1.108358e+01	2.341751e+01	1.076028e+01	-7.345851e+01	2.239161e+01	266
8.857800e+04	1.448270e+01	2.000013e+01	5.096682e-01	1.112636e+01	2.344947e+01	1.080153e+01	-7.345851e+01	2.239200e+01	267
8.891100e+04	1.447250e+01	2.000013e+01	5.117912e-01	1.116915e+01	2.348135e+01	1.084277e+01	-7.345851e+01	2.239240e+01	268
8.924400e+04	1.445720e+01	2.000013e+01	5.139133e-01	1.121193e+01	2.351315e+01	1.088402e+01	-7.345851e+01	2.239281e+01	269
8.957700e+04	1.444700e+01	2.000012e+01	5.160344e-01	1.125470e+01	2.354487e+01	1.092525e+01	-7.345851e+01	2.239322e+01	270
8.991000e+04	1.443171e+01	2.000012e+01	5.181546e-01	1.129747e+01	2.357652e+01	1.096649e+01	-7.345851e+01	2.239364e+01	271
9.024300e+04	1.442151e+01	2.000012e+01	5.202739e-01	1.134024e+01	2.360808e+01	1.100771e+01	-7.345851e+01	2.239407e+01	272
9.057600e+04	1.440622e+01	2.000012e+01	5.223922e-01	1.138301e+01	2.363957e+01	1.104894e+01	-7.345851e+01	2.239450e+01	273
9.090900e+04	1.439602e+01	2.000012e+01	5.245095e-01	1.142577e+01	2.367098e+01	1.109016e+01	-7.345851e+01	2.239493e+01	274
9.124200e+04	1.438074e+01	2.000011e+01	5.266257e-01	1.146853e+01	2.370232e+01	1.113138e+01	-7.345851e+01	2.239537e+01	275
9.157500e+04	1.437054e+01	2.000011e+01	5.287409e-01	1.151128e+01	2.373358e+01	1.117259e+01	-7.345851e+01	2.239582e+01	276
9.190800e+04	1.435526e+01	2.000011e+01	5.308551e-01	1.155403e+01	2.376477e+01	1.121379e+01	-7.345851e+01	2.239627e+01	277
9.224100e+04	1.434507e+01	2.000011e+01	5.329682e-01	1.159678e+01	2.379587e+01	1.125500e+01	-7.345851e+01	2.239672e+01	278
9.257400e+04	1.433487e+01	2.000011e+01	5.350802e-01	1.163952e+01	2.382691e+01	1.129620e+01	-7.345851e+01	2.239718e+01	279
9.290700e+04	1.431960e+01	2.000010e+01	5.371911e-01	1.168226e+01	2.385787e+01	1.133739e+01	-7.345851e+01	2.239765e+01	280
9.324000e+04	1.430940e+01	2.000010e+01	5.393009e-01	1.172500e+01	2.388876e+01	1.137858e+01	-7.345851e+01	2.239812e+01	281
9.357300e+04	1.429413e+01	2.000010e+01	5.414095e-01	1.176773e+01	2.391957e+01	1.141976e+01	-7.345851e+01	2.239859e+01	282
9.390600e+04	1.428394e+01	2.000010e+01	5.435169e-01	1.181045e+01	2.395031e+01	1.146094e+01	-7.345851e+01	2.239907e+01	283
9.423900e+04	1.427375e+01	2.000010e+01	5.456232e-01	1.185317e+01	2.398098e+01	1.150211e+01	-7.345851e+01	2.239955e+01	284
9.457200e+04	1.425848e+01	2.000009e+01	5.477282e-01	1.189589e+01	2.401157e+01	1.154328e+01	-7.345851e+01	2.240004e+01	285
9.490500e+04	1.424830e+01	2.000009e+01	5.498321e-01	1.193860e+01	2.404209e+01	1.158444e+01	-7.345851e+01	2.240054e+01	286
9.523800e+04	1.423811e+01	2.000009e+01	5.519347e-01	1.198131e+01	2.407254e+01	1.162560e+01	-7.345851e+01	2.240103e+01	287
9.557100e+04	1.422793e+01	2.000009e+01	5.540360e-01	1.202401e+01	2.410292e+01	1.166675e+01	-7.345851e+01	2.240153e+01	288
9.590400e+04	1.421266e+01	2.000009e+01	5.561361e-01	1.206671e+01	2.413323e+01	1.170790e+01	-7.345851e+01	2.240204e+01	289
9.623700e+04	1.420248e+01	2.000008e+01	5.582349e-01	1.210940e+01	2.416347e+01	1.174904e+01	-7.345851e+01	2.240255e+01	290
9.657000e+04	1.419230e+01	2.000008e+01	5.603323e-01	1.215209e+01	2.419364e+01	1.179018e+01	-7.345851e+01	2.240306e+01	291
9.690300e+04	1.418212e+01	2.000008e+01	5.624285e-01	1.219477e+01	2.422374e+01	1.183131e+01	-7.345851e+01	2.240358e+01	292
9.723600e+04	1.416686e+01	2.000008e+01	5.645233e-01	1.223745e+01	2.425376e+01	1.187243e+01	-7.345851e+01	2.240410e+01	293
9.756900e+04	1.415668e+01	2.000008e+01	5.666167e-01	1.228012e+01	2.428372e+01	1.191355e+01	-7.345851e+01	2.240463e+01	294
9.790200e+04	1.414651e+01	2.000007e+01	5.687088e-01	1.232279e+01	2.431361e+01	1.195466e+01	-7.345851e+01	2.240516e+01	295
9.823500e+04	1.413633e+01	2.000007e+01	5.707995e-01	1.236545e+01	2.434344e+01	1.199577e+01	-7.345851e+01	2.240569e+01	296
9.856800e+04	1.412615e+01	2.000007e+01	5.728888e-01	1.240811e+01	2.437319e+01	1.203687e+01	-7.345851e+01	2.240623e+01	297
9.890100e+04	1.411598e+01	2.000007e+01	5.749767e-01	1.245076e+01	2.440287e+01	1.207797e+01	-7.345851e+01	2.240677e+01	298
9.923400e+04	1.410073e+01	2.000006e+01	5.770631e-01	1.249340e+01	2.443249e+01	1.211906e+01	-7.345851e+01	2.240731e+01	299
9.956700e+04	1.409056e+01	2.000006e+01	5.791481e-01	1.253604e+01	2.446204e+01	1.216014e+01	-7.345851e+01	2.240786e+01	300
9.990000e+04	1.408039e+01	2.000006e+01	5.812316e-01	1.257868e+01	2.449153e+01	1.220122e+01	-7.345851e+01	2.240841e+01	301
1.002330e+05	1.407022e+01	2.000006e+01	5.833136e-01	1.262130e+01	2.452095e+01	1.224229e+01	-7.345851e+01	2.240896e+01	302
1.005660e+05	1.406005e+01	2.000006e+01	5.853941e-01	1.266393e+01	2.455030e+01	1.228335e+01	-7.345851e+01	2.240952e+01	303
1.008990e+05	1.404988e+01	2.000005e+01	5.874732e-01	1.270654e+01	2.457958e+01	1.232441e+01	-7.345851e+01	2.241008e+01	304
1.012320e+05	1.403971e+01	2.000005e+01	5.895507e-01	1.274916e+01	2.460880e+01	1.236546e+01	-7.345851e+01	2.241065e+01	305
1.015650e+05	1.402954e+01	2.000005e+01	5.916266e-01	1.279176e+01	2.463796e+01	1.240650e+01	-7.345851e+01	2.241121e+01	306
1.018980e+05	1.401938e+01	2.000005e+01	5.937010e-01	1.283436e+01	2.466705e+01	1.244754e+01	-7.345851e+01	2.241178e+01	307
1.022310e+05	1.400921e+01	2.000004e+01	5.957739e-01	1.287695e+01	2.469608e+01	1.248857e+01	-7.345851e+01	2.241236e+01	308
1.025640e+05	1.399905e+01	2.000004e+01	5.978451e-01	1.291954e+01	2.472504e+01	1.252960e+01	-7.345851e+01	2.241293e+01	309
1.028970e+05	1.398888e+01	2.000004e+01	5.999148e-01	1.296212e+01	2.475393e+01	1.257062e+01	-7.345851e+01	2.241351e+01	310
1.032300e+05	1.397872e+01	2.000004e+01	6.019828e-01	1.300470e+01	2.478277e+01	1.261163e+01	-7.345851e+01	2.241410e+01	311
1.035630e+05	1.396856e+01	2.000003e+01	6.040493e-01	1.304726e+01	2.481154e+01	1.265263e+01	-7.345851e+01	2.241468e+01	312
1.038960e+05	1.395840e+01	2.000003e+01	6.061141e-01	1.308983e+01	2.484025e+01	1.269363e+01	-7.345851e+01	2.241527e+01	313
1.042290e+05	1.394824e+01	2.000003e+01	6.081772e-01	1.313238e+01	2.486889e+01	1.273462e+01	-7.345851e+01	2.241586e+01	314
1.045620e+05	1.393808e+01	2.000003e+01	6.102387e-01	1.317493e+01	2.489747e+01	1.277561e+01	-7.345851e+01	2.241646e+01	315
1.048950e+05	1.392793e+01	2.000003e+01	6.122985e-01	1.321747e+01	2.492599e+01	1.281658e+01	-7.345851e+01	2.241705e+01	316
1.052280e+05	1.391777e+01	2.000002e+01	6.143566e-01	1.326001e+01	2.495445e+01	1.285755e+01	-7.345851e+01	2.241765e+01	317
1.055610e+05	1.390762e+01	2.000002e+01	6.164130e-01	1.330254e+01	2.498285e+01	1.289851e+01	-7.345851e+01	2.241825e+01	318
1.058940e+05	1.389746e+01	2.000002e+01	6.184677e-01	1.334506e+01	2.501118e+01	1.293947e+01	-7.345851e+01	2.241886e+01	319
1.062270e+05	1.388731e+01	2.000002e+01	6.205207e-01	1.338758e+01	2.503946e+01	1.298042e+01	-7.345851e+01	2.241947e+01	320
1.065600e+05	1.387716e+01	2.000001e+01	6.225719e-01	1.343009e+01	2.506767e+01	1.302136e+01	-7.345851e+01	2.242007e+01	321
1.068930e+05	1.386701e+01	2.000001e+01	6.246214e-01	1.347259e+01	2.509582e+01	1.306229e+01	-7.345851e+01	2.242069e+01	322
1.072260e+05	1.385686e+01	2.000001e+01	6.266691e-01	1.351508e+01	2.512392e+01	1.310322e+01	-7.345851e+01	2.242130e+01	323
1.075590e+05	1.384671e+01	2.000001e+01	6.287150e-01	1.355757e+01	2.515195e+01	1.314413e+01	-7.345851e+01	2.242192e+01	324
1.078920e+05	1.383656e+01	2.000000e+01	6.307592e-01	1.360005e+01	2.517992e+01	1.318505e+01	-7.345851e+01	2.242254e+01	325
1.082250e+05	1.383147e+01	2.000000e+01	6.328016e-01	1.364253e+01	2.520784e+01	1.322595e+01	-7.345851e+01	2.242316e+01	326
1.085580e+05	1.382132e+01	2.000000e+01	6.348421e-01	1.368499e+01	2.523569e+01	1.326685e+01	-7.345851e+01	2.242378e+01	327
1.088910e+05	1.381118e+01	2.000000e+01	6.368809e-01	1.372745e+01	2.526349e+01	1.330773e+01	-7.345851e+01	2.242441e+01	328
1.092240e+05	1.380104e+01	1.999999e+01	6.389178e-01	1.376991e+01	2.529123e+01	1.334861e+01	-7.345851e+01	2.242504e+01	329
1.095570e+05	1.379089e+01	1.999999e+01	6.409528e-01	1.381235e+01	2.531891e+01	1.338949e+01	-7.345851e+01	2.242567e+01	330
1.098900e+05	1.378075e+01	1.999999e+01	6.429860e-01	1.385479e+01	2.534653e+01	1.343035e+01	-7.345851e+01	2.242630e+01	331
1.102230e+05	1.377566e+01	1.999999e+01	6.450174e-01	1.389722e+01	2.537409e+01	1.347121e+01	-7.345851e+01	2.242693e+01	332
1.105560e+05	1.376552e+01	1.999998e+01	6.470469e-01	1.393965e+01	2.540160e+01	1.351206e+01	-7.345851e+01	2.242757e+01	333
1.108890e+05	1.375538e+01	1.999998e+01	6.490744e-01	1.398206e+01	2.542905e+01	1.355290e+01	-7.345851e+01	2.242821e+01	334
1.112220e+05	1.374525e+01	1.999998e+01	6.511001e-01	1.402447e+01	2.545644e+01	1.359373e+01	-7.345851e+01	2.242885e+01	335
1.115550e+05	1.373511e+01	1.999998e+01	6.531239e-01	1.406687e+01	2.548378e+01	1.363456e+01	-7.345851e+01	2.242949e+01	336
1.118880e+05	1.373003e+01	1.999997e+01	6.551458e-01	1.410927e+01	2.551106e+01	1.367538e+01	-7.345851e+01	2.243014e+01	337
1.122210e+05	1.371989e+01	1.999997e+01	6.571657e-01	1.415165e+01	2.553828e+01	1.371618e+01	-7.345851e+01	2.243078e+01	338
1.125540e+05	1.370975e+01	1.999997e+01	6.591837e-01	1.419403e+01	2.556545e+01	1.375699e+01	-7.345851e+01	2.243143e+01	339
1.128870e+05	1.369962e+01	1.999997e+01	6.611998e-01	1.423640e+01	2.559256e+01	1.379778e+01	-7.345851e+01	2.243208e+01	340
1.132200e+05	1.369454e+01	1.999996e+01	6.632139e-01	1.427876e+01	2.561962e+01	1.383856e+01	-7.345851e+01	2.243273e+01	341
1.135530e+05	1.368441e+01	1.999996e+01	6.652261e-01	1.432112e+01	2.564662e+01	1.387934e+01	-7.345851e+01	2.243339e+01	342
1.138860e+05	1.367427e+01	1.999996e+01	6.672362e-01	1.436347e+01	2.567357e+01	1.392011e+01	-7.345851e+01	2.243404e+01	343
1.142190e+05	1.366414e+01	1.999996e+01	6.692444e-01	1.440580e+01	2.570046e+01	1.396087e+01	-7.345851e+01	2.243470e+01	344
1.145520e+05	1.365907e+01	1.999995e+01	6.712506e-01	1.444814e+01	2.572729e+01	1.400162e+01	-7.345851e+01	2.243536e+01	345
1.148850e+05	1.364894e+01	1.999995e+01	6.732548e-01	1.449046e+01	2.575408e+01	1.404236e+01	-7.345851e+01	2.243602e+01	346
1.152180e+05	1.363881e+01	1.999995e+01	6.752570e-01	1.453278e+01	2.578081e+01	1.408310e+01	-7.345851e+01	2.243668e+01	347
1.155510e+05	1.363373e+01	1.999995e+01	6.772572e-01	1.457508e+01	2.580748e+01	1.412382e+01	-7.345851e+01	2.243734e+01	348
1.158840e+05	1.362361e+01	1.999994e+01	6.792553e-01	1.461738e+01	2.583410e+01	1.416454e+01	-7.345851e+01	2.243801e+01	349
1.162170e+05	1.361348e+01	1.999994e+01	6.812514e-01	1.465967e+01	2.586067e+01	1.420525e+01	-7.345851e+01	2.243867e+01	350
1.165500e+05	1.360840e+01	1.999994e+01	6.832455e-01	1.470196e+01	2.588719e+01	1.424595e+01	-7.345851e+01	2.243934e+01	351
1.168830e+05	1.359828e+01	1.999994e+01	6.852375e-01	1.474423e+01	2.591365e+01	1.428664e+01	-7.345851e+01	2.244001e+01	352
1.172160e+05	1.358816e+01	1.999993e+01	6.872274e-01	1.478650e+01	2.594006e+01	1.432733e+01	-7.345851e+01	2.244068e+01	353
1.175490e+05	1.358308e+01	1.999993e+01	6.892153e-01	1.482876e+01	2.596642e+01	1.436800e+01	-7.345851e+01	2.244135e+01	354
1.178820e+05	1.357296e+01	1.999993e+01	6.912011e-01	1.487101e+01	2.599273e+01	1.440867e+01	-7.345851e+01	2.244202e+01	355
1.182150e+05	1.356284e+01	1.999992e+01	6.931848e-01	1.491325e+01	2.601898e+01	1.444932e+01	-7.345851e+01	2.244270e+01	356
1.185480e+05	1.355777e+01	1.999992e+01	6.951664e-01	1.495548e+01	2.604518e+01	1.448997e+01	-7.345851e+01	2.244338e+01	357
1.188810e+05	1.354765e+01	1.999992e+01	6.971459e-01	1.499771e+01	2.607133e+01	1.453061e+01	-7.345851e+01	2.244405e+01	358
1.192140e+05	1.354258e+01	1.999992e+01	6.991233e-01	1.503992e+01	2.609743e+01	1.457124e+01	-7.345851e+01	2.244473e+01	359
1.195470e+05	1.353246e+01	1.999991e+01	7.010986e-01	1.508213e+01	2.612348e+01	1.461186e+01	-7.345851e+01	2.244541e+01	360
1.198800e+05	1.352234e+01	1.999991e+01	7.030718e-01	1.512433e+01	2.614948e+01	1.465248e+01	-7.345851e+01	2.244609e+01	361
1.200000e+05	1.351727e+01	1.999991e+01	7.050428e-01	1.514738e+01	2.615532e+01	1.489877e-02	-7.345851e+01	2.244677e+01	361
