1.0000000e+00   1.0000000e+00   1.0000000e+00   1.0000000e+00   1.0000000e+00   1.0000000e+00   1.0000000e+00   1.0000000e+00   1.0000000e+00   1.0000000e+00   1.0000000e+00   1.0000000e+00   1.0000000e+00
1.5833799e+00   3.4573975e+00   1.9016542e+00   1.4359012e+00   3.1292586e+00   3.5610302e+00   1.7187296e+00   3.4872280e+00   3.0675656e+00   3.0974710e+00   2.4242215e+00   9.9457954e-01   2.6635057e+00
1.0172416e+00   3.9530388e+00   1.3982832e+00   1.1622199e+00   2.4218385e+00   3.0316017e+00   8.0580326e-01   2.3862107e+00   1.6389898e+00   1.2957412e+00   1.2646901e+00   1.5576393e+00   3.1862673e+00
1.3346395e+00   5.7305838e-01   1.8824794e+00   1.0730416e+00   2.4279253e+00   2.2169252e+00   3.8341765e+00   1.1576233e+00   1.3647763e+00   2.1120122e+00   3.3708158e+00   2.2124214e+00   2.1157516e+00
1.4038903e+00   3.6409824e+00   1.2821961e+00   3.3142900e+00   2.1265451e+00   2.4610694e+00   2.5093205e+00   3.5555451e+00   3.3153541e+00   2.1215942e+00   2.5588996e+00   1.5309852e+00   3.6609320e+00
2.0477165e+00   1.0359233e+00   1.9974952e+00   1.1648974e+00   2.5477120e+00   3.9515862e+00   3.5472402e+00   3.9785729e+00   1.2968313e+00   1.2840117e+00   8.7122693e-01   1.5772793e+00   2.3925877e+00
6.8769497e-01   1.2283716e+00   1.0249164e+00   7.6166394e-01   2.2498270e+00   7.7427240e-01   1.9228376e+00   3.6332494e+00   1.6937595e+00   2.4541370e+00   2.5558322e+00   1.9288532e+00   1.6861969e+00
1.7757259e+00   1.3022398e+00   1.4692112e+00   3.7860626e+00   1.7824024e+00   1.7685658e+00   2.7581956e+00   3.0955329e+00   3.8268051e+00   3.5101027e-01   2.5816865e+00   3.5737355e-01   2.9018707e+00
1.3153331e+00   3.3826533e+00   1.2413412e+00   1.3128384e+00   2.2934692e+00   2.1745854e+00   2.5832765e+00   1.6853402e+00   3.4316683e+00   3.0642421e+00   1.2056068e+00   2.3590083e+00   2.2268924e+00
1.5429804e+00   2.7113729e+00   1.8371115e+00   2.0123461e+00   3.6986252e+00   2.2434906e+00   2.9905583e+00   2.4459800e+00   3.0780012e+00   2.0781231e+00   3.9847582e+00   5.5125165e-01   2.2169284e+00
1.3128148e+00   3.5908550e+00   1.6300938e+00   1.5322886e+00   1.5027276e+00   2.5683878e+00   2.9238225e+00   2.2625617e+00   2.1286382e+00   1.1558886e+00   3.4007847e+00   4.3946328e-01   3.1846806e+00
1.6024548e+00   3.1745682e-01   1.2438283e+00   3.1611012e+00   2.6187994e+00   3.0197278e+00   2.0287336e+00   3.4773704e+00   1.4716919e+00   6.7627267e-01   1.3107857e+00   1.0129850e+00   2.9722180e+00
2.2388325e+00   3.2300478e+00   1.8688439e+00   3.2002556e+00   3.9033419e+00   2.7896807e+00   3.7461212e+00   2.4104637e+00   2.0404516e+00   1.6590218e+00   2.3726383e+00   3.9240063e+00   3.5085470e+00
1.2477853e+00   3.8185746e+00   1.5018837e+00   1.0807249e+00   2.2305218e+00   8.0894290e-01   2.0588147e+00   1.2306608e+00   1.5476087e+00   2.3924846e+00   7.8008110e-01   2.1269952e+00   3.3311863e+00
2.0369022e+00   1.7037066e+00   2.0736670e+00   1.5282147e+00   3.7219064e+00   3.6446873e+00   3.7361700e+00   3.6233176e+00   1.9488554e+00   2.6589261e+00   4.3185707e-01   3.0690579e+00   3.2612317e+00
1.3989681e+00   2.5382705e+00   1.0110764e+00   1.8823673e+00   3.7457028e+00   3.4934857e+00   2.3068245e+00   2.6680217e+00   2.6136221e+00   1.3836068e+00   1.1781787e+00   2.8085371e-01   3.4825073e+00
1.0778998e+00   2.7376174e+00   1.3779585e+00   3.5348555e+00   3.3723912e+00   2.8708830e+00   2.0814632e+00   2.5736810e+00   1.8739914e+00   1.7817419e+00   3.5248541e+00   3.4326180e+00   1.3548122e+00
