0.000000e+00	0.000000e+00	0.000000e+00	-2.000000e+03	2.500000e-01	1.000000e+01	2.073800e-01	1.000000e+00	0.000000e+00	1
5.000000e+02	8.697108e+01	2.180335e+02	4.794706e-02	2.564153e-01	9.994797e+00	1.639158e-01	-7.481894e+01	9.981800e+01	2
1.000000e+03	2.317718e+02	2.874555e+02	7.483908e-02	2.623547e-01	1.000023e+01	1.711117e-01	-7.481895e+01	1.078880e+02	3
1.500000e+03	2.731832e+02	2.784809e+02	9.596773e-02	2.749708e-01	1.000996e+01	1.810506e-01	-7.481895e+01	1.061336e+02	4
2.000000e+03	3.569900e+02	2.702623e+02	2.910061e-01	2.806736e-01	1.002467e+01	2.142335e-01	-7.481895e+01	1.045807e+02	5
2.500000e+03	3.719988e+02	2.402569e+02	3.290369e-01	2.983132e-01	1.004455e+01	2.308230e-01	-7.481895e+01	9.944239e+01	6
3.000000e+03	4.725822e+02	2.227766e+02	3.907639e-01	3.268163e-01	1.006573e+01	2.732996e-01	-7.481895e+01	9.650958e+01	7
3.500000e+03	0.000000e+00	8.789189e+01	5.094486e-01	2.817695e-01	1.010723e+01	4.976727e-01	-7.481895e+01	0.000000e+00	8
4.000000e+03	4.338525e+02	1.987589e+01	1.768854e-01	3.180044e-01	1.016339e+01	4.934448e-01	-7.481895e+01	3.736500e+01	9
4.500000e+03	0.000000e+00	2.668550e+01	1.818137e-01	3.625587e-01	1.021885e+01	6.750604e-01	-7.481895e+01	0.000000e+00	10
5.000000e+03	4.388868e+01	1.997022e+01	3.860045e-02	4.335862e-01	1.028042e+01	7.077130e-01	-7.481895e+01	3.139971e+01	11
5.500000e+03	4.395864e+01	2.000025e+01	4.242431e-02	5.009785e-01	1.034556e+01	7.480650e-01	-7.481895e+01	3.149634e+01	12
6.000000e+03	3.751766e+01	2.000068e+01	4.311591e-02	5.664735e-01	1.041157e+01	7.911818e-01	-7.481895e+01	3.145650e+01	13
6.500000e+03	2.935468e+01	2.000069e+01	4.393224e-02	6.300179e-01	1.047828e+01	8.351149e-01	-7.481895e+01	3.139269e+01	14
7.000000e+03	2.328346e+01	2.000061e+01	4.368536e-02	6.911978e-01	1.054594e+01	8.788011e-01	-7.481895e+01	3.132749e+01	15
7.500000e+03	2.040901e+01	2.000053e+01	4.280138e-02	7.496679e-01	1.061471e+01	9.216033e-01	-7.481895e+01	3.126767e+01	16
8.000000e+03	1.903710e+01	2.000047e+01	4.154191e-02	8.052475e-01	1.068457e+01	9.631461e-01	-7.481895e+01	3.121479e+01	17
8.500000e+03	1.830652e+01	2.000042e+01	4.008644e-02	8.579117e-01	1.075539e+01	1.003233e+00	-7.481895e+01	3.116877e+01	18
9.000000e+03	1.787628e+01	2.000037e+01	3.856365e-02	9.077530e-01	1.082699e+01	1.041798e+00	-7.481895e+01	3.112909e+01	19
9.500000e+03	1.759616e+01	2.000033e+01	3.706383e-02	9.549437e-01	1.089918e+01	1.078862e+00	-7.481895e+01	3.109520e+01	20
1.000000e+04	1.740110e+01	2.000030e+01	3.564573e-02	9.997026e-01	1.097180e+01	1.114509e+00	-7.481895e+01	3.106650e+01	21
1.050000e+04	1.725605e+01	2.000028e+01	3.629447e-02	1.042271e+00	1.104469e+01	1.148853e+00	-7.481895e+01	3.104239e+01	22
1.100000e+04	1.714602e+01	2.000025e+01	3.715414e-02	1.082895e+00	1.111770e+01	1.182027e+00	-7.481895e+01	3.102230e+01	23
1.150000e+04	1.705600e+01	2.000023e+01	3.803562e-02	1.121811e+00	1.119072e+01	1.214169e+00	-7.481895e+01	3.100569e+01	24
1.200000e+04	1.698598e+01	2.000022e+01	3.893454e-02	1.159242e+00	1.126364e+01	1.245411e+00	-7.481895e+01	3.099209e+01	25
1.250000e+04	1.692096e+01	2.000020e+01	3.984807e-02	1.195392e+00	1.133637e+01	1.275875e+00	-7.481895e+01	3.098107e+01	26
1.300000e+04	1.687094e+01	2.000019e+01	4.077427e-02	1.230440e+00	1.140884e+01	1.305675e+00	-7.481895e+01	3.097225e+01	27
1.350000e+04	1.682593e+01	2.000018e+01	4.171181e-02	1.264549e+00	1.148100e+01	1.334911e+00	-7.481895e+01	3.096532e+01	28
1.400000e+04	1.678592e+01	2.000018e+01	4.265974e-02	1.297856e+00	1.155279e+01	1.363669e+00	-7.481895e+01	3.095999e+01	29
1.450000e+04	1.675091e+01	2.000017e+01	4.361734e-02	1.330483e+00	1.162417e+01	1.392025e+00	-7.481895e+01	3.095602e+01	30
1.500000e+04	1.671589e+01	2.000016e+01	4.458409e-02	1.362532e+00	1.169512e+01	1.420045e+00	-7.481895e+01	3.095323e+01	31
1.550000e+04	1.669088e+01	2.000016e+01	4.555957e-02	1.394090e+00	1.176560e+01	1.447783e+00	-7.481895e+01	3.095142e+01	32
1.600000e+04	1.666587e+01	2.000016e+01	4.654342e-02	1.425232e+00	1.183561e+01	1.475286e+00	-7.481895e+01	3.095047e+01	33
1.650000e+04	1.664086e+01	2.000015e+01	4.753536e-02	1.456021e+00	1.190511e+01	1.502593e+00	-7.481895e+01	3.095024e+01	34
1.700000e+04	1.662085e+01	2.000015e+01	4.853515e-02	1.486508e+00	1.197412e+01	1.529735e+00	-7.481895e+01	3.095064e+01	35
1.750000e+04	1.660084e+01	2.000015e+01	4.954256e-02	1.516737e+00	1.204260e+01	1.556741e+00	-7.481895e+01	3.095157e+01	36
1.800000e+04	1.658083e+01	2.000015e+01	5.055741e-02	1.546746e+00	1.211057e+01	1.583632e+00	-7.481895e+01	3.095297e+01	37
1.850000e+04	1.656583e+01	2.000015e+01	5.157952e-02	1.576564e+00	1.217802e+01	1.610427e+00	-7.481895e+01	3.095478e+01	38
1.900000e+04	1.655082e+01	2.000015e+01	5.260873e-02	1.606216e+00	1.224495e+01	1.637140e+00	-7.481895e+01	3.095694e+01	39
1.950000e+04	1.653581e+01	2.000015e+01	5.364488e-02	1.635725e+00	1.231135e+01	1.663784e+00	-7.481895e+01	3.095941e+01	40
2.000000e+04	1.652580e+01	2.000015e+01	5.468783e-02	1.665106e+00	1.237723e+01	1.690368e+00	-7.481895e+01	3.096215e+01	41
2.050000e+04	1.651079e+01	2.000015e+01	5.573744e-02	1.694375e+00	1.244260e+01	1.716901e+00	-7.481895e+01	3.096513e+01	42
2.100000e+04	1.650079e+01	2.000015e+01	5.679359e-02	1.723543e+00	1.250745e+01	1.743388e+00	-7.481895e+01	3.096833e+01	43
2.150000e+04	1.649078e+01	2.000015e+01	5.785616e-02	1.752621e+00	1.257179e+01	1.769835e+00	-7.481895e+01	3.097173e+01	44
2.200000e+04	1.648077e+01	2.000015e+01	5.892502e-02	1.781615e+00	1.263562e+01	1.796245e+00	-7.481895e+01	3.097530e+01	45
2.250000e+04	1.647076e+01	2.000015e+01	6.000005e-02	1.810533e+00	1.269895e+01	1.822622e+00	-7.481895e+01	3.097903e+01	46
2.300000e+04	1.646576e+01	2.000015e+01	6.108116e-02	1.839380e+00	1.276178e+01	1.848967e+00	-7.481895e+01	3.098290e+01	47
2.350000e+04	1.645575e+01	2.000015e+01	6.216822e-02	1.868161e+00	1.282412e+01	1.875282e+00	-7.481895e+01	3.098691e+01	48
2.400000e+04	1.645075e+01	2.000015e+01	6.326114e-02	1.896879e+00	1.288597e+01	1.901569e+00	-7.481895e+01	3.099104e+01	49
2.450000e+04	1.644574e+01	2.000015e+01	6.435981e-02	1.925536e+00	1.294735e+01	1.927827e+00	-7.481895e+01	3.099528e+01	50
2.500000e+04	1.644074e+01	2.000015e+01	6.546413e-02	1.954136e+00	1.300824e+01	1.954058e+00	-7.481895e+01	3.099962e+01	51
2.550000e+04	1.643573e+01	2.000015e+01	6.657401e-02	1.982680e+00	1.306867e+01	1.980261e+00	-7.481895e+01	3.100407e+01	52
2.600000e+04	1.643072e+01	2.000015e+01	6.768936e-02	2.011169e+00	1.312863e+01	2.006437e+00	-7.481895e+01	3.100860e+01	53
2.650000e+04	1.642572e+01	2.000015e+01	6.881007e-02	2.039605e+00	1.318813e+01	2.032585e+00	-7.481895e+01	3.101322e+01	54
2.700000e+04	1.642572e+01	2.000016e+01	6.993606e-02	2.067988e+00	1.324718e+01	2.058704e+00	-7.481895e+01	3.101792e+01	55
2.750000e+04	1.642071e+01	2.000016e+01	7.106725e-02	2.096320e+00	1.330577e+01	2.084794e+00	-7.481895e+01	3.102269e+01	56
2.800000e+04	1.642071e+01	2.000016e+01	7.220355e-02	2.124600e+00	1.336393e+01	2.110855e+00	-7.481895e+01	3.102754e+01	57
2.850000e+04	1.641570e+01	2.000016e+01	7.334487e-02	2.152829e+00	1.342165e+01	2.136885e+00	-7.481895e+01	3.103245e+01	58
2.900000e+04	1.641570e+01	2.000016e+01	7.449114e-02	2.181007e+00	1.347894e+01	2.162884e+00	-7.481895e+01	3.103743e+01	59
2.950000e+04	1.641569e+01	2.000016e+01	7.564226e-02	2.209134e+00	1.353580e+01	2.188852e+00	-7.481895e+01	3.104246e+01	60
3.000000e+04	1.641569e+01	2.000016e+01	7.679818e-02	2.237210e+00	1.359223e+01	2.214786e+00	-7.481895e+01	3.104756e+01	61
3.050000e+04	1.641568e+01	2.000016e+01	7.795880e-02	2.265235e+00	1.364826e+01	2.240687e+00	-7.481895e+01	3.105271e+01	62
3.100000e+04	1.641568e+01	2.000016e+01	7.912406e-02	2.293209e+00	1.370387e+01	2.266553e+00	-7.481895e+01	3.105791e+01	63
3.150000e+04	1.641568e+01	2.000017e+01	8.029388e-02	2.321132e+00	1.375907e+01	2.292384e+00	-7.481895e+01	3.106316e+01	64
3.200000e+04	1.642067e+01	2.000017e+01	8.146820e-02	2.349002e+00	1.381388e+01	2.318179e+00	-7.481895e+01	3.106846e+01	65
3.250000e+04	1.642067e+01	2.000017e+01	8.264693e-02	2.376821e+00	1.386829e+01	2.343936e+00	-7.481895e+01	3.107381e+01	66
3.300000e+04	1.642567e+01	2.000017e+01	8.383003e-02	2.404587e+00	1.392230e+01	2.369655e+00	-7.481895e+01	3.107919e+01	67
3.350000e+04	1.642566e+01	2.000017e+01	8.501741e-02	2.432301e+00	1.397593e+01	2.395335e+00	-7.481895e+01	3.108462e+01	68
3.400000e+04	1.643066e+01	2.000017e+01	8.620902e-02	2.459961e+00	1.402918e+01	2.420975e+00	-7.481895e+01	3.109009e+01	69
3.450000e+04	1.643066e+01	2.000017e+01	8.740479e-02	2.487567e+00	1.408206e+01	2.446574e+00	-7.481895e+01	3.109560e+01	70
3.500000e+04	1.643566e+01	2.000018e+01	8.860466e-02	2.515120e+00	1.413455e+01	2.472132e+00	-7.481895e+01	3.110115e+01	71
3.550000e+04	1.644065e+01	2.000018e+01	8.980857e-02	2.542618e+00	1.418669e+01	2.497646e+00	-7.481895e+01	3.110673e+01	72
3.600000e+04	1.644565e+01	2.000018e+01	9.101647e-02	2.570062e+00	1.423845e+01	2.523118e+00	-7.481895e+01	3.111235e+01	73
3.650000e+04	1.645065e+01	2.000018e+01	9.222829e-02	2.597450e+00	1.428986e+01	2.548544e+00	-7.481895e+01	3.111799e+01	74
3.700000e+04	1.645565e+01	2.000018e+01	9.344398e-02	2.624782e+00	1.434092e+01	2.573926e+00	-7.481895e+01	3.112367e+01	75
3.750000e+04	1.646064e+01	2.000018e+01	9.466349e-02	2.652058e+00	1.439162e+01	2.599262e+00	-7.481895e+01	3.112939e+01	76
3.800000e+04	1.646564e+01	2.000018e+01	9.588677e-02	2.679277e+00	1.444197e+01	2.624550e+00	-7.481895e+01	3.113513e+01	77
3.850000e+04	1.647064e+01	2.000019e+01	9.711375e-02	2.706439e+00	1.449199e+01	2.649791e+00	-7.481895e+01	3.114090e+01	78
3.900000e+04	1.648064e+01	2.000019e+01	9.834440e-02	2.733543e+00	1.454166e+01	2.674984e+00	-7.481895e+01	3.114669e+01	79
3.950000e+04	1.648564e+01	2.000019e+01	9.957866e-02	2.760589e+00	1.459100e+01	2.700127e+00	-7.481895e+01	3.115252e+01	80
4.000000e+04	1.649564e+01	2.000019e+01	1.008165e-01	2.787576e+00	1.464001e+01	2.725220e+00	-7.481895e+01	3.115836e+01	81
4.050000e+04	1.650063e+01	2.000019e+01	1.020578e-01	2.814504e+00	1.468870e+01	2.750262e+00	-7.481895e+01	3.116424e+01	82
4.100000e+04	1.651063e+01	2.000019e+01	1.033027e-01	2.841372e+00	1.473706e+01	2.775252e+00	-7.481895e+01	3.117014e+01	83
4.150000e+04	1.651563e+01	2.000020e+01	1.045509e-01	2.868180e+00	1.478510e+01	2.800190e+00	-7.481895e+01	3.117606e+01	84
4.200000e+04	1.652563e+01	2.000020e+01	1.058026e-01	2.894927e+00	1.483282e+01	2.825075e+00	-7.481895e+01	3.118201e+01	85
4.250000e+04	1.653563e+01	2.000020e+01	1.070576e-01	2.921613e+00	1.488023e+01	2.849906e+00	-7.481895e+01	3.118798e+01	86
4.300000e+04	1.654063e+01	2.000020e+01	1.083159e-01	2.948237e+00	1.492734e+01	2.874682e+00	-7.481895e+01	3.119397e+01	87
4.350000e+04	1.655063e+01	2.000020e+01	1.095775e-01	2.974800e+00	1.497414e+01	2.899402e+00	-7.481895e+01	3.119998e+01	88
4.400000e+04	1.656063e+01	2.000020e+01	1.108423e-01	3.001299e+00	1.502063e+01	2.924066e+00	-7.481895e+01	3.120601e+01	89
4.450000e+04	1.657063e+01	2.000020e+01	1.121103e-01	3.027735e+00	1.506683e+01	2.948674e+00	-7.481895e+01	3.121207e+01	90
4.500000e+04	1.658063e+01	2.000021e+01	1.133815e-01	3.054108e+00	1.511274e+01	2.973223e+00	-7.481895e+01	3.121814e+01	91
4.550000e+04	1.659063e+01	2.000021e+01	1.146558e-01	3.080416e+00	1.515835e+01	2.997715e+00	-7.481895e+01	3.122423e+01	92
4.600000e+04	1.660563e+01	2.000021e+01	1.159332e-01	3.106660e+00	1.520367e+01	3.022147e+00	-7.481895e+01	3.123035e+01	93
4.650000e+04	1.661563e+01	2.000021e+01	1.172136e-01	3.132838e+00	1.524871e+01	3.046519e+00	-7.481895e+01	3.123648e+01	94
4.700000e+04	1.662563e+01	2.000021e+01	1.184971e-01	3.158951e+00	1.529346e+01	3.070831e+00	-7.481895e+01	3.124263e+01	95
4.750000e+04	1.663562e+01	2.000022e+01	1.197836e-01	3.184997e+00	1.533794e+01	3.095082e+00	-7.481895e+01	3.124880e+01	96
4.800000e+04	1.665063e+01	2.000022e+01	1.210731e-01	3.210977e+00	1.538214e+01	3.119270e+00	-7.481895e+01	3.125499e+01	97
4.850000e+04	1.666062e+01	2.000022e+01	1.223655e-01	3.236889e+00	1.542606e+01	3.143396e+00	-7.481895e+01	3.126120e+01	98
4.900000e+04	1.667563e+01	2.000022e+01	1.236609e-01	3.262734e+00	1.546972e+01	3.167459e+00	-7.481895e+01	3.126742e+01	99
4.950000e+04	1.668563e+01	2.000022e+01	1.249591e-01	3.288510e+00	1.551310e+01	3.191458e+00	-7.481895e+01	3.127367e+01	100
5.000000e+04	1.670063e+01	2.000022e+01	1.262602e-01	3.314217e+00	1.555623e+01	3.215391e+00	-7.481895e+01	3.127993e+01	101
5.050000e+04	1.671563e+01	2.000023e+01	1.275642e-01	3.339855e+00	1.559909e+01	3.239260e+00	-7.481895e+01	3.128621e+01	102
5.100000e+04	1.672563e+01	2.000023e+01	1.288710e-01	3.365424e+00	1.564169e+01	3.263062e+00	-7.481895e+01	3.129251e+01	103
5.150000e+04	1.674063e+01	2.000023e+01	1.301806e-01	3.390921e+00	1.568403e+01	3.286798e+00	-7.481895e+01	3.129883e+01	104
5.200000e+04	1.675563e+01	2.000023e+01	1.314929e-01	3.416348e+00	1.572612e+01	3.310466e+00	-7.481895e+01	3.130516e+01	105
5.250000e+04	1.677063e+01	2.000023e+01	1.328081e-01	3.441703e+00	1.576796e+01	3.334066e+00	-7.481895e+01	3.131151e+01	106
5.300000e+04	1.678563e+01	2.000024e+01	1.341260e-01	3.466987e+00	1.580954e+01	3.357597e+00	-7.481895e+01	3.131788e+01	107
5.350000e+04	1.680063e+01	2.000024e+01	1.354466e-01	3.492197e+00	1.585089e+01	3.381058e+00	-7.481895e+01	3.132427e+01	108
5.400000e+04	1.681563e+01	2.000024e+01	1.367700e-01	3.517335e+00	1.589198e+01	3.404449e+00	-7.481895e+01	3.133068e+01	109
5.450000e+04	1.683063e+01	2.000024e+01	1.380960e-01	3.542399e+00	1.593284e+01	3.427768e+00	-7.481895e+01	3.133710e+01	110
5.500000e+04	1.684564e+01	2.000024e+01	1.394248e-01	3.567388e+00	1.597346e+01	3.451017e+00	-7.481895e+01	3.134355e+01	111
5.550000e+04	1.686564e+01	2.000024e+01	1.407562e-01	3.592303e+00	1.601384e+01	3.474192e+00	-7.481895e+01	3.135001e+01	112
5.600000e+04	1.688064e+01	2.000025e+01	1.420903e-01	3.617143e+00	1.605398e+01	3.497294e+00	-7.481895e+01	3.135649e+01	113
5.650000e+04	1.689564e+01	2.000025e+01	1.434271e-01	3.641906e+00	1.609390e+01	3.520322e+00	-7.481895e+01	3.136300e+01	114
5.700000e+04	1.691564e+01	2.000025e+01	1.447665e-01	3.666593e+00	1.613358e+01	3.543276e+00	-7.481895e+01	3.136952e+01	115
5.750000e+04	1.693064e+01	2.000025e+01	1.461085e-01	3.691202e+00	1.617303e+01	3.566154e+00	-7.481895e+01	3.137606e+01	116
5.800000e+04	1.695065e+01	2.000025e+01	1.474532e-01	3.715734e+00	1.621226e+01	3.588956e+00	-7.481895e+01	3.138262e+01	117
5.850000e+04	1.696565e+01	2.000026e+01	1.488005e-01	3.740187e+00	1.625127e+01	3.611681e+00	-7.481895e+01	3.138920e+01	118
5.900000e+04	1.698565e+01	2.000026e+01	1.501504e-01	3.764561e+00	1.629005e+01	3.634327e+00	-7.481895e+01	3.139581e+01	119
5.950000e+04	1.700565e+01	2.000026e+01	1.515030e-01	3.788856e+00	1.632862e+01	3.656896e+00	-7.481895e+01	3.140243e+01	120
6.000000e+04	1.702566e+01	2.000026e+01	1.528581e-01	3.813070e+00	1.636697e+01	3.679385e+00	-7.481895e+01	3.140908e+01	121
6.050000e+04	1.704566e+01	2.000026e+01	1.542159e-01	3.837203e+00	1.640510e+01	3.701793e+00	-7.481895e+01	3.141574e+01	122
6.100000e+04	1.706066e+01	2.000027e+01	1.555763e-01	3.861255e+00	1.644302e+01	3.724121e+00	-7.481895e+01	3.142243e+01	123
6.150000e+04	1.708067e+01	2.000027e+01	1.569394e-01	3.885224e+00	1.648072e+01	3.746367e+00	-7.481895e+01	3.142915e+01	124
6.200000e+04	1.710567e+01	2.000027e+01	1.583050e-01	3.909110e+00	1.651822e+01	3.768529e+00	-7.481895e+01	3.143589e+01	125
6.250000e+04	1.712567e+01	2.000027e+01	1.596733e-01	3.932912e+00	1.655551e+01	3.790609e+00	-7.481895e+01	3.144265e+01	126
6.300000e+04	1.714568e+01	2.000027e+01	1.610443e-01	3.956630e+00	1.659260e+01	3.812603e+00	-7.481895e+01	3.144943e+01	127
6.350000e+04	1.716568e+01	2.000028e+01	1.624178e-01	3.980262e+00	1.662948e+01	3.834513e+00	-7.481895e+01	3.145625e+01	128
6.400000e+04	1.719068e+01	2.000028e+01	1.637941e-01	4.003809e+00	1.666616e+01	3.856336e+00	-7.481895e+01	3.146308e+01	129
6.450000e+04	1.721069e+01	2.000028e+01	1.651730e-01	4.027268e+00	1.670264e+01	3.878071e+00	-7.481895e+01	3.146995e+01	130
6.500000e+04	1.723569e+01	2.000028e+01	1.665545e-01	4.050640e+00	1.673892e+01	3.899718e+00	-7.481895e+01	3.147684e+01	131
6.550000e+04	1.725570e+01	2.000028e+01	1.679388e-01	4.073924e+00	1.677500e+01	3.921276e+00	-7.481895e+01	3.148376e+01	132
6.600000e+04	1.728070e+01	2.000029e+01	1.693258e-01	4.097118e+00	1.681089e+01	3.942744e+00	-7.481895e+01	3.149071e+01	133
6.650000e+04	1.730571e+01	2.000029e+01	1.707155e-01	4.120222e+00	1.684658e+01	3.964120e+00	-7.481895e+01	3.149768e+01	134
6.700000e+04	1.732571e+01	2.000029e+01	1.721079e-01	4.143235e+00	1.688209e+01	3.985404e+00	-7.481895e+01	3.150469e+01	135
6.750000e+04	1.735071e+01	2.000029e+01	1.735031e-01	4.166156e+00	1.691740e+01	4.006594e+00	-7.481895e+01	3.151173e+01	136
6.800000e+04	1.737572e+01	2.000029e+01	1.749011e-01	4.188985e+00	1.695252e+01	4.027689e+00	-7.481895e+01	3.151880e+01	137
6.850000e+04	1.740073e+01	2.000029e+01	1.763018e-01	4.211719e+00	1.698746e+01	4.048689e+00	-7.481895e+01	3.152591e+01	138
6.900000e+04	1.743073e+01	2.000030e+01	1.777055e-01	4.234359e+00	1.702221e+01	4.069592e+00	-7.481895e+01	3.153305e+01	139
6.950000e+04	1.745574e+01	2.000030e+01	1.791119e-01	4.256903e+00	1.705678e+01	4.090396e+00	-7.481895e+01	3.154022e+01	140
7.000000e+04	1.748074e+01	2.000030e+01	1.805213e-01	4.279351e+00	1.709117e+01	4.111101e+00	-7.481895e+01	3.154743e+01	141
7.050000e+04	1.751075e+01	2.000030e+01	1.819336e-01	4.301700e+00	1.712538e+01	4.131705e+00	-7.481895e+01	3.155467e+01	142
7.100000e+04	1.753576e+01	2.000030e+01	1.833489e-01	4.323951e+00	1.715940e+01	4.152207e+00	-7.481895e+01	3.156196e+01	143
7.150000e+04	1.756577e+01	2.000030e+01	1.847672e-01	4.346101e+00	1.719325e+01	4.172605e+00	-7.481895e+01	3.156928e+01	144
7.200000e+04	1.759577e+01	2.000031e+01	1.861885e-01	4.368150e+00	1.722692e+01	4.192898e+00	-7.481895e+01	3.157665e+01	145
7.250000e+04	1.762578e+01	2.000031e+01	1.876128e-01	4.390096e+00	1.726042e+01	4.213085e+00	-7.481895e+01	3.158406e+01	146
7.300000e+04	1.765579e+01	2.000031e+01	1.890404e-01	4.411939e+00	1.729374e+01	4.233164e+00	-7.481895e+01	3.159151e+01	147
7.350000e+04	1.768580e+01	2.000031e+01	1.904710e-01	4.433677e+00	1.732689e+01	4.253133e+00	-7.481895e+01	3.159900e+01	148
7.400000e+04	1.771581e+01	2.000031e+01	1.919050e-01	4.455308e+00	1.735987e+01	4.272991e+00	-7.481895e+01	3.160654e+01	149
7.450000e+04	1.774581e+01	2.000031e+01	1.933422e-01	4.476831e+00	1.739268e+01	4.292735e+00	-7.481895e+01	3.161413e+01	150
7.500000e+04	1.778083e+01	2.000031e+01	1.947827e-01	4.498246e+00	1.742532e+01	4.312366e+00	-7.481895e+01	3.162177e+01	151
7.550000e+04	1.781083e+01	2.000031e+01	1.962266e-01	4.519549e+00	1.745780e+01	4.331879e+00	-7.481895e+01	3.162946e+01	152
7.600000e+04	1.784585e+01	2.000031e+01	1.976740e-01	4.540740e+00	1.749011e+01	4.351274e+00	-7.481895e+01	3.163720e+01	153
7.650000e+04	1.788086e+01	2.000032e+01	1.991250e-01	4.561817e+00	1.752225e+01	4.370548e+00	-7.481895e+01	3.164500e+01	154
7.700000e+04	1.791587e+01	2.000032e+01	2.005795e-01	4.582779e+00	1.755424e+01	4.389700e+00	-7.481895e+01	3.165285e+01	155
7.750000e+04	1.795088e+01	2.000032e+01	2.020377e-01	4.603623e+00	1.758605e+01	4.408727e+00	-7.481895e+01	3.166076e+01	156
7.800000e+04	1.798589e+01	2.000032e+01	2.034997e-01	4.624348e+00	1.761771e+01	4.427627e+00	-7.481895e+01	3.166873e+01	157
7.850000e+04	1.802591e+01	2.000032e+01	2.049655e-01	4.644952e+00	1.764921e+01	4.446398e+00	-7.481895e+01	3.167677e+01	158
7.900000e+04	1.806092e+01	2.000032e+01	2.064353e-01	4.665433e+00	1.768055e+01	4.465037e+00	-7.481895e+01	3.168487e+01	159
7.950000e+04	1.810093e+01	2.000032e+01	2.079091e-01	4.685789e+00	1.771174e+01	4.483541e+00	-7.481895e+01	3.169304e+01	160
8.000000e+04	1.814095e+01	2.000032e+01	2.093871e-01	4.706018e+00	1.774277e+01	4.501909e+00	-7.481895e+01	3.170127e+01	161
8.050000e+04	1.818096e+01	2.000032e+01	2.108692e-01	4.726117e+00	1.777364e+01	4.520136e+00	-7.481895e+01	3.170958e+01	162
8.100000e+04	1.822598e+01	2.000032e+01	2.123558e-01	4.746085e+00	1.780436e+01	4.538221e+00	-7.481895e+01	3.171797e+01	163
8.150000e+04	1.826600e+01	2.000031e+01	2.138468e-01	4.765918e+00	1.783492e+01	4.556159e+00	-7.481895e+01	3.172643e+01	164
8.200000e+04	1.831102e+01	2.000031e+01	2.153425e-01	4.785614e+00	1.786534e+01	4.573948e+00	-7.481895e+01	3.173498e+01	165
8.250000e+04	1.835604e+01	2.000031e+01	2.168428e-01	4.805171e+00	1.789560e+01	4.591585e+00	-7.481895e+01	3.174361e+01	166
8.300000e+04	1.840106e+01	2.000031e+01	2.183481e-01	4.824585e+00	1.792572e+01	4.609065e+00	-7.481895e+01	3.175233e+01	167
8.350000e+04	1.845108e+01	2.000031e+01	2.198584e-01	4.843854e+00	1.795568e+01	4.626385e+00	-7.481895e+01	3.176114e+01	168
8.400000e+04	1.849610e+01	2.000031e+01	2.213739e-01	4.862974e+00	1.798550e+01	4.643541e+00	-7.481895e+01	3.177004e+01	169
8.450000e+04	1.854613e+01	2.000030e+01	2.228947e-01	4.881942e+00	1.801518e+01	4.660528e+00	-7.481895e+01	3.177904e+01	170
8.500000e+04	1.859615e+01	2.000030e+01	2.244211e-01	4.900755e+00	1.804470e+01	4.677343e+00	-7.481895e+01	3.178815e+01	171
8.550000e+04	1.865118e+01	2.000030e+01	2.259533e-01	4.919408e+00	1.807409e+01	4.693979e+00	-7.481895e+01	3.179737e+01	172
8.600000e+04	1.870622e+01	2.000029e+01	2.274913e-01	4.937899e+00	1.810333e+01	4.710433e+00	-7.481895e+01	3.180670e+01	173
8.650000e+04	1.876125e+01	2.000029e+01	2.290355e-01	4.956222e+00	1.813242e+01	4.726699e+00	-7.481895e+01	3.181614e+01	174
8.700000e+04	1.881628e+01	2.000028e+01	2.305861e-01	4.974374e+00	1.816138e+01	4.742771e+00	-7.481895e+01	3.182571e+01	175
8.750000e+04	1.887632e+01	2.000028e+01	2.321433e-01	4.992350e+00	1.819020e+01	4.758643e+00	-7.481895e+01	3.183541e+01	176
8.800000e+04	1.894136e+01	2.000027e+01	2.337074e-01	5.010145e+00	1.821888e+01	4.774308e+00	-7.481895e+01	3.184525e+01	177
8.850000e+04	1.900140e+01	2.000026e+01	2.352786e-01	5.027753e+00	1.824742e+01	4.789760e+00	-7.481895e+01	3.185522e+01	178
8.900000e+04	1.906644e+01	2.000025e+01	2.368573e-01	5.045170e+00	1.827582e+01	4.804991e+00	-7.481895e+01	3.186535e+01	179
8.950000e+04	1.913649e+01	2.000024e+01	2.384437e-01	5.062388e+00	1.830409e+01	4.819993e+00	-7.481895e+01	3.187562e+01	180
9.000000e+04	1.920655e+01	2.000023e+01	2.400382e-01	5.079402e+00	1.833222e+01	4.834758e+00	-7.481895e+01	3.188607e+01	181
9.050000e+04	1.927660e+01	2.000022e+01	2.416411e-01	5.096205e+00	1.836022e+01	4.849276e+00	-7.481895e+01	3.189668e+01	182
9.100000e+04	1.935667e+01	2.000021e+01	2.432529e-01	5.112789e+00	1.838808e+01	4.863538e+00	-7.481895e+01	3.190747e+01	183
9.150000e+04	1.943173e+01	2.000020e+01	2.448738e-01	5.129147e+00	1.841582e+01	4.877532e+00	-7.481895e+01	3.191846e+01	184
9.200000e+04	1.951681e+01	2.000018e+01	2.465044e-01	5.145269e+00	1.844342e+01	4.891247e+00	-7.481895e+01	3.192964e+01	185
9.250000e+04	1.960189e+01	2.000017e+01	2.481451e-01	5.161148e+00	1.847090e+01	4.904671e+00	-7.481895e+01	3.194104e+01	186
9.300000e+04	1.969199e+01	2.000015e+01	2.497964e-01	5.176772e+00	1.849824e+01	4.917790e+00	-7.481895e+01	3.195266e+01	187
9.350000e+04	1.978208e+01	2.000013e+01	2.514588e-01	5.192132e+00	1.852546e+01	4.930588e+00	-7.481895e+01	3.196452e+01	188
9.400000e+04	1.988220e+01	2.000011e+01	2.531329e-01	5.207215e+00	1.855256e+01	4.943050e+00	-7.481895e+01	3.197663e+01	189
9.450000e+04	1.998232e+01	2.000008e+01	2.548193e-01	5.222008e+00	1.857952e+01	4.955157e+00	-7.481895e+01	3.198900e+01	190
9.500000e+04	2.009247e+01	2.000006e+01	2.565186e-01	5.236499e+00	1.860637e+01	4.966891e+00	-7.481895e+01	3.200166e+01	191
9.550000e+04	2.020763e+01	2.000003e+01	2.582316e-01	5.250671e+00	1.863310e+01	4.978228e+00	-7.481895e+01	3.201462e+01	192
9.600000e+04	2.032781e+01	1.999999e+01	2.599589e-01	5.264507e+00	1.865970e+01	4.989145e+00	-7.481895e+01	3.202790e+01	193
9.650000e+04	2.045302e+01	1.999995e+01	2.617014e-01	5.277990e+00	1.868619e+01	4.999616e+00	-7.481895e+01	3.204152e+01	194
9.700000e+04	2.058826e+01	1.999991e+01	2.634599e-01	5.291099e+00	1.871256e+01	5.009610e+00	-7.481895e+01	3.205550e+01	195
9.750000e+04	2.073355e+01	1.999987e+01	2.652353e-01	5.303810e+00	1.873882e+01	5.019095e+00	-7.481895e+01	3.206988e+01	196
9.800000e+04	2.088888e+01	1.999982e+01	2.670287e-01	5.316100e+00	1.876497e+01	5.028033e+00	-7.481895e+01	3.208467e+01	197
9.850000e+04	2.105428e+01	1.999976e+01	2.688409e-01	5.327939e+00	1.879101e+01	5.036382e+00	-7.481895e+01	3.209992e+01	198
9.900000e+04	2.123477e+01	1.999969e+01	2.706732e-01	5.339295e+00	1.881694e+01	5.044094e+00	-7.481895e+01	3.211565e+01	199
9.950000e+04	2.142535e+01	1.999962e+01	2.725267e-01	5.350134e+00	1.884277e+01	5.051115e+00	-7.481895e+01	3.213190e+01	200
1.000000e+05	2.163609e+01	1.999954e+01	2.744026e-01	5.360414e+00	1.886850e+01	5.057383e+00	-7.481895e+01	3.214871e+01	201
1.005000e+05	2.186702e+01	1.999945e+01	2.763021e-01	5.370088e+00	1.889413e+01	5.062825e+00	-7.481895e+01	3.216614e+01	202
1.010000e+05	2.211820e+01	1.999935e+01	2.782265e-01	5.379104e+00	1.891968e+01	5.067359e+00	-7.481895e+01	3.218422e+01	203
1.015000e+05	2.239979e+01	1.999923e+01	2.801770e-01	5.387399e+00	1.894514e+01	5.070888e+00	-7.481895e+01	3.220303e+01	204
1.020000e+05	2.271698e+01	1.999909e+01	2.821549e-01	5.394902e+00	1.897053e+01	5.073296e+00	-7.481895e+01	3.222262e+01	205
1.025000e+05	2.307507e+01	1.999894e+01	2.841611e-01	5.401528e+00	1.899585e+01	5.074448e+00	-7.481895e+01	3.224306e+01	206
1.030000e+05	2.347957e+01	1.999876e+01	2.864538e-01	5.407177e+00	1.902111e+01	5.074182e+00	-7.481895e+01	3.226444e+01	207
1.035000e+05	2.395669e+01	1.999856e+01	2.901323e-01	5.411730e+00	1.904632e+01	5.072301e+00	-7.481895e+01	3.228683e+01	208
1.040000e+05	2.451335e+01	1.999833e+01	2.940802e-01	5.415042e+00	1.907150e+01	5.068565e+00	-7.481895e+01	3.231034e+01	209
1.045000e+05	2.519467e+01	1.999805e+01	2.983533e-01	5.416937e+00	1.909668e+01	5.062674e+00	-7.481895e+01	3.233506e+01	210
1.050000e+05	2.603715e+01	1.999773e+01	3.030244e-01	5.417194e+00	1.912187e+01	5.054257e+00	-7.481895e+01	3.236111e+01	211
1.055000e+05	2.714031e+01	1.999736e+01	3.081902e-01	5.415537e+00	1.914710e+01	5.042836e+00	-7.481895e+01	3.238859e+01	212
1.060000e+05	2.865768e+01	1.999692e+01	3.139819e-01	5.411610e+00	1.917243e+01	5.027795e+00	-7.481895e+01	3.241763e+01	213
1.065000e+05	3.096491e+01	1.999640e+01	3.205813e-01	5.404949e+00	1.919790e+01	5.008321e+00	-7.481895e+01	3.244831e+01	214
1.070000e+05	3.508975e+01	1.999579e+01	3.282452e-01	5.394929e+00	1.922360e+01	4.983319e+00	-7.481895e+01	3.248068e+01	215
1.075000e+05	4.379137e+01	1.999508e+01	3.373426e-01	5.380691e+00	1.924964e+01	4.951294e+00	-7.481895e+01	3.251474e+01	216
1.080000e+05	5.742305e+01	1.999425e+01	3.484043e-01	5.361022e+00	1.927618e+01	4.910163e+00	-7.481895e+01	3.255033e+01	217
1.085000e+05	7.289478e+01	1.999333e+01	3.621621e-01	5.334155e+00	1.930348e+01	4.857028e+00	-7.481895e+01	3.258708e+01	218
1.090000e+05	9.017334e+01	1.999236e+01	3.794489e-01	5.297467e+00	1.933189e+01	4.787981e+00	-7.481895e+01	3.262430e+01	219
1.095000e+05	1.076345e+02	1.999147e+01	4.005238e-01	5.247101e+00	1.936196e+01	4.698399e+00	-7.481895e+01	3.266096e+01	220
1.100000e+05	1.203022e+02	1.999092e+01	4.230672e-01	5.177859e+00	1.939438e+01	4.584877e+00	-7.481895e+01	3.269621e+01	221
1.105000e+05	1.227750e+02	1.999106e+01	4.398564e-01	5.084446e+00	1.942975e+01	4.449393e+00	-7.481895e+01	3.273103e+01	222
1.110000e+05	1.148725e+02	1.999200e+01	4.411955e-01	4.964756e+00	1.946807e+01	4.302087e+00	-7.481895e+01	3.277017e+01	223
1.115000e+05	1.029033e+02	1.999405e+01	4.282634e-01	4.824116e+00	1.950823e+01	4.157463e+00	-7.481895e+01	3.284928e+01	224
1.120000e+05	9.002153e+01	1.999489e+01	4.183011e-01	4.669654e+00	1.954942e+01	4.010205e+00	-7.481895e+01	3.294621e+01	225
1.125000e+05	7.856214e+01	1.999510e+01	4.049917e-01	4.504608e+00	1.959138e+01	3.858488e+00	-7.481895e+01	3.304472e+01	226
1.130000e+05	7.304491e+01	1.999518e+01	3.871144e-01	4.332327e+00	1.963370e+01	3.705711e+00	-7.481895e+01	3.316511e+01	227
1.135000e+05	6.857848e+01	1.999517e+01	3.733399e-01	4.154366e+00	1.967652e+01	3.549720e+00	-7.481895e+01	3.332654e+01	228
1.140000e+05	6.274518e+01	1.999520e+01	3.593888e-01	3.970887e+00	1.972015e+01	3.390416e+00	-7.481895e+01	3.353420e+01	229
1.145000e+05	5.701347e+01	1.999528e+01	3.425967e-01	3.783036e+00	1.976466e+01	3.230004e+00	-7.481895e+01	3.380687e+01	230
1.150000e+05	5.206977e+01	1.999532e+01	3.256632e-01	3.592722e+00	1.980996e+01	3.069932e+00	-7.481895e+01	3.418455e+01	231
1.155000e+05	4.821510e+01	1.999534e+01	3.097214e-01	3.401976e+00	1.985591e+01	2.911529e+00	-7.481895e+01	3.471779e+01	232
1.160000e+05	4.562126e+01	1.999533e+01	2.952564e-01	3.212877e+00	1.990236e+01	2.756272e+00	-7.481895e+01	3.547551e+01	233
1.165000e+05	4.430843e+01	1.999533e+01	2.825731e-01	3.027594e+00	1.994905e+01	2.605802e+00	-7.481895e+01	3.655202e+01	234
1.170000e+05	4.414633e+01	1.999536e+01	2.718456e-01	2.848369e+00	1.999566e+01	2.461826e+00	-7.481895e+01	3.807243e+01	235
1.175000e+05	4.316218e+01	2.237225e+01	2.629584e-01	2.677365e+00	2.004184e+01	2.325928e+00	-7.481895e+01	4.019041e+01	236
1.180000e+05	4.359417e+01	2.622700e+01	2.553767e-01	2.516405e+00	2.008720e+01	2.199329e+00	-7.481895e+01	4.313710e+01	237
1.185000e+05	4.319709e+01	3.196299e+01	2.483071e-01	2.366759e+00	2.013145e+01	2.082745e+00	-7.481895e+01	4.709139e+01	238
1.190000e+05	4.208496e+01	3.995916e+01	2.409436e-01	2.229054e+00	2.017436e+01	1.976362e+00	-7.481895e+01	5.166545e+01	239
1.195000e+05	4.040208e+01	5.032835e+01	2.326616e-01	2.103316e+00	2.021582e+01	1.879922e+00	-7.481895e+01	5.649229e+01	240
1.200000e+05	3.837324e+01	6.282530e+01	2.232907e-01	1.989158e+00	2.025575e+01	1.792896e-03	-7.481895e+01	6.128717e+01	240
