0.000000e+00	0.000000e+00	0.000000e+00	-2.000000e+03	2.500000e-01	1.000000e+01	2.073800e-01	1.000000e+00	0.000000e+00	1
3.330000e+02	8.697108e+01	2.180335e+02	4.115200e-02	2.587588e-01	9.996207e+00	1.707108e-01	-7.423594e+01	9.981800e+01	2
6.660000e+02	2.627503e+02	2.776610e+02	8.969191e-02	2.717694e-01	1.000089e+01	1.951681e-01	-7.423597e+01	1.061289e+02	3
9.990000e+02	0.000000e+00	1.894468e+02	2.971454e-01	2.694547e-01	1.000969e+01	2.859830e-01	-7.423597e+01	0.000000e+00	4
1.332000e+03	5.351278e+01	2.699399e+01	8.928355e-02	2.931323e-01	1.002049e+01	2.008704e-01	-7.423597e+01	4.375059e+01	5
1.665000e+03	0.000000e+00	2.643552e+02	3.551563e-01	2.842093e-01	1.002875e+01	3.001946e-01	-7.423597e+01	0.000000e+00	6
1.998000e+03	8.062300e+01	2.774961e+01	9.478173e-02	3.111314e-01	1.004122e+01	2.132433e-01	-7.423597e+01	4.436121e+01	7
2.331000e+03	0.000000e+00	2.561306e+02	4.190281e-01	2.977051e-01	1.004017e+01	4.146536e-01	-7.423597e+01	0.000000e+00	8
2.664000e+03	2.721821e+02	1.991145e+01	4.728133e-01	2.829814e-01	1.008563e+01	6.204790e-01	-7.423597e+01	3.365971e+01	9
2.997000e+03	2.263968e+02	1.981110e+01	2.421187e-01	3.289428e-01	1.014377e+01	5.454403e-01	-7.423597e+01	3.320442e+01	10
3.330000e+03	0.000000e+00	1.984004e+01	1.684568e-01	3.572063e-01	1.019112e+01	5.890606e-01	-7.423597e+01	0.000000e+00	11
3.663000e+03	3.219435e+02	1.979203e+01	1.812818e-01	3.929194e-01	1.024480e+01	6.134810e-01	-7.423597e+01	3.328167e+01	12
3.996000e+03	0.000000e+00	1.978399e+01	1.893703e-01	4.251023e-01	1.030367e+01	7.244498e-01	-7.423597e+01	0.000000e+00	13
4.329000e+03	2.787682e+01	1.997804e+01	2.816724e-02	4.736008e-01	1.034726e+01	7.297556e-01	-7.423597e+01	3.138096e+01	14
4.662000e+03	4.365703e+01	2.000083e+01	4.296247e-02	5.187189e-01	1.039163e+01	7.594207e-01	-7.423597e+01	3.158235e+01	15
4.995000e+03	3.703445e+01	2.000162e+01	3.793569e-02	5.634496e-01	1.043545e+01	7.895229e-01	-7.423597e+01	3.150994e+01	16
5.328000e+03	3.049533e+01	2.000133e+01	3.505160e-02	6.075047e-01	1.047916e+01	8.198720e-01	-7.423597e+01	3.144643e+01	17
5.661000e+03	2.538436e+01	2.000114e+01	3.361932e-02	6.506375e-01	1.052307e+01	8.501935e-01	-7.423597e+01	3.139074e+01	18
5.994000e+03	2.230343e+01	2.000101e+01	3.301466e-02	6.926509e-01	1.056738e+01	8.802581e-01	-7.423597e+01	3.134107e+01	19
6.327000e+03	2.055398e+01	2.000091e+01	3.285056e-02	7.334035e-01	1.061220e+01	9.098857e-01	-7.423597e+01	3.129641e+01	20
6.660000e+03	1.951749e+01	2.000084e+01	3.293850e-02	7.728067e-01	1.065755e+01	9.389438e-01	-7.423597e+01	3.125606e+01	21
6.993000e+03	1.885685e+01	2.000078e+01	3.318218e-02	8.108167e-01	1.070342e+01	9.673419e-01	-7.423597e+01	3.121954e+01	22
7.326000e+03	1.841654e+01	2.000073e+01	3.352698e-02	8.474265e-01	1.074976e+01	9.950244e-01	-7.423597e+01	3.118653e+01	23
7.659000e+03	1.810137e+01	2.000068e+01	3.393977e-02	8.826577e-01	1.079653e+01	1.021964e+00	-7.423597e+01	3.115676e+01	24
7.992000e+03	1.787127e+01	2.000065e+01	3.439987e-02	9.165535e-01	1.084367e+01	1.048157e+00	-7.423597e+01	3.113000e+01	25
8.325000e+03	1.769620e+01	2.000061e+01	3.489402e-02	9.491727e-01	1.089112e+01	1.073615e+00	-7.423597e+01	3.110601e+01	26
8.658000e+03	1.755615e+01	2.000059e+01	3.541357e-02	9.805845e-01	1.093883e+01	1.098364e+00	-7.423597e+01	3.108459e+01	27
8.991000e+03	1.744111e+01	2.000056e+01	3.595267e-02	1.010865e+00	1.098673e+01	1.122440e+00	-7.423597e+01	3.106551e+01	28
9.324000e+03	1.734609e+01	2.000054e+01	3.650731e-02	1.040094e+00	1.103479e+01	1.145881e+00	-7.423597e+01	3.104858e+01	29
9.657000e+03	1.726606e+01	2.000052e+01	3.707461e-02	1.068351e+00	1.108294e+01	1.168733e+00	-7.423597e+01	3.103360e+01	30
9.990000e+03	1.720105e+01	2.000050e+01	3.765245e-02	1.095715e+00	1.113116e+01	1.191040e+00	-7.423597e+01	3.102039e+01	31
1.032300e+04	1.714103e+01	2.000049e+01	3.823928e-02	1.122264e+00	1.117941e+01	1.212848e+00	-7.423597e+01	3.100879e+01	32
1.065600e+04	1.708601e+01	2.000047e+01	3.883396e-02	1.148069e+00	1.122764e+01	1.234200e+00	-7.423597e+01	3.099863e+01	33
1.098900e+04	1.704100e+01	2.000046e+01	3.943559e-02	1.173201e+00	1.127583e+01	1.255139e+00	-7.423597e+01	3.098977e+01	34
1.132200e+04	1.699599e+01	2.000045e+01	4.004349e-02	1.197724e+00	1.132396e+01	1.275705e+00	-7.423597e+01	3.098208e+01	35
1.165500e+04	1.696098e+01	2.000044e+01	4.065712e-02	1.221698e+00	1.137199e+01	1.295934e+00	-7.423597e+01	3.097544e+01	36
1.198800e+04	1.692597e+01	2.000043e+01	4.127607e-02	1.245177e+00	1.141991e+01	1.315862e+00	-7.423597e+01	3.096975e+01	37
1.232100e+04	1.689596e+01	2.000043e+01	4.189999e-02	1.268213e+00	1.146770e+01	1.335521e+00	-7.423597e+01	3.096491e+01	38
1.265400e+04	1.686595e+01	2.000042e+01	4.252860e-02	1.290849e+00	1.151534e+01	1.354939e+00	-7.423597e+01	3.096082e+01	39
1.298700e+04	1.684094e+01	2.000041e+01	4.316168e-02	1.313130e+00	1.156282e+01	1.374142e+00	-7.423597e+01	3.095742e+01	40
1.332000e+04	1.681593e+01	2.000041e+01	4.379904e-02	1.335090e+00	1.161013e+01	1.393154e+00	-7.423597e+01	3.095462e+01	41
1.365300e+04	1.679092e+01	2.000040e+01	4.444050e-02	1.356766e+00	1.165725e+01	1.411997e+00	-7.423597e+01	3.095237e+01	42
1.398600e+04	1.677092e+01	2.000040e+01	4.508594e-02	1.378185e+00	1.170418e+01	1.430690e+00	-7.423597e+01	3.095061e+01	43
1.431900e+04	1.675091e+01	2.000040e+01	4.573523e-02	1.399377e+00	1.175091e+01	1.449250e+00	-7.423597e+01	3.094929e+01	44
1.465200e+04	1.673590e+01	2.000039e+01	4.638826e-02	1.420364e+00	1.179744e+01	1.467693e+00	-7.423597e+01	3.094837e+01	45
1.498500e+04	1.671589e+01	2.000039e+01	4.704495e-02	1.441169e+00	1.184375e+01	1.486031e+00	-7.423597e+01	3.094780e+01	46
1.531800e+04	1.670089e+01	2.000039e+01	4.770520e-02	1.461810e+00	1.188984e+01	1.504277e+00	-7.423597e+01	3.094755e+01	47
1.565100e+04	1.668588e+01	2.000038e+01	4.836893e-02	1.482305e+00	1.193572e+01	1.522441e+00	-7.423597e+01	3.094758e+01	48
1.598400e+04	1.667087e+01	2.000038e+01	4.903609e-02	1.502669e+00	1.198137e+01	1.540534e+00	-7.423597e+01	3.094788e+01	49
1.631700e+04	1.666087e+01	2.000038e+01	4.970659e-02	1.522914e+00	1.202679e+01	1.558562e+00	-7.423597e+01	3.094841e+01	50
1.665000e+04	1.664586e+01	2.000038e+01	5.038039e-02	1.543054e+00	1.207199e+01	1.576534e+00	-7.423597e+01	3.094916e+01	51
1.698300e+04	1.663586e+01	2.000038e+01	5.105742e-02	1.563098e+00	1.211696e+01	1.594456e+00	-7.423597e+01	3.095010e+01	52
1.731600e+04	1.662585e+01	2.000038e+01	5.173762e-02	1.583055e+00	1.216170e+01	1.612334e+00	-7.423597e+01	3.095121e+01	53
1.764900e+04	1.661585e+01	2.000037e+01	5.242096e-02	1.602934e+00	1.220622e+01	1.630171e+00	-7.423597e+01	3.095248e+01	54
1.798200e+04	1.660584e+01	2.000037e+01	5.310738e-02	1.622742e+00	1.225050e+01	1.647973e+00	-7.423597e+01	3.095390e+01	55
1.831500e+04	1.659583e+01	2.000037e+01	5.379684e-02	1.642485e+00	1.229455e+01	1.665743e+00	-7.423597e+01	3.095546e+01	56
1.864800e+04	1.658583e+01	2.000037e+01	5.448928e-02	1.662169e+00	1.233837e+01	1.683485e+00	-7.423597e+01	3.095713e+01	57
1.898100e+04	1.657582e+01	2.000037e+01	5.518467e-02	1.681799e+00	1.238196e+01	1.701201e+00	-7.423597e+01	3.095892e+01	58
1.931400e+04	1.657082e+01	2.000037e+01	5.588297e-02	1.701379e+00	1.242533e+01	1.718893e+00	-7.423597e+01	3.096082e+01	59
1.964700e+04	1.656081e+01	2.000037e+01	5.658414e-02	1.720912e+00	1.246847e+01	1.736564e+00	-7.423597e+01	3.096281e+01	60
1.998000e+04	1.655581e+01	2.000037e+01	5.728813e-02	1.740403e+00	1.251138e+01	1.754216e+00	-7.423597e+01	3.096488e+01	61
2.031300e+04	1.654580e+01	2.000037e+01	5.799491e-02	1.759853e+00	1.255406e+01	1.771849e+00	-7.423597e+01	3.096705e+01	62
2.064600e+04	1.654080e+01	2.000037e+01	5.870445e-02	1.779267e+00	1.259652e+01	1.789466e+00	-7.423597e+01	3.096929e+01	63
2.097900e+04	1.653579e+01	2.000037e+01	5.941670e-02	1.798645e+00	1.263876e+01	1.807067e+00	-7.423597e+01	3.097160e+01	64
2.131200e+04	1.653079e+01	2.000037e+01	6.013164e-02	1.817990e+00	1.268078e+01	1.824653e+00	-7.423597e+01	3.097398e+01	65
2.164500e+04	1.652579e+01	2.000037e+01	6.084922e-02	1.837303e+00	1.272258e+01	1.842225e+00	-7.423597e+01	3.097642e+01	66
2.197800e+04	1.651578e+01	2.000037e+01	6.156942e-02	1.856587e+00	1.276415e+01	1.859784e+00	-7.423597e+01	3.097892e+01	67
2.231100e+04	1.651578e+01	2.000037e+01	6.229221e-02	1.875842e+00	1.280551e+01	1.877330e+00	-7.423597e+01	3.098148e+01	68
2.264400e+04	1.651077e+01	2.000037e+01	6.301754e-02	1.895069e+00	1.284666e+01	1.894863e+00	-7.423597e+01	3.098409e+01	69
2.297700e+04	1.650577e+01	2.000036e+01	6.374539e-02	1.914270e+00	1.288759e+01	1.912384e+00	-7.423597e+01	3.098675e+01	70
2.331000e+04	1.650076e+01	2.000036e+01	6.447574e-02	1.933445e+00	1.292831e+01	1.929893e+00	-7.423597e+01	3.098946e+01	71
2.364300e+04	1.649576e+01	2.000036e+01	6.520853e-02	1.952595e+00	1.296882e+01	1.947390e+00	-7.423597e+01	3.099221e+01	72
2.397600e+04	1.649076e+01	2.000036e+01	6.594376e-02	1.971721e+00	1.300912e+01	1.964875e+00	-7.423597e+01	3.099501e+01	73
2.430900e+04	1.649075e+01	2.000036e+01	6.668139e-02	1.990823e+00	1.304921e+01	1.982348e+00	-7.423597e+01	3.099784e+01	74
2.464200e+04	1.648575e+01	2.000036e+01	6.742139e-02	2.009902e+00	1.308910e+01	1.999810e+00	-7.423597e+01	3.100072e+01	75
2.497500e+04	1.648575e+01	2.000036e+01	6.816372e-02	2.028958e+00	1.312878e+01	2.017260e+00	-7.423597e+01	3.100363e+01	76
2.530800e+04	1.648074e+01	2.000036e+01	6.890838e-02	2.047992e+00	1.316826e+01	2.034698e+00	-7.423597e+01	3.100658e+01	77
2.564100e+04	1.648074e+01	2.000036e+01	6.965532e-02	2.067003e+00	1.320754e+01	2.052124e+00	-7.423597e+01	3.100957e+01	78
2.597400e+04	1.647574e+01	2.000036e+01	7.040451e-02	2.085992e+00	1.324662e+01	2.069538e+00	-7.423597e+01	3.101258e+01	79
2.630700e+04	1.647573e+01	2.000036e+01	7.115595e-02	2.104959e+00	1.328550e+01	2.086940e+00	-7.423597e+01	3.101563e+01	80
2.664000e+04	1.647573e+01	2.000036e+01	7.190958e-02	2.123905e+00	1.332418e+01	2.104330e+00	-7.423597e+01	3.101871e+01	81
2.697300e+04	1.647073e+01	2.000036e+01	7.266540e-02	2.142829e+00	1.336268e+01	2.121707e+00	-7.423597e+01	3.102182e+01	82
2.730600e+04	1.647072e+01	2.000036e+01	7.342338e-02	2.161732e+00	1.340097e+01	2.139071e+00	-7.423597e+01	3.102495e+01	83
2.763900e+04	1.647072e+01	2.000036e+01	7.418348e-02	2.180613e+00	1.343908e+01	2.156422e+00	-7.423597e+01	3.102811e+01	84
2.797200e+04	1.647072e+01	2.000036e+01	7.494569e-02	2.199473e+00	1.347700e+01	2.173760e+00	-7.423597e+01	3.103130e+01	85
2.830500e+04	1.646571e+01	2.000036e+01	7.570998e-02	2.218311e+00	1.351473e+01	2.191085e+00	-7.423597e+01	3.103451e+01	86
2.863800e+04	1.646571e+01	2.000036e+01	7.647633e-02	2.237128e+00	1.355227e+01	2.208396e+00	-7.423597e+01	3.103775e+01	87
2.897100e+04	1.646571e+01	2.000036e+01	7.724471e-02	2.255924e+00	1.358963e+01	2.225693e+00	-7.423597e+01	3.104101e+01	88
2.930400e+04	1.646571e+01	2.000036e+01	7.801511e-02	2.274699e+00	1.362680e+01	2.242976e+00	-7.423597e+01	3.104429e+01	89
2.963700e+04	1.646570e+01	2.000036e+01	7.878748e-02	2.293452e+00	1.366379e+01	2.260245e+00	-7.423597e+01	3.104760e+01	90
2.997000e+04	1.646570e+01	2.000036e+01	7.956183e-02	2.312184e+00	1.370060e+01	2.277499e+00	-7.423597e+01	3.105092e+01	91
3.030300e+04	1.646570e+01	2.000036e+01	8.033811e-02	2.330894e+00	1.373723e+01	2.294738e+00	-7.423597e+01	3.105427e+01	92
3.063600e+04	1.647070e+01	2.000036e+01	8.111632e-02	2.349583e+00	1.377369e+01	2.311963e+00	-7.423597e+01	3.105763e+01	93
3.096900e+04	1.647070e+01	2.000036e+01	8.189642e-02	2.368250e+00	1.380997e+01	2.329172e+00	-7.423597e+01	3.106102e+01	94
3.130200e+04	1.647069e+01	2.000036e+01	8.267840e-02	2.386895e+00	1.384607e+01	2.346365e+00	-7.423597e+01	3.106442e+01	95
3.163500e+04	1.647069e+01	2.000036e+01	8.346224e-02	2.405519e+00	1.388200e+01	2.363543e+00	-7.423597e+01	3.106784e+01	96
3.196800e+04	1.647069e+01	2.000036e+01	8.424791e-02	2.424121e+00	1.391776e+01	2.380704e+00	-7.423597e+01	3.107128e+01	97
3.230100e+04	1.647569e+01	2.000036e+01	8.503539e-02	2.442701e+00	1.395335e+01	2.397850e+00	-7.423597e+01	3.107473e+01	98
3.263400e+04	1.647568e+01	2.000036e+01	8.582467e-02	2.461258e+00	1.398877e+01	2.414978e+00	-7.423597e+01	3.107820e+01	99
3.296700e+04	1.647568e+01	2.000036e+01	8.661572e-02	2.479794e+00	1.402402e+01	2.432090e+00	-7.423597e+01	3.108169e+01	100
3.330000e+04	1.648068e+01	2.000036e+01	8.740853e-02	2.498307e+00	1.405911e+01	2.449186e+00	-7.423597e+01	3.108519e+01	101
3.363300e+04	1.648068e+01	2.000036e+01	8.820307e-02	2.516798e+00	1.409403e+01	2.466263e+00	-7.423597e+01	3.108871e+01	102
3.396600e+04	1.648568e+01	2.000036e+01	8.899933e-02	2.535267e+00	1.412879e+01	2.483324e+00	-7.423597e+01	3.109224e+01	103
3.429900e+04	1.648567e+01	2.000036e+01	8.979728e-02	2.553713e+00	1.416338e+01	2.500366e+00	-7.423597e+01	3.109578e+01	104
3.463200e+04	1.649067e+01	2.000036e+01	9.059691e-02	2.572136e+00	1.419782e+01	2.517391e+00	-7.423597e+01	3.109934e+01	105
3.496500e+04	1.649067e+01	2.000036e+01	9.139820e-02	2.590536e+00	1.423209e+01	2.534397e+00	-7.423597e+01	3.110291e+01	106
3.529800e+04	1.649567e+01	2.000036e+01	9.220114e-02	2.608913e+00	1.426621e+01	2.551386e+00	-7.423597e+01	3.110649e+01	107
3.563100e+04	1.649567e+01	2.000036e+01	9.300569e-02	2.627268e+00	1.430017e+01	2.568355e+00	-7.423597e+01	3.111009e+01	108
3.596400e+04	1.650067e+01	2.000036e+01	9.381185e-02	2.645599e+00	1.433397e+01	2.585306e+00	-7.423597e+01	3.111370e+01	109
3.629700e+04	1.650567e+01	2.000036e+01	9.461960e-02	2.663907e+00	1.436762e+01	2.602237e+00	-7.423597e+01	3.111732e+01	110
3.663000e+04	1.650566e+01	2.000035e+01	9.542892e-02	2.682191e+00	1.440112e+01	2.619150e+00	-7.423597e+01	3.112095e+01	111
3.696300e+04	1.651066e+01	2.000035e+01	9.623980e-02	2.700452e+00	1.443446e+01	2.636042e+00	-7.423597e+01	3.112459e+01	112
3.729600e+04	1.651566e+01	2.000035e+01	9.705221e-02	2.718689e+00	1.446766e+01	2.652915e+00	-7.423597e+01	3.112824e+01	113
3.762900e+04	1.652066e+01	2.000035e+01	9.786615e-02	2.736903e+00	1.450070e+01	2.669768e+00	-7.423597e+01	3.113191e+01	114
3.796200e+04	1.652066e+01	2.000035e+01	9.868159e-02	2.755092e+00	1.453359e+01	2.686601e+00	-7.423597e+01	3.113558e+01	115
3.829500e+04	1.652566e+01	2.000035e+01	9.949852e-02	2.773258e+00	1.456634e+01	2.703414e+00	-7.423597e+01	3.113926e+01	116
3.862800e+04	1.653066e+01	2.000035e+01	1.003169e-01	2.791399e+00	1.459894e+01	2.720206e+00	-7.423597e+01	3.114295e+01	117
3.896100e+04	1.653566e+01	2.000035e+01	1.011368e-01	2.809517e+00	1.463140e+01	2.736977e+00	-7.423597e+01	3.114666e+01	118
3.929400e+04	1.654066e+01	2.000035e+01	1.019581e-01	2.827609e+00	1.466371e+01	2.753728e+00	-7.423597e+01	3.115037e+01	119
3.962700e+04	1.654565e+01	2.000035e+01	1.027808e-01	2.845678e+00	1.469588e+01	2.770457e+00	-7.423597e+01	3.115409e+01	120
3.996000e+04	1.655065e+01	2.000035e+01	1.036050e-01	2.863721e+00	1.472791e+01	2.787165e+00	-7.423597e+01	3.115781e+01	121
4.029300e+04	1.655565e+01	2.000035e+01	1.044305e-01	2.881740e+00	1.475979e+01	2.803851e+00	-7.423597e+01	3.116155e+01	122
4.062600e+04	1.656065e+01	2.000035e+01	1.052574e-01	2.899734e+00	1.479154e+01	2.820516e+00	-7.423597e+01	3.116530e+01	123
4.095900e+04	1.656565e+01	2.000035e+01	1.060857e-01	2.917703e+00	1.482315e+01	2.837158e+00	-7.423597e+01	3.116905e+01	124
4.129200e+04	1.657065e+01	2.000035e+01	1.069154e-01	2.935647e+00	1.485462e+01	2.853779e+00	-7.423597e+01	3.117281e+01	125
4.162500e+04	1.657565e+01	2.000035e+01	1.077464e-01	2.953566e+00	1.488595e+01	2.870377e+00	-7.423597e+01	3.117658e+01	126
4.195800e+04	1.658065e+01	2.000035e+01	1.085787e-01	2.971459e+00	1.491715e+01	2.886953e+00	-7.423597e+01	3.118035e+01	127
4.229100e+04	1.658565e+01	2.000035e+01	1.094123e-01	2.989327e+00	1.494822e+01	2.903506e+00	-7.423597e+01	3.118414e+01	128
4.262400e+04	1.659065e+01	2.000035e+01	1.102473e-01	3.007170e+00	1.497915e+01	2.920036e+00	-7.423597e+01	3.118793e+01	129
4.295700e+04	1.659565e+01	2.000035e+01	1.110835e-01	3.024986e+00	1.500995e+01	2.936543e+00	-7.423597e+01	3.119172e+01	130
4.329000e+04	1.660565e+01	2.000034e+01	1.119210e-01	3.042777e+00	1.504061e+01	2.953027e+00	-7.423597e+01	3.119553e+01	131
4.362300e+04	1.661065e+01	2.000034e+01	1.127597e-01	3.060542e+00	1.507115e+01	2.969487e+00	-7.423597e+01	3.119934e+01	132
4.395600e+04	1.661564e+01	2.000034e+01	1.135998e-01	3.078281e+00	1.510156e+01	2.985924e+00	-7.423597e+01	3.120315e+01	133
4.428900e+04	1.662064e+01	2.000034e+01	1.144410e-01	3.095993e+00	1.513184e+01	3.002337e+00	-7.423597e+01	3.120697e+01	134
4.462200e+04	1.663065e+01	2.000034e+01	1.152835e-01	3.113680e+00	1.516199e+01	3.018727e+00	-7.423597e+01	3.121080e+01	135
4.495500e+04	1.663564e+01	2.000034e+01	1.161272e-01	3.131340e+00	1.519201e+01	3.035092e+00	-7.423597e+01	3.121464e+01	136
4.528800e+04	1.664064e+01	2.000034e+01	1.169721e-01	3.148973e+00	1.522191e+01	3.051433e+00	-7.423597e+01	3.121848e+01	137
4.562100e+04	1.665064e+01	2.000034e+01	1.178181e-01	3.166580e+00	1.525169e+01	3.067749e+00	-7.423597e+01	3.122232e+01	138
4.595400e+04	1.665564e+01	2.000034e+01	1.186654e-01	3.184160e+00	1.528134e+01	3.084041e+00	-7.423597e+01	3.122618e+01	139
4.628700e+04	1.666064e+01	2.000034e+01	1.195138e-01	3.201713e+00	1.531086e+01	3.100308e+00	-7.423597e+01	3.123003e+01	140
4.662000e+04	1.667064e+01	2.000034e+01	1.203634e-01	3.219239e+00	1.534027e+01	3.116550e+00	-7.423597e+01	3.123390e+01	141
4.695300e+04	1.667564e+01	2.000034e+01	1.212141e-01	3.236738e+00	1.536955e+01	3.132767e+00	-7.423597e+01	3.123777e+01	142
4.728600e+04	1.668564e+01	2.000033e+01	1.220660e-01	3.254210e+00	1.539872e+01	3.148959e+00	-7.423597e+01	3.124164e+01	143
4.761900e+04	1.669064e+01	2.000033e+01	1.229190e-01	3.271654e+00	1.542776e+01	3.165125e+00	-7.423597e+01	3.124552e+01	144
4.795200e+04	1.670064e+01	2.000033e+01	1.237731e-01	3.289072e+00	1.545669e+01	3.181266e+00	-7.423597e+01	3.124940e+01	145
4.828500e+04	1.670564e+01	2.000033e+01	1.246283e-01	3.306461e+00	1.548549e+01	3.197381e+00	-7.423597e+01	3.125329e+01	146
4.861800e+04	1.671564e+01	2.000033e+01	1.254846e-01	3.323823e+00	1.551418e+01	3.213470e+00	-7.423597e+01	3.125719e+01	147
4.895100e+04	1.672064e+01	2.000033e+01	1.263419e-01	3.341157e+00	1.554276e+01	3.229533e+00	-7.423597e+01	3.126108e+01	148
4.928400e+04	1.673064e+01	2.000033e+01	1.272004e-01	3.358463e+00	1.557122e+01	3.245570e+00	-7.423597e+01	3.126499e+01	149
4.961700e+04	1.674064e+01	2.000033e+01	1.280599e-01	3.375741e+00	1.559956e+01	3.261581e+00	-7.423597e+01	3.126890e+01	150
4.995000e+04	1.674564e+01	2.000032e+01	1.289204e-01	3.392991e+00	1.562779e+01	3.277565e+00	-7.423597e+01	3.127281e+01	151
5.028300e+04	1.675564e+01	2.000032e+01	1.297820e-01	3.410212e+00	1.565591e+01	3.293522e+00	-7.423597e+01	3.127673e+01	152
5.061600e+04	1.676565e+01	2.000032e+01	1.306447e-01	3.427405e+00	1.568392e+01	3.309453e+00	-7.423597e+01	3.128065e+01	153
5.094900e+04	1.677064e+01	2.000032e+01	1.315083e-01	3.444570e+00	1.571181e+01	3.325356e+00	-7.423597e+01	3.128458e+01	154
5.128200e+04	1.678065e+01	2.000032e+01	1.323730e-01	3.461706e+00	1.573959e+01	3.341232e+00	-7.423597e+01	3.128851e+01	155
5.161500e+04	1.679065e+01	2.000032e+01	1.332387e-01	3.478814e+00	1.576727e+01	3.357081e+00	-7.423597e+01	3.129245e+01	156
5.194800e+04	1.680065e+01	2.000032e+01	1.341054e-01	3.495892e+00	1.579483e+01	3.372903e+00	-7.423597e+01	3.129639e+01	157
5.228100e+04	1.680565e+01	2.000031e+01	1.349731e-01	3.512942e+00	1.582229e+01	3.388697e+00	-7.423597e+01	3.130033e+01	158
5.261400e+04	1.681565e+01	2.000031e+01	1.358417e-01	3.529962e+00	1.584964e+01	3.404463e+00	-7.423597e+01	3.130428e+01	159
5.294700e+04	1.682565e+01	2.000031e+01	1.367114e-01	3.546954e+00	1.587688e+01	3.420201e+00	-7.423597e+01	3.130823e+01	160
5.328000e+04	1.683565e+01	2.000031e+01	1.375820e-01	3.563916e+00	1.590401e+01	3.435912e+00	-7.423597e+01	3.131219e+01	161
5.361300e+04	1.684565e+01	2.000031e+01	1.384535e-01	3.580849e+00	1.593104e+01	3.451594e+00	-7.423597e+01	3.131615e+01	162
5.394600e+04	1.685565e+01	2.000031e+01	1.393260e-01	3.597752e+00	1.595796e+01	3.467247e+00	-7.423597e+01	3.132012e+01	163
5.427900e+04	1.686565e+01	2.000030e+01	1.401994e-01	3.614625e+00	1.598479e+01	3.482873e+00	-7.423597e+01	3.132409e+01	164
5.461200e+04	1.687065e+01	2.000030e+01	1.410738e-01	3.631469e+00	1.601150e+01	3.498469e+00	-7.423597e+01	3.132807e+01	165
5.494500e+04	1.688065e+01	2.000030e+01	1.419491e-01	3.648283e+00	1.603812e+01	3.514037e+00	-7.423597e+01	3.133205e+01	166
5.527800e+04	1.689065e+01	2.000030e+01	1.428253e-01	3.665067e+00	1.606463e+01	3.529576e+00	-7.423597e+01	3.133603e+01	167
5.561100e+04	1.690065e+01	2.000030e+01	1.437024e-01	3.681821e+00	1.609104e+01	3.545085e+00	-7.423597e+01	3.134002e+01	168
5.594400e+04	1.691065e+01	2.000030e+01	1.445805e-01	3.698544e+00	1.611735e+01	3.560566e+00	-7.423597e+01	3.134401e+01	169
5.627700e+04	1.692066e+01	2.000029e+01	1.454594e-01	3.715237e+00	1.614356e+01	3.576017e+00	-7.423597e+01	3.134801e+01	170
5.661000e+04	1.693566e+01	2.000029e+01	1.463392e-01	3.731900e+00	1.616967e+01	3.591438e+00	-7.423597e+01	3.135201e+01	171
5.694300e+04	1.694566e+01	2.000029e+01	1.472199e-01	3.748532e+00	1.619568e+01	3.606830e+00	-7.423597e+01	3.135602e+01	172
5.727600e+04	1.695566e+01	2.000029e+01	1.481015e-01	3.765134e+00	1.622159e+01	3.622192e+00	-7.423597e+01	3.136003e+01	173
5.760900e+04	1.696566e+01	2.000028e+01	1.489839e-01	3.781705e+00	1.624741e+01	3.637523e+00	-7.423597e+01	3.136404e+01	174
5.794200e+04	1.697566e+01	2.000028e+01	1.498672e-01	3.798244e+00	1.627313e+01	3.652825e+00	-7.423597e+01	3.136806e+01	175
5.827500e+04	1.698566e+01	2.000028e+01	1.507514e-01	3.814753e+00	1.629875e+01	3.668096e+00	-7.423597e+01	3.137208e+01	176
5.860800e+04	1.699566e+01	2.000028e+01	1.516364e-01	3.831230e+00	1.632427e+01	3.683337e+00	-7.423597e+01	3.137611e+01	177
5.894100e+04	1.701067e+01	2.000028e+01	1.525222e-01	3.847676e+00	1.634971e+01	3.698548e+00	-7.423597e+01	3.138014e+01	178
5.927400e+04	1.702067e+01	2.000027e+01	1.534089e-01	3.864091e+00	1.637504e+01	3.713727e+00	-7.423597e+01	3.138418e+01	179
5.960700e+04	1.703067e+01	2.000027e+01	1.542965e-01	3.880474e+00	1.640029e+01	3.728876e+00	-7.423597e+01	3.138822e+01	180
5.994000e+04	1.704067e+01	2.000027e+01	1.551848e-01	3.896826e+00	1.642544e+01	3.743993e+00	-7.423597e+01	3.139227e+01	181
6.027300e+04	1.705567e+01	2.000026e+01	1.560740e-01	3.913145e+00	1.645049e+01	3.759079e+00	-7.423597e+01	3.139632e+01	182
6.060600e+04	1.706567e+01	2.000026e+01	1.569640e-01	3.929433e+00	1.647546e+01	3.774134e+00	-7.423597e+01	3.140037e+01	183
6.093900e+04	1.707568e+01	2.000026e+01	1.578547e-01	3.945689e+00	1.650033e+01	3.789158e+00	-7.423597e+01	3.140443e+01	184
6.127200e+04	1.709068e+01	2.000026e+01	1.587463e-01	3.961912e+00	1.652511e+01	3.804149e+00	-7.423597e+01	3.140850e+01	185
6.160500e+04	1.710068e+01	2.000025e+01	1.596387e-01	3.978103e+00	1.654980e+01	3.819109e+00	-7.423597e+01	3.141257e+01	186
6.193800e+04	1.711568e+01	2.000025e+01	1.605319e-01	3.994262e+00	1.657440e+01	3.834037e+00	-7.423597e+01	3.141664e+01	187
6.227100e+04	1.712568e+01	2.000025e+01	1.614259e-01	4.010388e+00	1.659891e+01	3.848932e+00	-7.423597e+01	3.142072e+01	188
6.260400e+04	1.714069e+01	2.000024e+01	1.623207e-01	4.026482e+00	1.662334e+01	3.863795e+00	-7.423597e+01	3.142481e+01	189
6.293700e+04	1.715069e+01	2.000024e+01	1.632162e-01	4.042542e+00	1.664767e+01	3.878626e+00	-7.423597e+01	3.142890e+01	190
6.327000e+04	1.716569e+01	2.000024e+01	1.641125e-01	4.058570e+00	1.667192e+01	3.893424e+00	-7.423597e+01	3.143299e+01	191
6.360300e+04	1.717569e+01	2.000023e+01	1.650096e-01	4.074564e+00	1.669608e+01	3.908189e+00	-7.423597e+01	3.143709e+01	192
6.393600e+04	1.719069e+01	2.000023e+01	1.659075e-01	4.090525e+00	1.672015e+01	3.922921e+00	-7.423597e+01	3.144120e+01	193
6.426900e+04	1.720070e+01	2.000023e+01	1.668061e-01	4.106453e+00	1.674414e+01	3.937620e+00	-7.423597e+01	3.144531e+01	194
6.460200e+04	1.721570e+01	2.000022e+01	1.677054e-01	4.122347e+00	1.676804e+01	3.952285e+00	-7.423597e+01	3.144942e+01	195
6.493500e+04	1.723070e+01	2.000022e+01	1.686055e-01	4.138208e+00	1.679185e+01	3.966917e+00	-7.423597e+01	3.145354e+01	196
6.526800e+04	1.724070e+01	2.000022e+01	1.695064e-01	4.154035e+00	1.681558e+01	3.981516e+00	-7.423597e+01	3.145767e+01	197
6.560100e+04	1.725571e+01	2.000021e+01	1.704080e-01	4.169827e+00	1.683923e+01	3.996080e+00	-7.423597e+01	3.146180e+01	198
6.593400e+04	1.727071e+01	2.000021e+01	1.713104e-01	4.185586e+00	1.686279e+01	4.010611e+00	-7.423597e+01	3.146594e+01	199
6.626700e+04	1.728071e+01	2.000020e+01	1.722134e-01	4.201310e+00	1.688627e+01	4.025107e+00	-7.423597e+01	3.147009e+01	200
6.660000e+04	1.729571e+01	2.000020e+01	1.731173e-01	4.217000e+00	1.690966e+01	4.039569e+00	-7.423597e+01	3.147424e+01	201
6.693300e+04	1.731072e+01	2.000020e+01	1.740218e-01	4.232656e+00	1.693298e+01	4.053996e+00	-7.423597e+01	3.147839e+01	202
6.726600e+04	1.732572e+01	2.000019e+01	1.749271e-01	4.248276e+00	1.695621e+01	4.068388e+00	-7.423597e+01	3.148255e+01	203
6.759900e+04	1.734072e+01	2.000019e+01	1.758331e-01	4.263862e+00	1.697936e+01	4.082746e+00	-7.423597e+01	3.148672e+01	204
6.793200e+04	1.735072e+01	2.000018e+01	1.767398e-01	4.279413e+00	1.700243e+01	4.097068e+00	-7.423597e+01	3.149090e+01	205
6.826500e+04	1.736573e+01	2.000018e+01	1.776472e-01	4.294929e+00	1.702542e+01	4.111356e+00	-7.423597e+01	3.149508e+01	206
6.859800e+04	1.738073e+01	2.000017e+01	1.785554e-01	4.310409e+00	1.704833e+01	4.125607e+00	-7.423597e+01	3.149927e+01	207
6.893100e+04	1.739573e+01	2.000017e+01	1.794642e-01	4.325854e+00	1.707116e+01	4.139823e+00	-7.423597e+01	3.150346e+01	208
6.926400e+04	1.741074e+01	2.000017e+01	1.803738e-01	4.341263e+00	1.709391e+01	4.154003e+00	-7.423597e+01	3.150766e+01	209
6.959700e+04	1.742574e+01	2.000016e+01	1.812841e-01	4.356636e+00	1.711658e+01	4.168147e+00	-7.423597e+01	3.151187e+01	210
6.993000e+04	1.744074e+01	2.000016e+01	1.821950e-01	4.371973e+00	1.713917e+01	4.182254e+00	-7.423597e+01	3.151609e+01	211
7.026300e+04	1.745575e+01	2.000015e+01	1.831067e-01	4.387274e+00	1.716169e+01	4.196326e+00	-7.423597e+01	3.152031e+01	212
7.059600e+04	1.747075e+01	2.000015e+01	1.840191e-01	4.402539e+00	1.718412e+01	4.210360e+00	-7.423597e+01	3.152454e+01	213
7.092900e+04	1.748575e+01	2.000014e+01	1.849322e-01	4.417767e+00	1.720649e+01	4.224357e+00	-7.423597e+01	3.152878e+01	214
7.126200e+04	1.750576e+01	2.000013e+01	1.858459e-01	4.432958e+00	1.722877e+01	4.238318e+00	-7.423597e+01	3.153302e+01	215
7.159500e+04	1.752076e+01	2.000013e+01	1.867604e-01	4.448113e+00	1.725098e+01	4.252241e+00	-7.423597e+01	3.153727e+01	216
7.192800e+04	1.753577e+01	2.000012e+01	1.876755e-01	4.463230e+00	1.727311e+01	4.266126e+00	-7.423597e+01	3.154153e+01	217
7.226100e+04	1.755077e+01	2.000012e+01	1.885914e-01	4.478310e+00	1.729517e+01	4.279974e+00	-7.423597e+01	3.154580e+01	218
7.259400e+04	1.756577e+01	2.000011e+01	1.895079e-01	4.493353e+00	1.731715e+01	4.293783e+00	-7.423597e+01	3.155008e+01	219
7.292700e+04	1.758578e+01	2.000011e+01	1.904251e-01	4.508358e+00	1.733906e+01	4.307555e+00	-7.423597e+01	3.155436e+01	220
7.326000e+04	1.760078e+01	2.000010e+01	1.913430e-01	4.523325e+00	1.736089e+01	4.321287e+00	-7.423597e+01	3.155865e+01	221
7.359300e+04	1.761579e+01	2.000009e+01	1.922616e-01	4.538254e+00	1.738265e+01	4.334982e+00	-7.423597e+01	3.156295e+01	222
7.392600e+04	1.763579e+01	2.000009e+01	1.931808e-01	4.553145e+00	1.740434e+01	4.348637e+00	-7.423597e+01	3.156726e+01	223
7.425900e+04	1.765080e+01	2.000008e+01	1.941008e-01	4.567997e+00	1.742595e+01	4.362253e+00	-7.423597e+01	3.157158e+01	224
7.459200e+04	1.767080e+01	2.000007e+01	1.950214e-01	4.582811e+00	1.744749e+01	4.375830e+00	-7.423597e+01	3.157591e+01	225
7.492500e+04	1.768581e+01	2.000007e+01	1.959427e-01	4.597586e+00	1.746896e+01	4.389367e+00	-7.423597e+01	3.158025e+01	226
7.525800e+04	1.770581e+01	2.000006e+01	1.968647e-01	4.612321e+00	1.749036e+01	4.402864e+00	-7.423597e+01	3.158459e+01	227
7.559100e+04	1.772082e+01	2.000005e+01	1.977873e-01	4.627018e+00	1.751168e+01	4.416320e+00	-7.423597e+01	3.158895e+01	228
7.592400e+04	1.774082e+01	2.000005e+01	1.987107e-01	4.641674e+00	1.753294e+01	4.429737e+00	-7.423597e+01	3.159331e+01	229
7.625700e+04	1.775583e+01	2.000004e+01	1.996347e-01	4.656291e+00	1.755412e+01	4.443112e+00	-7.423597e+01	3.159769e+01	230
7.659000e+04	1.777583e+01	2.000003e+01	2.005594e-01	4.670868e+00	1.757523e+01	4.456447e+00	-7.423597e+01	3.160207e+01	231
7.692300e+04	1.779584e+01	2.000002e+01	2.014848e-01	4.685405e+00	1.759627e+01	4.469740e+00	-7.423597e+01	3.160647e+01	232
7.725600e+04	1.781584e+01	2.000002e+01	2.024109e-01	4.699901e+00	1.761725e+01	4.482992e+00	-7.423597e+01	3.161088e+01	233
7.758900e+04	1.783085e+01	2.000001e+01	2.033376e-01	4.714357e+00	1.763815e+01	4.496202e+00	-7.423597e+01	3.161529e+01	234
7.792200e+04	1.785085e+01	2.000000e+01	2.042650e-01	4.728771e+00	1.765899e+01	4.509369e+00	-7.423597e+01	3.161972e+01	235
7.825500e+04	1.787086e+01	1.999999e+01	2.051931e-01	4.743145e+00	1.767975e+01	4.522495e+00	-7.423597e+01	3.162416e+01	236
7.858800e+04	1.789087e+01	1.999998e+01	2.061219e-01	4.757476e+00	1.770045e+01	4.535577e+00	-7.423597e+01	3.162861e+01	237
7.892100e+04	1.791087e+01	1.999997e+01	2.070514e-01	4.771766e+00	1.772108e+01	4.548616e+00	-7.423597e+01	3.163307e+01	238
7.925400e+04	1.793088e+01	1.999997e+01	2.079815e-01	4.786014e+00	1.774164e+01	4.561612e+00	-7.423597e+01	3.163755e+01	239
7.958700e+04	1.795089e+01	1.999996e+01	2.089124e-01	4.800220e+00	1.776214e+01	4.574565e+00	-7.423597e+01	3.164203e+01	240
7.992000e+04	1.797089e+01	1.999995e+01	2.098439e-01	4.814383e+00	1.778257e+01	4.587473e+00	-7.423597e+01	3.164653e+01	241
8.025300e+04	1.799090e+01	1.999994e+01	2.107761e-01	4.828503e+00	1.780293e+01	4.600337e+00	-7.423597e+01	3.165104e+01	242
8.058600e+04	1.801091e+01	1.999993e+01	2.117091e-01	4.842580e+00	1.782323e+01	4.613156e+00	-7.423597e+01	3.165557e+01	243
8.091900e+04	1.803091e+01	1.999992e+01	2.126427e-01	4.856613e+00	1.784345e+01	4.625930e+00	-7.423597e+01	3.166010e+01	244
8.125200e+04	1.805092e+01	1.999991e+01	2.135770e-01	4.870603e+00	1.786362e+01	4.638658e+00	-7.423597e+01	3.166465e+01	245
8.158500e+04	1.807593e+01	1.999990e+01	2.145120e-01	4.884548e+00	1.788372e+01	4.651341e+00	-7.423597e+01	3.166922e+01	246
8.191800e+04	1.809594e+01	1.999989e+01	2.154477e-01	4.898449e+00	1.790375e+01	4.663977e+00	-7.423597e+01	3.167379e+01	247
8.225100e+04	1.811595e+01	1.999988e+01	2.163841e-01	4.912305e+00	1.792372e+01	4.676567e+00	-7.423597e+01	3.167839e+01	248
8.258400e+04	1.814096e+01	1.999987e+01	2.173212e-01	4.926117e+00	1.794362e+01	4.689110e+00	-7.423597e+01	3.168299e+01	249
8.291700e+04	1.816096e+01	1.999986e+01	2.182590e-01	4.939882e+00	1.796346e+01	4.701605e+00	-7.423597e+01	3.168761e+01	250
8.325000e+04	1.818597e+01	1.999985e+01	2.191976e-01	4.953602e+00	1.798324e+01	4.714053e+00	-7.423597e+01	3.169225e+01	251
8.358300e+04	1.820598e+01	1.999983e+01	2.201368e-01	4.967276e+00	1.800295e+01	4.726452e+00	-7.423597e+01	3.169690e+01	252
8.391600e+04	1.823099e+01	1.999982e+01	2.210768e-01	4.980903e+00	1.802260e+01	4.738803e+00	-7.423597e+01	3.170157e+01	253
8.424900e+04	1.825600e+01	1.999981e+01	2.220175e-01	4.994483e+00	1.804219e+01	4.751104e+00	-7.423597e+01	3.170625e+01	254
8.458200e+04	1.827601e+01	1.999980e+01	2.229589e-01	5.008016e+00	1.806171e+01	4.763356e+00	-7.423597e+01	3.171095e+01	255
8.491500e+04	1.830102e+01	1.999979e+01	2.239011e-01	5.021502e+00	1.808117e+01	4.775558e+00	-7.423597e+01	3.171567e+01	256
8.524800e+04	1.832603e+01	1.999977e+01	2.248440e-01	5.034939e+00	1.810057e+01	4.787710e+00	-7.423597e+01	3.172040e+01	257
8.558100e+04	1.835104e+01	1.999976e+01	2.257876e-01	5.048327e+00	1.811991e+01	4.799810e+00	-7.423597e+01	3.172515e+01	258
8.591400e+04	1.837605e+01	1.999975e+01	2.267320e-01	5.061667e+00	1.813919e+01	4.811859e+00	-7.423597e+01	3.172992e+01	259
8.624700e+04	1.840107e+01	1.999973e+01	2.276772e-01	5.074958e+00	1.815840e+01	4.823856e+00	-7.423597e+01	3.173471e+01	260
8.658000e+04	1.842608e+01	1.999972e+01	2.286231e-01	5.088198e+00	1.817756e+01	4.835800e+00	-7.423597e+01	3.173951e+01	261
8.691300e+04	1.845109e+01	1.999970e+01	2.295698e-01	5.101388e+00	1.819665e+01	4.847691e+00	-7.423597e+01	3.174434e+01	262
8.724600e+04	1.847610e+01	1.999969e+01	2.305172e-01	5.114528e+00	1.821569e+01	4.859529e+00	-7.423597e+01	3.174918e+01	263
8.757900e+04	1.850111e+01	1.999967e+01	2.314654e-01	5.127616e+00	1.823466e+01	4.871312e+00	-7.423597e+01	3.175405e+01	264
8.791200e+04	1.853113e+01	1.999966e+01	2.324144e-01	5.140653e+00	1.825357e+01	4.883040e+00	-7.423597e+01	3.175893e+01	265
8.824500e+04	1.855614e+01	1.999964e+01	2.333642e-01	5.153637e+00	1.827243e+01	4.894713e+00	-7.423597e+01	3.176383e+01	266
8.857800e+04	1.858616e+01	1.999963e+01	2.343148e-01	5.166569e+00	1.829122e+01	4.906330e+00	-7.423597e+01	3.176876e+01	267
8.891100e+04	1.861117e+01	1.999961e+01	2.352662e-01	5.179447e+00	1.830995e+01	4.917890e+00	-7.423597e+01	3.177371e+01	268
8.924400e+04	1.864119e+01	1.999960e+01	2.362184e-01	5.192271e+00	1.832863e+01	4.929393e+00	-7.423597e+01	3.177868e+01	269
8.957700e+04	1.866620e+01	1.999958e+01	2.371714e-01	5.205041e+00	1.834725e+01	4.940837e+00	-7.423597e+01	3.178367e+01	270
8.991000e+04	1.869621e+01	1.999956e+01	2.381252e-01	5.217756e+00	1.836581e+01	4.952223e+00	-7.423597e+01	3.178869e+01	271
9.024300e+04	1.872623e+01	1.999954e+01	2.390799e-01	5.230415e+00	1.838431e+01	4.963549e+00	-7.423597e+01	3.179373e+01	272
9.057600e+04	1.875625e+01	1.999952e+01	2.400354e-01	5.243018e+00	1.840275e+01	4.974816e+00	-7.423597e+01	3.179879e+01	273
9.090900e+04	1.878627e+01	1.999951e+01	2.409918e-01	5.255565e+00	1.842114e+01	4.986021e+00	-7.423597e+01	3.180388e+01	274
9.124200e+04	1.881628e+01	1.999949e+01	2.419490e-01	5.268053e+00	1.843947e+01	4.997164e+00	-7.423597e+01	3.180899e+01	275
9.157500e+04	1.884630e+01	1.999947e+01	2.429072e-01	5.280484e+00	1.845774e+01	5.008245e+00	-7.423597e+01	3.181413e+01	276
9.190800e+04	1.888132e+01	1.999945e+01	2.438662e-01	5.292855e+00	1.847596e+01	5.019262e+00	-7.423597e+01	3.181930e+01	277
9.224100e+04	1.891134e+01	1.999943e+01	2.448260e-01	5.305167e+00	1.849412e+01	5.030215e+00	-7.423597e+01	3.182449e+01	278
9.257400e+04	1.894136e+01	1.999941e+01	2.457868e-01	5.317418e+00	1.851222e+01	5.041102e+00	-7.423597e+01	3.182971e+01	279
9.290700e+04	1.897639e+01	1.999939e+01	2.467485e-01	5.329609e+00	1.853026e+01	5.051924e+00	-7.423597e+01	3.183497e+01	280
9.324000e+04	1.901141e+01	1.999936e+01	2.477112e-01	5.341737e+00	1.854825e+01	5.062678e+00	-7.423597e+01	3.184025e+01	281
9.357300e+04	1.904643e+01	1.999934e+01	2.486747e-01	5.353803e+00	1.856619e+01	5.073364e+00	-7.423597e+01	3.184556e+01	282
9.390600e+04	1.907645e+01	1.999932e+01	2.496393e-01	5.365805e+00	1.858407e+01	5.083981e+00	-7.423597e+01	3.185090e+01	283
9.423900e+04	1.911148e+01	1.999929e+01	2.506047e-01	5.377742e+00	1.860189e+01	5.094528e+00	-7.423597e+01	3.185627e+01	284
9.457200e+04	1.915151e+01	1.999927e+01	2.515712e-01	5.389614e+00	1.861966e+01	5.105004e+00	-7.423597e+01	3.186167e+01	285
9.490500e+04	1.918654e+01	1.999925e+01	2.525386e-01	5.401420e+00	1.863738e+01	5.115407e+00	-7.423597e+01	3.186711e+01	286
9.523800e+04	1.922156e+01	1.999922e+01	2.535071e-01	5.413158e+00	1.865504e+01	5.125736e+00	-7.423597e+01	3.187258e+01	287
9.557100e+04	1.926160e+01	1.999919e+01	2.544766e-01	5.424828e+00	1.867264e+01	5.135990e+00	-7.423597e+01	3.187809e+01	288
9.590400e+04	1.929662e+01	1.999917e+01	2.554470e-01	5.436429e+00	1.869020e+01	5.146169e+00	-7.423597e+01	3.188363e+01	289
9.623700e+04	1.933666e+01	1.999914e+01	2.564186e-01	5.447959e+00	1.870770e+01	5.156269e+00	-7.423597e+01	3.188921e+01	290
9.657000e+04	1.937669e+01	1.999911e+01	2.573912e-01	5.459418e+00	1.872514e+01	5.166291e+00	-7.423597e+01	3.189483e+01	291
9.690300e+04	1.941673e+01	1.999908e+01	2.583648e-01	5.470804e+00	1.874253e+01	5.176233e+00	-7.423597e+01	3.190049e+01	292
9.723600e+04	1.945676e+01	1.999905e+01	2.593396e-01	5.482116e+00	1.875987e+01	5.186093e+00	-7.423597e+01	3.190618e+01	293
9.756900e+04	1.950180e+01	1.999902e+01	2.603155e-01	5.493353e+00	1.877716e+01	5.195869e+00	-7.423597e+01	3.191192e+01	294
9.790200e+04	1.954184e+01	1.999899e+01	2.612925e-01	5.504514e+00	1.879439e+01	5.205560e+00	-7.423597e+01	3.191770e+01	295
9.823500e+04	1.958688e+01	1.999896e+01	2.622706e-01	5.515596e+00	1.881157e+01	5.215165e+00	-7.423597e+01	3.192352e+01	296
9.856800e+04	1.963193e+01	1.999893e+01	2.632499e-01	5.526600e+00	1.882870e+01	5.224682e+00	-7.423597e+01	3.192939e+01	297
9.890100e+04	1.967698e+01	1.999889e+01	2.642304e-01	5.537522e+00	1.884578e+01	5.234108e+00	-7.423597e+01	3.193530e+01	298
9.923400e+04	1.972202e+01	1.999886e+01	2.652121e-01	5.548363e+00	1.886280e+01	5.243442e+00	-7.423597e+01	3.194126e+01	299
9.956700e+04	1.976707e+01	1.999882e+01	2.661949e-01	5.559120e+00	1.887978e+01	5.252682e+00	-7.423597e+01	3.194727e+01	300
9.990000e+04	1.981713e+01	1.999879e+01	2.671791e-01	5.569791e+00	1.889670e+01	5.261826e+00	-7.423597e+01	3.195333e+01	301
1.002330e+05	1.986719e+01	1.999875e+01	2.681644e-01	5.580375e+00	1.891357e+01	5.270871e+00	-7.423597e+01	3.195944e+01	302
1.005660e+05	1.991725e+01	1.999871e+01	2.691511e-01	5.590870e+00	1.893040e+01	5.279816e+00	-7.423597e+01	3.196560e+01	303
1.008990e+05	1.996731e+01	1.999867e+01	2.701390e-01	5.601274e+00	1.894717e+01	5.288657e+00	-7.423597e+01	3.197182e+01	304
1.012320e+05	2.002238e+01	1.999863e+01	2.711283e-01	5.611585e+00	1.896389e+01	5.297393e+00	-7.423597e+01	3.197809e+01	305
1.015650e+05	2.007245e+01	1.999859e+01	2.721189e-01	5.621801e+00	1.898056e+01	5.306021e+00	-7.423597e+01	3.198442e+01	306
1.018980e+05	2.012752e+01	1.999854e+01	2.731108e-01	5.631920e+00	1.899718e+01	5.314538e+00	-7.423597e+01	3.199081e+01	307
1.022310e+05	2.018761e+01	1.999850e+01	2.741042e-01	5.641940e+00	1.901375e+01	5.322942e+00	-7.423597e+01	3.199727e+01	308
1.025640e+05	2.024269e+01	1.999845e+01	2.750989e-01	5.651858e+00	1.903028e+01	5.331228e+00	-7.423597e+01	3.200378e+01	309
1.028970e+05	2.030278e+01	1.999840e+01	2.760950e-01	5.661672e+00	1.904675e+01	5.339395e+00	-7.423597e+01	3.201036e+01	310
1.032300e+05	2.036288e+01	1.999835e+01	2.770926e-01	5.671379e+00	1.906318e+01	5.347438e+00	-7.423597e+01	3.201701e+01	311
1.035630e+05	2.042799e+01	1.999830e+01	2.780916e-01	5.680976e+00	1.907955e+01	5.355354e+00	-7.423597e+01	3.202373e+01	312
1.038960e+05	2.049310e+01	1.999825e+01	2.790921e-01	5.690461e+00	1.909588e+01	5.363139e+00	-7.423597e+01	3.203053e+01	313
1.042290e+05	2.055822e+01	1.999820e+01	2.800941e-01	5.699831e+00	1.911217e+01	5.370790e+00	-7.423597e+01	3.203740e+01	314
1.045620e+05	2.062835e+01	1.999814e+01	2.810976e-01	5.709081e+00	1.912840e+01	5.378301e+00	-7.423597e+01	3.204434e+01	315
1.048950e+05	2.069849e+01	1.999808e+01	2.821027e-01	5.718210e+00	1.914459e+01	5.385670e+00	-7.423597e+01	3.205137e+01	316
1.052280e+05	2.076864e+01	1.999802e+01	2.831093e-01	5.727212e+00	1.916073e+01	5.392891e+00	-7.423597e+01	3.205848e+01	317
1.055610e+05	2.084380e+01	1.999796e+01	2.841174e-01	5.736085e+00	1.917682e+01	5.399958e+00	-7.423597e+01	3.206567e+01	318
1.058940e+05	2.092399e+01	1.999789e+01	2.851272e-01	5.744825e+00	1.919287e+01	5.406868e+00	-7.423597e+01	3.207296e+01	319
1.062270e+05	2.100418e+01	1.999783e+01	2.861385e-01	5.753426e+00	1.920887e+01	5.413613e+00	-7.423597e+01	3.208034e+01	320
1.065600e+05	2.108438e+01	1.999776e+01	2.871514e-01	5.761886e+00	1.922483e+01	5.420189e+00	-7.423597e+01	3.208781e+01	321
1.068930e+05	2.116961e+01	1.999769e+01	2.881659e-01	5.770198e+00	1.924074e+01	5.426589e+00	-7.423597e+01	3.209539e+01	322
1.072260e+05	2.125987e+01	1.999761e+01	2.891820e-01	5.778358e+00	1.925661e+01	5.432805e+00	-7.423597e+01	3.210307e+01	323
1.075590e+05	2.135014e+01	1.999754e+01	2.901998e-01	5.786360e+00	1.927244e+01	5.438831e+00	-7.423597e+01	3.211086e+01	324
1.078920e+05	2.145047e+01	1.999746e+01	2.912191e-01	5.794199e+00	1.928822e+01	5.444659e+00	-7.423597e+01	3.211876e+01	325
1.082250e+05	2.154580e+01	1.999737e+01	2.922399e-01	5.801869e+00	1.930396e+01	5.450281e+00	-7.423597e+01	3.212678e+01	326
1.085580e+05	2.165119e+01	1.999729e+01	2.932623e-01	5.809362e+00	1.931965e+01	5.455687e+00	-7.423597e+01	3.213492e+01	327
1.088910e+05	2.176162e+01	1.999720e+01	2.942862e-01	5.816672e+00	1.933531e+01	5.460868e+00	-7.423597e+01	3.214319e+01	328
1.092240e+05	2.187209e+01	1.999710e+01	2.953116e-01	5.823791e+00	1.935092e+01	5.465813e+00	-7.423597e+01	3.215159e+01	329
1.095570e+05	2.199265e+01	1.999700e+01	2.963385e-01	5.830710e+00	1.936649e+01	5.470511e+00	-7.423597e+01	3.216013e+01	330
1.098900e+05	2.211325e+01	1.999690e+01	2.973666e-01	5.837422e+00	1.938203e+01	5.474951e+00	-7.423597e+01	3.216882e+01	331
1.102230e+05	2.224396e+01	1.999680e+01	2.983960e-01	5.843917e+00	1.939752e+01	5.479118e+00	-7.423597e+01	3.217765e+01	332
1.105560e+05	2.238480e+01	1.999669e+01	2.994265e-01	5.850183e+00	1.941298e+01	5.482999e+00	-7.423597e+01	3.218665e+01	333
1.108890e+05	2.252571e+01	1.999657e+01	3.004581e-01	5.856211e+00	1.942840e+01	5.486578e+00	-7.423597e+01	3.219581e+01	334
1.112220e+05	2.268184e+01	1.999645e+01	3.014905e-01	5.861989e+00	1.944378e+01	5.489837e+00	-7.423597e+01	3.220515e+01	335
1.115550e+05	2.284313e+01	1.999632e+01	3.025235e-01	5.867502e+00	1.945913e+01	5.492759e+00	-7.423597e+01	3.221467e+01	336
1.118880e+05	2.301466e+01	1.999619e+01	3.035570e-01	5.872737e+00	1.947444e+01	5.495322e+00	-7.423597e+01	3.222438e+01	337
1.122210e+05	2.319649e+01	1.999605e+01	3.045905e-01	5.877678e+00	1.948973e+01	5.497505e+00	-7.423597e+01	3.223429e+01	338
1.125540e+05	2.339375e+01	1.999590e+01	3.056239e-01	5.882308e+00	1.950498e+01	5.499282e+00	-7.423597e+01	3.224441e+01	339
1.128870e+05	2.360146e+01	1.999575e+01	3.066566e-01	5.886609e+00	1.952020e+01	5.500627e+00	-7.423597e+01	3.225476e+01	340
1.132200e+05	2.382482e+01	1.999558e+01	3.076882e-01	5.890558e+00	1.953540e+01	5.501508e+00	-7.423597e+01	3.226534e+01	341
1.135530e+05	2.406911e+01	1.999541e+01	3.087181e-01	5.894135e+00	1.955057e+01	5.501892e+00	-7.423597e+01	3.227616e+01	342
1.138860e+05	2.433461e+01	1.999523e+01	3.098468e-01	5.897312e+00	1.956572e+01	5.501742e+00	-7.423597e+01	3.228725e+01	343
1.142190e+05	2.462688e+01	1.999504e+01	3.114460e-01	5.900062e+00	1.958085e+01	5.501014e+00	-7.423597e+01	3.229861e+01	344
1.145520e+05	2.494137e+01	1.999484e+01	3.130885e-01	5.902352e+00	1.959596e+01	5.499660e+00	-7.423597e+01	3.231026e+01	345
1.148850e+05	2.529453e+01	1.999463e+01	3.147792e-01	5.904148e+00	1.961106e+01	5.497628e+00	-7.423597e+01	3.232221e+01	346
1.152180e+05	2.568798e+01	1.999440e+01	3.165239e-01	5.905410e+00	1.962616e+01	5.494856e+00	-7.423597e+01	3.233448e+01	347
1.155510e+05	2.612957e+01	1.999416e+01	3.183293e-01	5.906091e+00	1.964124e+01	5.491273e+00	-7.423597e+01	3.234710e+01	348
1.158840e+05	2.663444e+01	1.999390e+01	3.202036e-01	5.906141e+00	1.965633e+01	5.486799e+00	-7.423597e+01	3.236008e+01	349
1.162170e+05	2.721590e+01	1.999363e+01	3.221561e-01	5.905500e+00	1.967143e+01	5.481342e+00	-7.423597e+01	3.237343e+01	350
1.165500e+05	2.789314e+01	1.999334e+01	3.241982e-01	5.904101e+00	1.968655e+01	5.474794e+00	-7.423597e+01	3.238718e+01	351
1.168830e+05	2.870812e+01	1.999304e+01	3.263435e-01	5.901864e+00	1.970168e+01	5.467030e+00	-7.423597e+01	3.240136e+01	352
1.172160e+05	2.970094e+01	1.999271e+01	3.286086e-01	5.898699e+00	1.971686e+01	5.457903e+00	-7.423597e+01	3.241597e+01	353
1.175490e+05	3.094724e+01	1.999236e+01	3.310135e-01	5.894498e+00	1.973208e+01	5.447239e+00	-7.423597e+01	3.243105e+01	354
1.178820e+05	3.257354e+01	1.999199e+01	3.335828e-01	5.889135e+00	1.974736e+01	5.434832e+00	-7.423597e+01	3.244661e+01	355
1.182150e+05	3.478349e+01	1.999159e+01	3.363468e-01	5.882459e+00	1.976272e+01	5.420433e+00	-7.423597e+01	3.246266e+01	356
1.185480e+05	3.784633e+01	1.999117e+01	3.393427e-01	5.874288e+00	1.977819e+01	5.403743e+00	-7.423597e+01	3.247923e+01	357
1.188810e+05	4.200109e+01	1.999072e+01	3.426161e-01	5.864404e+00	1.979379e+01	5.384403e+00	-7.423597e+01	3.249630e+01	358
1.192140e+05	4.707008e+01	1.999026e+01	3.462228e-01	5.852540e+00	1.980955e+01	5.361970e+00	-7.423597e+01	3.251388e+01	359
1.195470e+05	5.263889e+01	1.998977e+01	3.502288e-01	5.838365e+00	1.982552e+01	5.335908e+00	-7.423597e+01	3.253193e+01	360
1.198800e+05	5.840065e+01	1.998927e+01	3.547087e-01	5.821474e+00	1.984176e+01	5.305567e+00	-7.423597e+01	3.255042e+01	361
1.200000e+05	6.425033e+01	1.998876e+01	3.244701e-01	5.823617e+00	1.984134e+01	5.548752e-03	-7.423597e+01	3.256927e+01	361
