0.000000e+00	0.000000e+00	0.000000e+00	-2.000000e+03	2.500000e-01	1.000000e+01	2.073800e-01	1.000000e+00	0.000000e+00	1
3.330000e+02	9.052044e+01	1.366173e+02	4.510256e-02	2.587872e-01	9.997157e+00	1.698583e-01	-7.491128e+01	8.690326e+01	2
6.660000e+02	0.000000e+00	1.734427e+02	1.520642e-01	2.897560e-01	1.000334e+01	2.305860e-01	-7.491130e+01	0.000000e+00	3
9.990000e+02	0.000000e+00	3.874389e+01	4.456925e-01	2.745021e-01	1.002304e+01	4.755025e-01	-7.491130e+01	0.000000e+00	4
1.332000e+03	1.195856e+02	2.000494e+01	2.663317e-01	2.762238e-01	1.008763e+01	5.264918e-01	-7.491130e+01	3.131421e+01	5
1.665000e+03	4.600659e+01	1.984176e+01	1.547448e-01	2.822129e-01	1.011483e+01	3.735318e-01	-7.491130e+01	3.501017e+01	6
1.998000e+03	0.000000e+00	1.547113e+02	3.437144e-01	2.795465e-01	1.012410e+01	6.350012e-01	-7.491130e+01	0.000000e+00	7
2.331000e+03	1.154337e+02	2.000202e+01	2.709903e-01	3.367341e-01	1.018468e+01	5.803920e-01	-7.491130e+01	3.082545e+01	8
2.664000e+03	3.321199e+02	1.977350e+01	2.415324e-01	3.810159e-01	1.024089e+01	6.093663e-01	-7.491130e+01	3.211519e+01	9
2.997000e+03	0.000000e+00	1.975195e+01	2.610921e-01	4.264536e-01	1.029947e+01	6.673974e-01	-7.491130e+01	0.000000e+00	10
3.330000e+03	0.000000e+00	1.991030e+01	2.862018e-01	4.709628e-01	1.037942e+01	7.978133e-01	-7.491130e+01	0.000000e+00	11
3.663000e+03	2.418400e+01	1.996203e+01	5.010516e-02	5.298740e-01	1.043287e+01	7.844424e-01	-7.491130e+01	2.966889e+01	12
3.996000e+03	3.481505e+01	2.000239e+01	4.191159e-02	5.829960e-01	1.048354e+01	8.204832e-01	-7.491130e+01	2.985223e+01	13
4.329000e+03	2.716938e+01	2.000142e+01	3.838704e-02	6.354395e-01	1.053369e+01	8.570907e-01	-7.491130e+01	2.975081e+01	14
4.662000e+03	2.302750e+01	2.000108e+01	3.732994e-02	6.868352e-01	1.058412e+01	8.936143e-01	-7.491130e+01	2.967953e+01	15
4.995000e+03	2.087617e+01	2.000091e+01	3.711219e-02	7.368421e-01	1.063515e+01	9.297505e-01	-7.491130e+01	2.962088e+01	16
5.328000e+03	1.966901e+01	2.000081e+01	3.726949e-02	7.852308e-01	1.068690e+01	9.652775e-01	-7.491130e+01	2.956977e+01	17
5.661000e+03	1.894312e+01	2.000074e+01	3.762978e-02	8.318712e-01	1.073937e+01	1.000033e+00	-7.491130e+01	2.952405e+01	18
5.994000e+03	1.846770e+01	2.000069e+01	3.811309e-02	8.767100e-01	1.079251e+01	1.033909e+00	-7.491130e+01	2.948274e+01	19
6.327000e+03	1.814248e+01	2.000065e+01	3.867628e-02	9.197520e-01	1.084625e+01	1.066847e+00	-7.491130e+01	2.944530e+01	20
6.660000e+03	1.790235e+01	2.000061e+01	3.929407e-02	9.610436e-01	1.090051e+01	1.098827e+00	-7.491130e+01	2.941140e+01	21
6.993000e+03	1.771727e+01	2.000058e+01	3.995085e-02	1.000661e+00	1.095521e+01	1.129861e+00	-7.491130e+01	2.938075e+01	22
7.326000e+03	1.757222e+01	2.000056e+01	4.063654e-02	1.038700e+00	1.101026e+01	1.159982e+00	-7.491130e+01	2.935308e+01	23
7.659000e+03	1.744718e+01	2.000053e+01	4.134444e-02	1.075269e+00	1.106558e+01	1.189240e+00	-7.491130e+01	2.932813e+01	24
7.992000e+03	1.734214e+01	2.000051e+01	4.206983e-02	1.110483e+00	1.112112e+01	1.217693e+00	-7.491130e+01	2.930566e+01	25
8.325000e+03	1.725212e+01	2.000049e+01	4.280942e-02	1.144455e+00	1.117679e+01	1.245407e+00	-7.491130e+01	2.928544e+01	26
8.658000e+03	1.717210e+01	2.000048e+01	4.356085e-02	1.177302e+00	1.123255e+01	1.272446e+00	-7.491130e+01	2.926724e+01	27
8.991000e+03	1.709707e+01	2.000046e+01	4.432243e-02	1.209132e+00	1.128834e+01	1.298877e+00	-7.491130e+01	2.925086e+01	28
9.324000e+03	1.703205e+01	2.000045e+01	4.509289e-02	1.240049e+00	1.134412e+01	1.324761e+00	-7.491130e+01	2.923612e+01	29
9.657000e+03	1.696703e+01	2.000044e+01	4.587132e-02	1.270151e+00	1.139984e+01	1.350160e+00	-7.491130e+01	2.922284e+01	30
9.990000e+03	1.690701e+01	2.000043e+01	4.665701e-02	1.299526e+00	1.145547e+01	1.375129e+00	-7.491130e+01	2.921086e+01	31
1.032300e+04	1.685199e+01	2.000042e+01	4.744942e-02	1.328257e+00	1.151098e+01	1.399718e+00	-7.491130e+01	2.920006e+01	32
1.065600e+04	1.680197e+01	2.000041e+01	4.824814e-02	1.356419e+00	1.156634e+01	1.423975e+00	-7.491130e+01	2.919029e+01	33
1.098900e+04	1.675195e+01	2.000041e+01	4.905282e-02	1.384077e+00	1.162153e+01	1.447942e+00	-7.491130e+01	2.918144e+01	34
1.132200e+04	1.670693e+01	2.000040e+01	4.986321e-02	1.411294e+00	1.167652e+01	1.471656e+00	-7.491130e+01	2.917343e+01	35
1.165500e+04	1.665691e+01	2.000039e+01	5.067908e-02	1.438122e+00	1.173131e+01	1.495151e+00	-7.491130e+01	2.916615e+01	36
1.198800e+04	1.661689e+01	2.000039e+01	5.150023e-02	1.464610e+00	1.178588e+01	1.518458e+00	-7.491130e+01	2.915952e+01	37
1.232100e+04	1.657186e+01	2.000039e+01	5.232650e-02	1.490800e+00	1.184020e+01	1.541602e+00	-7.491130e+01	2.915349e+01	38
1.265400e+04	1.653185e+01	2.000038e+01	5.315775e-02	1.516729e+00	1.189429e+01	1.564608e+00	-7.491130e+01	2.914798e+01	39
1.298700e+04	1.649182e+01	2.000038e+01	5.399386e-02	1.542430e+00	1.194811e+01	1.587495e+00	-7.491130e+01	2.914295e+01	40
1.332000e+04	1.645180e+01	2.000038e+01	5.483471e-02	1.567933e+00	1.200168e+01	1.610282e+00	-7.491130e+01	2.913833e+01	41
1.365300e+04	1.641678e+01	2.000037e+01	5.568019e-02	1.593262e+00	1.205498e+01	1.632984e+00	-7.491130e+01	2.913410e+01	42
1.398600e+04	1.638177e+01	2.000037e+01	5.653021e-02	1.618441e+00	1.210800e+01	1.655614e+00	-7.491130e+01	2.913022e+01	43
1.431900e+04	1.634174e+01	2.000037e+01	5.738467e-02	1.643488e+00	1.216075e+01	1.678185e+00	-7.491130e+01	2.912664e+01	44
1.465200e+04	1.631173e+01	2.000037e+01	5.824351e-02	1.668421e+00	1.221322e+01	1.700707e+00	-7.491130e+01	2.912335e+01	45
1.498500e+04	1.627670e+01	2.000037e+01	5.910663e-02	1.693255e+00	1.226542e+01	1.723189e+00	-7.491130e+01	2.912032e+01	46
1.531800e+04	1.624168e+01	2.000036e+01	5.997396e-02	1.718002e+00	1.231732e+01	1.745637e+00	-7.491130e+01	2.911752e+01	47
1.565100e+04	1.621167e+01	2.000036e+01	6.084542e-02	1.742673e+00	1.236895e+01	1.768059e+00	-7.491130e+01	2.911494e+01	48
1.598400e+04	1.617664e+01	2.000036e+01	6.172095e-02	1.767278e+00	1.242030e+01	1.790460e+00	-7.491130e+01	2.911255e+01	49
1.631700e+04	1.614663e+01	2.000036e+01	6.260048e-02	1.791826e+00	1.247136e+01	1.812844e+00	-7.491130e+01	2.911035e+01	50
1.665000e+04	1.611661e+01	2.000036e+01	6.348395e-02	1.816324e+00	1.252214e+01	1.835217e+00	-7.491130e+01	2.910832e+01	51
1.698300e+04	1.608659e+01	2.000036e+01	6.437128e-02	1.840778e+00	1.257263e+01	1.857580e+00	-7.491130e+01	2.910645e+01	52
1.731600e+04	1.605657e+01	2.000036e+01	6.526242e-02	1.865194e+00	1.262285e+01	1.879938e+00	-7.491130e+01	2.910472e+01	53
1.764900e+04	1.603155e+01	2.000036e+01	6.615731e-02	1.889576e+00	1.267278e+01	1.902291e+00	-7.491130e+01	2.910313e+01	54
1.798200e+04	1.600154e+01	2.000036e+01	6.705588e-02	1.913929e+00	1.272244e+01	1.924643e+00	-7.491130e+01	2.910168e+01	55
1.831500e+04	1.597152e+01	2.000036e+01	6.795809e-02	1.938255e+00	1.277182e+01	1.946995e+00	-7.491130e+01	2.910034e+01	56
1.864800e+04	1.594650e+01	2.000036e+01	6.886387e-02	1.962558e+00	1.282093e+01	1.969348e+00	-7.491130e+01	2.909911e+01	57
1.898100e+04	1.592148e+01	2.000036e+01	6.977318e-02	1.986841e+00	1.286976e+01	1.991703e+00	-7.491130e+01	2.909800e+01	58
1.931400e+04	1.589146e+01	2.000036e+01	7.068595e-02	2.011105e+00	1.291832e+01	2.014061e+00	-7.491130e+01	2.909699e+01	59
1.964700e+04	1.586645e+01	2.000036e+01	7.160213e-02	2.035353e+00	1.296661e+01	2.036423e+00	-7.491130e+01	2.909607e+01	60
1.998000e+04	1.584143e+01	2.000036e+01	7.252167e-02	2.059585e+00	1.301463e+01	2.058789e+00	-7.491130e+01	2.909525e+01	61
2.031300e+04	1.581641e+01	2.000036e+01	7.344452e-02	2.083804e+00	1.306238e+01	2.081159e+00	-7.491130e+01	2.909452e+01	62
2.064600e+04	1.579640e+01	2.000036e+01	7.437063e-02	2.108011e+00	1.310988e+01	2.103535e+00	-7.491130e+01	2.909387e+01	63
2.097900e+04	1.577139e+01	2.000036e+01	7.529995e-02	2.132206e+00	1.315711e+01	2.125915e+00	-7.491130e+01	2.909331e+01	64
2.131200e+04	1.574637e+01	2.000036e+01	7.623244e-02	2.156390e+00	1.320408e+01	2.148299e+00	-7.491130e+01	2.909282e+01	65
2.164500e+04	1.572135e+01	2.000036e+01	7.716804e-02	2.180564e+00	1.325079e+01	2.170689e+00	-7.491130e+01	2.909241e+01	66
2.197800e+04	1.570134e+01	2.000036e+01	7.810671e-02	2.204728e+00	1.329725e+01	2.193083e+00	-7.491130e+01	2.909207e+01	67
2.231100e+04	1.567632e+01	2.000036e+01	7.904840e-02	2.228883e+00	1.334345e+01	2.215481e+00	-7.491130e+01	2.909180e+01	68
2.264400e+04	1.565631e+01	2.000036e+01	7.999306e-02	2.253030e+00	1.338940e+01	2.237884e+00	-7.491130e+01	2.909160e+01	69
2.297700e+04	1.563629e+01	2.000036e+01	8.094066e-02	2.277168e+00	1.343511e+01	2.260291e+00	-7.491130e+01	2.909146e+01	70
2.331000e+04	1.561628e+01	2.000036e+01	8.189115e-02	2.301297e+00	1.348056e+01	2.282701e+00	-7.491130e+01	2.909139e+01	71
2.364300e+04	1.559126e+01	2.000036e+01	8.284448e-02	2.325418e+00	1.352577e+01	2.305114e+00	-7.491130e+01	2.909137e+01	72
2.397600e+04	1.557125e+01	2.000036e+01	8.380061e-02	2.349531e+00	1.357074e+01	2.327531e+00	-7.491130e+01	2.909142e+01	73
2.430900e+04	1.555124e+01	2.000036e+01	8.475951e-02	2.373635e+00	1.361547e+01	2.349950e+00	-7.491130e+01	2.909152e+01	74
2.464200e+04	1.553122e+01	2.000036e+01	8.572112e-02	2.397732e+00	1.365996e+01	2.372371e+00	-7.491130e+01	2.909168e+01	75
2.497500e+04	1.551121e+01	2.000036e+01	8.668542e-02	2.421820e+00	1.370422e+01	2.394795e+00	-7.491130e+01	2.909189e+01	76
2.530800e+04	1.549620e+01	2.000036e+01	8.765235e-02	2.445900e+00	1.374824e+01	2.417219e+00	-7.491130e+01	2.909215e+01	77
2.564100e+04	1.547619e+01	2.000036e+01	8.862189e-02	2.469972e+00	1.379202e+01	2.439645e+00	-7.491130e+01	2.909246e+01	78
2.597400e+04	1.545617e+01	2.000036e+01	8.959399e-02	2.494036e+00	1.383558e+01	2.462071e+00	-7.491130e+01	2.909282e+01	79
2.630700e+04	1.544116e+01	2.000036e+01	9.056861e-02	2.518090e+00	1.387891e+01	2.484498e+00	-7.491130e+01	2.909323e+01	80
2.664000e+04	1.542115e+01	2.000036e+01	9.154571e-02	2.542137e+00	1.392201e+01	2.506925e+00	-7.491130e+01	2.909368e+01	81
2.697300e+04	1.540114e+01	2.000036e+01	9.252527e-02	2.566174e+00	1.396489e+01	2.529351e+00	-7.491130e+01	2.909418e+01	82
2.730600e+04	1.538613e+01	2.000036e+01	9.350723e-02	2.590202e+00	1.400755e+01	2.551776e+00	-7.491130e+01	2.909472e+01	83
2.763900e+04	1.537111e+01	2.000036e+01	9.449158e-02	2.614222e+00	1.404999e+01	2.574200e+00	-7.491130e+01	2.909531e+01	84
2.797200e+04	1.535110e+01	2.000036e+01	9.547827e-02	2.638231e+00	1.409221e+01	2.596622e+00	-7.491130e+01	2.909593e+01	85
2.830500e+04	1.533609e+01	2.000036e+01	9.646726e-02	2.662232e+00	1.413421e+01	2.619041e+00	-7.491130e+01	2.909660e+01	86
2.863800e+04	1.532108e+01	2.000036e+01	9.745852e-02	2.686222e+00	1.417600e+01	2.641459e+00	-7.491130e+01	2.909730e+01	87
2.897100e+04	1.530607e+01	2.000036e+01	9.845203e-02	2.710203e+00	1.421757e+01	2.663873e+00	-7.491130e+01	2.909804e+01	88
2.930400e+04	1.528606e+01	2.000036e+01	9.944774e-02	2.734174e+00	1.425894e+01	2.686284e+00	-7.491130e+01	2.909882e+01	89
2.963700e+04	1.527105e+01	2.000036e+01	1.004456e-01	2.758134e+00	1.430010e+01	2.708692e+00	-7.491130e+01	2.909963e+01	90
2.997000e+04	1.525604e+01	2.000036e+01	1.014456e-01	2.782084e+00	1.434105e+01	2.731095e+00	-7.491130e+01	2.910048e+01	91
3.030300e+04	1.524103e+01	2.000036e+01	1.024478e-01	2.806023e+00	1.438179e+01	2.753494e+00	-7.491130e+01	2.910136e+01	92
3.063600e+04	1.522602e+01	2.000036e+01	1.034520e-01	2.829952e+00	1.442233e+01	2.775888e+00	-7.491130e+01	2.910228e+01	93
3.096900e+04	1.521601e+01	2.000036e+01	1.044582e-01	2.853869e+00	1.446267e+01	2.798277e+00	-7.491130e+01	2.910322e+01	94
3.130200e+04	1.520100e+01	2.000036e+01	1.054665e-01	2.877775e+00	1.450282e+01	2.820661e+00	-7.491130e+01	2.910420e+01	95
3.163500e+04	1.518599e+01	2.000036e+01	1.064768e-01	2.901670e+00	1.454276e+01	2.843038e+00	-7.491130e+01	2.910520e+01	96
3.196800e+04	1.517098e+01	2.000036e+01	1.074890e-01	2.925552e+00	1.458251e+01	2.865410e+00	-7.491130e+01	2.910624e+01	97
3.230100e+04	1.516097e+01	2.000036e+01	1.085031e-01	2.949423e+00	1.462206e+01	2.887775e+00	-7.491130e+01	2.910730e+01	98
3.263400e+04	1.514596e+01	2.000036e+01	1.095192e-01	2.973282e+00	1.466142e+01	2.910133e+00	-7.491130e+01	2.910840e+01	99
3.296700e+04	1.513095e+01	2.000036e+01	1.105371e-01	2.997129e+00	1.470059e+01	2.932484e+00	-7.491130e+01	2.910952e+01	100
3.330000e+04	1.512094e+01	2.000036e+01	1.115568e-01	3.020963e+00	1.473956e+01	2.954827e+00	-7.491130e+01	2.911066e+01	101
3.363300e+04	1.510593e+01	2.000036e+01	1.125784e-01	3.044784e+00	1.477836e+01	2.977163e+00	-7.491130e+01	2.911183e+01	102
3.396600e+04	1.509593e+01	2.000036e+01	1.136017e-01	3.068593e+00	1.481696e+01	2.999490e+00	-7.491130e+01	2.911302e+01	103
3.429900e+04	1.508592e+01	2.000037e+01	1.146269e-01	3.092388e+00	1.485538e+01	3.021810e+00	-7.491130e+01	2.911424e+01	104
3.463200e+04	1.507091e+01	2.000037e+01	1.156537e-01	3.116171e+00	1.489362e+01	3.044120e+00	-7.491130e+01	2.911549e+01	105
3.496500e+04	1.506090e+01	2.000037e+01	1.166823e-01	3.139939e+00	1.493167e+01	3.066422e+00	-7.491130e+01	2.911675e+01	106
3.529800e+04	1.505090e+01	2.000037e+01	1.177125e-01	3.163695e+00	1.496955e+01	3.088714e+00	-7.491130e+01	2.911804e+01	107
3.563100e+04	1.503589e+01	2.000037e+01	1.187444e-01	3.187436e+00	1.500725e+01	3.110996e+00	-7.491130e+01	2.911935e+01	108
3.596400e+04	1.502588e+01	2.000037e+01	1.197779e-01	3.211164e+00	1.504477e+01	3.133269e+00	-7.491130e+01	2.912068e+01	109
3.629700e+04	1.501587e+01	2.000037e+01	1.208131e-01	3.234877e+00	1.508211e+01	3.155532e+00	-7.491130e+01	2.912203e+01	110
3.663000e+04	1.500586e+01	2.000037e+01	1.218498e-01	3.258576e+00	1.511928e+01	3.177784e+00	-7.491130e+01	2.912339e+01	111
3.696300e+04	1.499586e+01	2.000037e+01	1.228881e-01	3.282261e+00	1.515628e+01	3.200026e+00	-7.491130e+01	2.912478e+01	112
3.729600e+04	1.498585e+01	2.000037e+01	1.239279e-01	3.305931e+00	1.519311e+01	3.222257e+00	-7.491130e+01	2.912619e+01	113
3.762900e+04	1.497584e+01	2.000037e+01	1.249693e-01	3.329586e+00	1.522976e+01	3.244477e+00	-7.491130e+01	2.912762e+01	114
3.796200e+04	1.496584e+01	2.000037e+01	1.260121e-01	3.353226e+00	1.526625e+01	3.266685e+00	-7.491130e+01	2.912906e+01	115
3.829500e+04	1.495583e+01	2.000037e+01	1.270564e-01	3.376851e+00	1.530258e+01	3.288882e+00	-7.491130e+01	2.913052e+01	116
3.862800e+04	1.494582e+01	2.000037e+01	1.281021e-01	3.400460e+00	1.533873e+01	3.311067e+00	-7.491130e+01	2.913200e+01	117
3.896100e+04	1.493582e+01	2.000037e+01	1.291493e-01	3.424055e+00	1.537473e+01	3.333240e+00	-7.491130e+01	2.913349e+01	118
3.929400e+04	1.492581e+01	2.000037e+01	1.301978e-01	3.447633e+00	1.541056e+01	3.355401e+00	-7.491130e+01	2.913500e+01	119
3.962700e+04	1.491580e+01	2.000037e+01	1.312478e-01	3.471196e+00	1.544622e+01	3.377549e+00	-7.491130e+01	2.913652e+01	120
3.996000e+04	1.491080e+01	2.000037e+01	1.322991e-01	3.494743e+00	1.548173e+01	3.399685e+00	-7.491130e+01	2.913806e+01	121
4.029300e+04	1.490079e+01	2.000037e+01	1.333517e-01	3.518273e+00	1.551708e+01	3.421807e+00	-7.491130e+01	2.913961e+01	122
4.062600e+04	1.489078e+01	2.000037e+01	1.344057e-01	3.541788e+00	1.555227e+01	3.443917e+00	-7.491130e+01	2.914118e+01	123
4.095900e+04	1.488078e+01	2.000037e+01	1.354610e-01	3.565286e+00	1.558731e+01	3.466013e+00	-7.491130e+01	2.914276e+01	124
4.129200e+04	1.487577e+01	2.000037e+01	1.365175e-01	3.588768e+00	1.562219e+01	3.488095e+00	-7.491130e+01	2.914435e+01	125
4.162500e+04	1.486577e+01	2.000037e+01	1.375753e-01	3.612233e+00	1.565692e+01	3.510164e+00	-7.491130e+01	2.914596e+01	126
4.195800e+04	1.486076e+01	2.000038e+01	1.386343e-01	3.635681e+00	1.569149e+01	3.532219e+00	-7.491130e+01	2.914758e+01	127
4.229100e+04	1.485076e+01	2.000038e+01	1.396946e-01	3.659113e+00	1.572592e+01	3.554260e+00	-7.491130e+01	2.914921e+01	128
4.262400e+04	1.484575e+01	2.000038e+01	1.407560e-01	3.682527e+00	1.576019e+01	3.576286e+00	-7.491130e+01	2.915085e+01	129
4.295700e+04	1.483574e+01	2.000038e+01	1.418186e-01	3.705924e+00	1.579432e+01	3.598298e+00	-7.491130e+01	2.915250e+01	130
4.329000e+04	1.483074e+01	2.000038e+01	1.428824e-01	3.729304e+00	1.582829e+01	3.620296e+00	-7.491130e+01	2.915417e+01	131
4.362300e+04	1.482073e+01	2.000038e+01	1.439474e-01	3.752667e+00	1.586212e+01	3.642278e+00	-7.491130e+01	2.915584e+01	132
4.395600e+04	1.481573e+01	2.000038e+01	1.450134e-01	3.776012e+00	1.589581e+01	3.664246e+00	-7.491130e+01	2.915753e+01	133
4.428900e+04	1.480572e+01	2.000038e+01	1.460806e-01	3.799339e+00	1.592935e+01	3.686198e+00	-7.491130e+01	2.915923e+01	134
4.462200e+04	1.480072e+01	2.000038e+01	1.471488e-01	3.822649e+00	1.596275e+01	3.708135e+00	-7.491130e+01	2.916093e+01	135
4.495500e+04	1.479572e+01	2.000038e+01	1.482181e-01	3.845941e+00	1.599600e+01	3.730057e+00	-7.491130e+01	2.916265e+01	136
4.528800e+04	1.478571e+01	2.000038e+01	1.492885e-01	3.869214e+00	1.602912e+01	3.751962e+00	-7.491130e+01	2.916437e+01	137
4.562100e+04	1.478070e+01	2.000038e+01	1.503599e-01	3.892470e+00	1.606209e+01	3.773853e+00	-7.491130e+01	2.916610e+01	138
4.595400e+04	1.477570e+01	2.000038e+01	1.514324e-01	3.915707e+00	1.609493e+01	3.795727e+00	-7.491130e+01	2.916784e+01	139
4.628700e+04	1.476569e+01	2.000038e+01	1.525058e-01	3.938926e+00	1.612763e+01	3.817585e+00	-7.491130e+01	2.916959e+01	140
4.662000e+04	1.476069e+01	2.000038e+01	1.535802e-01	3.962127e+00	1.616019e+01	3.839427e+00	-7.491130e+01	2.917135e+01	141
4.695300e+04	1.475569e+01	2.000038e+01	1.546556e-01	3.985309e+00	1.619262e+01	3.861252e+00	-7.491130e+01	2.917312e+01	142
4.728600e+04	1.475068e+01	2.000038e+01	1.557319e-01	4.008473e+00	1.622491e+01	3.883061e+00	-7.491130e+01	2.917489e+01	143
4.761900e+04	1.474568e+01	2.000038e+01	1.568092e-01	4.031617e+00	1.625707e+01	3.904853e+00	-7.491130e+01	2.917667e+01	144
4.795200e+04	1.474067e+01	2.000038e+01	1.578874e-01	4.054743e+00	1.628910e+01	3.926629e+00	-7.491130e+01	2.917845e+01	145
4.828500e+04	1.473067e+01	2.000038e+01	1.589665e-01	4.077850e+00	1.632099e+01	3.948387e+00	-7.491130e+01	2.918025e+01	146
4.861800e+04	1.472566e+01	2.000038e+01	1.600465e-01	4.100938e+00	1.635275e+01	3.970129e+00	-7.491130e+01	2.918205e+01	147
4.895100e+04	1.472066e+01	2.000038e+01	1.611274e-01	4.124007e+00	1.638439e+01	3.991853e+00	-7.491130e+01	2.918385e+01	148
4.928400e+04	1.471566e+01	2.000038e+01	1.622091e-01	4.147057e+00	1.641590e+01	4.013561e+00	-7.491130e+01	2.918567e+01	149
4.961700e+04	1.471065e+01	2.000038e+01	1.632917e-01	4.170088e+00	1.644727e+01	4.035250e+00	-7.491130e+01	2.918749e+01	150
4.995000e+04	1.470565e+01	2.000038e+01	1.643751e-01	4.193099e+00	1.647853e+01	4.056923e+00	-7.491130e+01	2.918931e+01	151
5.028300e+04	1.470065e+01	2.000039e+01	1.654594e-01	4.216090e+00	1.650965e+01	4.078577e+00	-7.491130e+01	2.919114e+01	152
5.061600e+04	1.469564e+01	2.000039e+01	1.665444e-01	4.239062e+00	1.654065e+01	4.100214e+00	-7.491130e+01	2.919297e+01	153
5.094900e+04	1.469064e+01	2.000039e+01	1.676302e-01	4.262015e+00	1.657153e+01	4.121833e+00	-7.491130e+01	2.919481e+01	154
5.128200e+04	1.469064e+01	2.000039e+01	1.687168e-01	4.284948e+00	1.660229e+01	4.143434e+00	-7.491130e+01	2.919666e+01	155
5.161500e+04	1.468563e+01	2.000039e+01	1.698041e-01	4.307861e+00	1.663292e+01	4.165017e+00	-7.491130e+01	2.919851e+01	156
5.194800e+04	1.468063e+01	2.000039e+01	1.708922e-01	4.330754e+00	1.666343e+01	4.186582e+00	-7.491130e+01	2.920036e+01	157
5.228100e+04	1.467562e+01	2.000039e+01	1.719810e-01	4.353627e+00	1.669382e+01	4.208128e+00	-7.491130e+01	2.920222e+01	158
5.261400e+04	1.467062e+01	2.000039e+01	1.730706e-01	4.376480e+00	1.672410e+01	4.229656e+00	-7.491130e+01	2.920408e+01	159
5.294700e+04	1.466562e+01	2.000039e+01	1.741608e-01	4.399313e+00	1.675425e+01	4.251166e+00	-7.491130e+01	2.920595e+01	160
5.328000e+04	1.466061e+01	2.000039e+01	1.752517e-01	4.422126e+00	1.678429e+01	4.272657e+00	-7.491130e+01	2.920782e+01	161
5.361300e+04	1.466061e+01	2.000039e+01	1.763433e-01	4.444919e+00	1.681420e+01	4.294129e+00	-7.491130e+01	2.920969e+01	162
5.394600e+04	1.465561e+01	2.000039e+01	1.774356e-01	4.467692e+00	1.684401e+01	4.315583e+00	-7.491130e+01	2.921157e+01	163
5.427900e+04	1.465060e+01	2.000039e+01	1.785285e-01	4.490444e+00	1.687369e+01	4.337018e+00	-7.491130e+01	2.921345e+01	164
5.461200e+04	1.464560e+01	2.000039e+01	1.796221e-01	4.513175e+00	1.690327e+01	4.358434e+00	-7.491130e+01	2.921534e+01	165
5.494500e+04	1.464560e+01	2.000039e+01	1.807163e-01	4.535887e+00	1.693273e+01	4.379831e+00	-7.491130e+01	2.921722e+01	166
5.527800e+04	1.464060e+01	2.000039e+01	1.818111e-01	4.558578e+00	1.696208e+01	4.401209e+00	-7.491130e+01	2.921912e+01	167
5.561100e+04	1.463559e+01	2.000039e+01	1.829064e-01	4.581248e+00	1.699131e+01	4.422567e+00	-7.491130e+01	2.922101e+01	168
5.594400e+04	1.463559e+01	2.000039e+01	1.840024e-01	4.603897e+00	1.702043e+01	4.443907e+00	-7.491130e+01	2.922290e+01	169
5.627700e+04	1.463059e+01	2.000039e+01	1.850990e-01	4.626526e+00	1.704945e+01	4.465227e+00	-7.491130e+01	2.922480e+01	170
5.661000e+04	1.462558e+01	2.000039e+01	1.861961e-01	4.649134e+00	1.707835e+01	4.486528e+00	-7.491130e+01	2.922670e+01	171
5.694300e+04	1.462558e+01	2.000039e+01	1.872938e-01	4.671721e+00	1.710715e+01	4.507809e+00	-7.491130e+01	2.922861e+01	172
5.727600e+04	1.462058e+01	2.000039e+01	1.883920e-01	4.694288e+00	1.713584e+01	4.529071e+00	-7.491130e+01	2.923051e+01	173
5.760900e+04	1.462058e+01	2.000039e+01	1.894907e-01	4.716833e+00	1.716442e+01	4.550313e+00	-7.491130e+01	2.923242e+01	174
5.794200e+04	1.461557e+01	2.000039e+01	1.905900e-01	4.739357e+00	1.719289e+01	4.571535e+00	-7.491130e+01	2.923433e+01	175
5.827500e+04	1.461057e+01	2.000039e+01	1.916897e-01	4.761861e+00	1.722126e+01	4.592738e+00	-7.491130e+01	2.923624e+01	176
5.860800e+04	1.461057e+01	2.000039e+01	1.927900e-01	4.784343e+00	1.724952e+01	4.613921e+00	-7.491130e+01	2.923815e+01	177
5.894100e+04	1.460556e+01	2.000039e+01	1.938907e-01	4.806804e+00	1.727768e+01	4.635084e+00	-7.491130e+01	2.924007e+01	178
5.927400e+04	1.460556e+01	2.000039e+01	1.949919e-01	4.829244e+00	1.730573e+01	4.656227e+00	-7.491130e+01	2.924198e+01	179
5.960700e+04	1.460056e+01	2.000039e+01	1.960936e-01	4.851663e+00	1.733368e+01	4.677350e+00	-7.491130e+01	2.924390e+01	180
5.994000e+04	1.460056e+01	2.000039e+01	1.971957e-01	4.874061e+00	1.736153e+01	4.698453e+00	-7.491130e+01	2.924582e+01	181
6.027300e+04	1.459555e+01	2.000039e+01	1.982982e-01	4.896437e+00	1.738928e+01	4.719535e+00	-7.491130e+01	2.924774e+01	182
6.060600e+04	1.459555e+01	2.000039e+01	1.994012e-01	4.918792e+00	1.741692e+01	4.740598e+00	-7.491130e+01	2.924966e+01	183
6.093900e+04	1.459055e+01	2.000039e+01	2.005046e-01	4.941125e+00	1.744447e+01	4.761640e+00	-7.491130e+01	2.925158e+01	184
6.127200e+04	1.459055e+01	2.000039e+01	2.016084e-01	4.963437e+00	1.747191e+01	4.782663e+00	-7.491130e+01	2.925350e+01	185
6.160500e+04	1.459055e+01	2.000039e+01	2.027125e-01	4.985728e+00	1.749926e+01	4.803664e+00	-7.491130e+01	2.925543e+01	186
6.193800e+04	1.458554e+01	2.000040e+01	2.038171e-01	5.007997e+00	1.752651e+01	4.824646e+00	-7.491130e+01	2.925735e+01	187
6.227100e+04	1.458554e+01	2.000040e+01	2.049221e-01	5.030244e+00	1.755366e+01	4.845606e+00	-7.491130e+01	2.925928e+01	188
6.260400e+04	1.458054e+01	2.000040e+01	2.060274e-01	5.052470e+00	1.758071e+01	4.866547e+00	-7.491130e+01	2.926120e+01	189
6.293700e+04	1.458054e+01	2.000040e+01	2.071330e-01	5.074674e+00	1.760767e+01	4.887467e+00	-7.491130e+01	2.926313e+01	190
6.327000e+04	1.458053e+01	2.000040e+01	2.082390e-01	5.096857e+00	1.763453e+01	4.908366e+00	-7.491130e+01	2.926506e+01	191
6.360300e+04	1.457553e+01	2.000040e+01	2.093453e-01	5.119018e+00	1.766130e+01	4.929244e+00	-7.491130e+01	2.926698e+01	192
6.393600e+04	1.457553e+01	2.000040e+01	2.104520e-01	5.141157e+00	1.768797e+01	4.950102e+00	-7.491130e+01	2.926891e+01	193
6.426900e+04	1.457553e+01	2.000040e+01	2.115590e-01	5.163274e+00	1.771455e+01	4.970939e+00	-7.491130e+01	2.927084e+01	194
6.460200e+04	1.457053e+01	2.000040e+01	2.126662e-01	5.185370e+00	1.774104e+01	4.991756e+00	-7.491130e+01	2.927277e+01	195
6.493500e+04	1.457052e+01	2.000040e+01	2.137738e-01	5.207443e+00	1.776743e+01	5.012551e+00	-7.491130e+01	2.927470e+01	196
6.526800e+04	1.457052e+01	2.000040e+01	2.148816e-01	5.229495e+00	1.779373e+01	5.033326e+00	-7.491130e+01	2.927662e+01	197
6.560100e+04	1.456552e+01	2.000040e+01	2.159897e-01	5.251525e+00	1.781994e+01	5.054080e+00	-7.491130e+01	2.927855e+01	198
6.593400e+04	1.456552e+01	2.000040e+01	2.170981e-01	5.273533e+00	1.784606e+01	5.074813e+00	-7.491130e+01	2.928048e+01	199
6.626700e+04	1.456552e+01	2.000040e+01	2.182068e-01	5.295520e+00	1.787208e+01	5.095524e+00	-7.491130e+01	2.928241e+01	200
6.660000e+04	1.456551e+01	2.000040e+01	2.193156e-01	5.317484e+00	1.789802e+01	5.116215e+00	-7.491130e+01	2.928433e+01	201
6.693300e+04	1.456051e+01	2.000040e+01	2.204248e-01	5.339426e+00	1.792387e+01	5.136885e+00	-7.491130e+01	2.928626e+01	202
6.726600e+04	1.456051e+01	2.000040e+01	2.215341e-01	5.361346e+00	1.794963e+01	5.157534e+00	-7.491130e+01	2.928819e+01	203
6.759900e+04	1.456051e+01	2.000040e+01	2.226437e-01	5.383244e+00	1.797530e+01	5.178161e+00	-7.491130e+01	2.929011e+01	204
6.793200e+04	1.456051e+01	2.000040e+01	2.237534e-01	5.405120e+00	1.800089e+01	5.198768e+00	-7.491130e+01	2.929204e+01	205
6.826500e+04	1.455550e+01	2.000040e+01	2.248634e-01	5.426974e+00	1.802638e+01	5.219353e+00	-7.491130e+01	2.929396e+01	206
6.859800e+04	1.455550e+01	2.000040e+01	2.259736e-01	5.448806e+00	1.805180e+01	5.239917e+00	-7.491130e+01	2.929589e+01	207
6.893100e+04	1.455550e+01	2.000040e+01	2.270839e-01	5.470616e+00	1.807712e+01	5.260460e+00	-7.491130e+01	2.929781e+01	208
6.926400e+04	1.455550e+01	2.000040e+01	2.281944e-01	5.492403e+00	1.810236e+01	5.280981e+00	-7.491130e+01	2.929974e+01	209
6.959700e+04	1.455550e+01	2.000040e+01	2.293051e-01	5.514169e+00	1.812752e+01	5.301481e+00	-7.491130e+01	2.930166e+01	210
6.993000e+04	1.455550e+01	2.000040e+01	2.304160e-01	5.535912e+00	1.815259e+01	5.321960e+00	-7.491130e+01	2.930358e+01	211
7.026300e+04	1.455049e+01	2.000040e+01	2.315270e-01	5.557633e+00	1.817757e+01	5.342418e+00	-7.491130e+01	2.930550e+01	212
7.059600e+04	1.455049e+01	2.000040e+01	2.326381e-01	5.579331e+00	1.820248e+01	5.362854e+00	-7.491130e+01	2.930742e+01	213
7.092900e+04	1.455049e+01	2.000040e+01	2.337494e-01	5.601008e+00	1.822730e+01	5.383269e+00	-7.491130e+01	2.930934e+01	214
7.126200e+04	1.455049e+01	2.000040e+01	2.348607e-01	5.622662e+00	1.825203e+01	5.403662e+00	-7.491130e+01	2.931126e+01	215
7.159500e+04	1.455049e+01	2.000040e+01	2.359723e-01	5.644294e+00	1.827669e+01	5.424034e+00	-7.491130e+01	2.931318e+01	216
7.192800e+04	1.455049e+01	2.000040e+01	2.370839e-01	5.665903e+00	1.830127e+01	5.444384e+00	-7.491130e+01	2.931509e+01	217
7.226100e+04	1.455049e+01	2.000040e+01	2.381956e-01	5.687491e+00	1.832576e+01	5.464713e+00	-7.491130e+01	2.931701e+01	218
7.259400e+04	1.455048e+01	2.000040e+01	2.393074e-01	5.709056e+00	1.835017e+01	5.485020e+00	-7.491130e+01	2.931892e+01	219
7.292700e+04	1.455048e+01	2.000040e+01	2.404192e-01	5.730598e+00	1.837451e+01	5.505306e+00	-7.491130e+01	2.932083e+01	220
7.326000e+04	1.454548e+01	2.000040e+01	2.415312e-01	5.752118e+00	1.839876e+01	5.525570e+00	-7.491130e+01	2.932275e+01	221
7.359300e+04	1.454548e+01	2.000040e+01	2.426432e-01	5.773616e+00	1.842294e+01	5.545812e+00	-7.491130e+01	2.932466e+01	222
7.392600e+04	1.454548e+01	2.000040e+01	2.437553e-01	5.795092e+00	1.844704e+01	5.566033e+00	-7.491130e+01	2.932657e+01	223
7.425900e+04	1.454548e+01	2.000040e+01	2.448674e-01	5.816545e+00	1.847106e+01	5.586232e+00	-7.491130e+01	2.932847e+01	224
7.459200e+04	1.454548e+01	2.000040e+01	2.459796e-01	5.837975e+00	1.849500e+01	5.606410e+00	-7.491130e+01	2.933038e+01	225
7.492500e+04	1.454547e+01	2.000040e+01	2.470918e-01	5.859383e+00	1.851886e+01	5.626566e+00	-7.491130e+01	2.933229e+01	226
7.525800e+04	1.454547e+01	2.000040e+01	2.482040e-01	5.880769e+00	1.854265e+01	5.646700e+00	-7.491130e+01	2.933419e+01	227
7.559100e+04	1.454547e+01	2.000040e+01	2.493163e-01	5.902132e+00	1.856636e+01	5.666813e+00	-7.491130e+01	2.933609e+01	228
7.592400e+04	1.454547e+01	2.000040e+01	2.504286e-01	5.923473e+00	1.859000e+01	5.686904e+00	-7.491130e+01	2.933799e+01	229
7.625700e+04	1.454547e+01	2.000040e+01	2.515408e-01	5.944791e+00	1.861356e+01	5.706973e+00	-7.491130e+01	2.933989e+01	230
7.659000e+04	1.454547e+01	2.000040e+01	2.526531e-01	5.966087e+00	1.863705e+01	5.727020e+00	-7.491130e+01	2.934179e+01	231
7.692300e+04	1.454547e+01	2.000040e+01	2.537654e-01	5.987361e+00	1.866046e+01	5.747046e+00	-7.491130e+01	2.934369e+01	232
7.725600e+04	1.454547e+01	2.000040e+01	2.548776e-01	6.008612e+00	1.868380e+01	5.767050e+00	-7.491130e+01	2.934558e+01	233
7.758900e+04	1.454546e+01	2.000040e+01	2.559899e-01	6.029840e+00	1.870706e+01	5.787032e+00	-7.491130e+01	2.934747e+01	234
7.792200e+04	1.454546e+01	2.000040e+01	2.571021e-01	6.051046e+00	1.873025e+01	5.806992e+00	-7.491130e+01	2.934937e+01	235
7.825500e+04	1.454546e+01	2.000040e+01	2.582142e-01	6.072229e+00	1.875337e+01	5.826931e+00	-7.491130e+01	2.935126e+01	236
7.858800e+04	1.454546e+01	2.000040e+01	2.593264e-01	6.093390e+00	1.877642e+01	5.846848e+00	-7.491130e+01	2.935314e+01	237
7.892100e+04	1.454546e+01	2.000040e+01	2.604384e-01	6.114528e+00	1.879939e+01	5.866742e+00	-7.491130e+01	2.935503e+01	238
7.925400e+04	1.454546e+01	2.000040e+01	2.615504e-01	6.135644e+00	1.882230e+01	5.886615e+00	-7.491130e+01	2.935692e+01	239
7.958700e+04	1.454546e+01	2.000040e+01	2.626624e-01	6.156737e+00	1.884513e+01	5.906467e+00	-7.491130e+01	2.935880e+01	240
7.992000e+04	1.454546e+01	2.000040e+01	2.637743e-01	6.177808e+00	1.886789e+01	5.926296e+00	-7.491130e+01	2.936068e+01	241
8.025300e+04	1.455046e+01	2.000040e+01	2.648860e-01	6.198856e+00	1.889058e+01	5.946103e+00	-7.491130e+01	2.936256e+01	242
8.058600e+04	1.455045e+01	2.000040e+01	2.659978e-01	6.219882e+00	1.891320e+01	5.965889e+00	-7.491130e+01	2.936444e+01	243
8.091900e+04	1.455045e+01	2.000040e+01	2.671094e-01	6.240885e+00	1.893575e+01	5.985652e+00	-7.491130e+01	2.936632e+01	244
8.125200e+04	1.455045e+01	2.000040e+01	2.682209e-01	6.261865e+00	1.895823e+01	6.005394e+00	-7.491130e+01	2.936819e+01	245
8.158500e+04	1.455045e+01	2.000040e+01	2.693323e-01	6.282823e+00	1.898065e+01	6.025114e+00	-7.491130e+01	2.937006e+01	246
8.191800e+04	1.455045e+01	2.000040e+01	2.704436e-01	6.303758e+00	1.900299e+01	6.044812e+00	-7.491130e+01	2.937193e+01	247
8.225100e+04	1.455045e+01	2.000040e+01	2.715548e-01	6.324671e+00	1.902527e+01	6.064488e+00	-7.491130e+01	2.937380e+01	248
8.258400e+04	1.455045e+01	2.000040e+01	2.726659e-01	6.345561e+00	1.904748e+01	6.084142e+00	-7.491130e+01	2.937567e+01	249
8.291700e+04	1.455045e+01	2.000040e+01	2.737768e-01	6.366429e+00	1.906962e+01	6.103774e+00	-7.491130e+01	2.937753e+01	250
8.325000e+04	1.455044e+01	2.000040e+01	2.748876e-01	6.387274e+00	1.909170e+01	6.123385e+00	-7.491130e+01	2.937940e+01	251
8.358300e+04	1.455544e+01	2.000040e+01	2.759983e-01	6.408096e+00	1.911371e+01	6.142973e+00	-7.491130e+01	2.938126e+01	252
8.391600e+04	1.455544e+01	2.000040e+01	2.771088e-01	6.428896e+00	1.913565e+01	6.162540e+00	-7.491130e+01	2.938312e+01	253
8.424900e+04	1.455544e+01	2.000040e+01	2.782191e-01	6.449673e+00	1.915753e+01	6.182084e+00	-7.491130e+01	2.938498e+01	254
8.458200e+04	1.455544e+01	2.000040e+01	2.793293e-01	6.470428e+00	1.917934e+01	6.201607e+00	-7.491130e+01	2.938683e+01	255
8.491500e+04	1.455544e+01	2.000039e+01	2.804393e-01	6.491160e+00	1.920108e+01	6.221107e+00	-7.491130e+01	2.938868e+01	256
8.524800e+04	1.455544e+01	2.000039e+01	2.815492e-01	6.511870e+00	1.922277e+01	6.240586e+00	-7.491130e+01	2.939054e+01	257
8.558100e+04	1.455544e+01	2.000039e+01	2.826588e-01	6.532557e+00	1.924438e+01	6.260042e+00	-7.491130e+01	2.939239e+01	258
8.591400e+04	1.456044e+01	2.000039e+01	2.837683e-01	6.553221e+00	1.926594e+01	6.279477e+00	-7.491130e+01	2.939423e+01	259
8.624700e+04	1.456044e+01	2.000039e+01	2.848776e-01	6.573863e+00	1.928743e+01	6.298890e+00	-7.491130e+01	2.939608e+01	260
8.658000e+04	1.456044e+01	2.000039e+01	2.859867e-01	6.594482e+00	1.930885e+01	6.318281e+00	-7.491130e+01	2.939792e+01	261
8.691300e+04	1.456043e+01	2.000039e+01	2.870956e-01	6.615079e+00	1.933022e+01	6.337650e+00	-7.491130e+01	2.939976e+01	262
8.724600e+04	1.456043e+01	2.000039e+01	2.882043e-01	6.635653e+00	1.935152e+01	6.356997e+00	-7.491130e+01	2.940160e+01	263
8.757900e+04	1.456043e+01	2.000039e+01	2.893128e-01	6.656205e+00	1.937276e+01	6.376322e+00	-7.491130e+01	2.940344e+01	264
8.791200e+04	1.456543e+01	2.000039e+01	2.904210e-01	6.676734e+00	1.939393e+01	6.395625e+00	-7.491130e+01	2.940527e+01	265
8.824500e+04	1.456543e+01	2.000039e+01	2.915291e-01	6.697240e+00	1.941505e+01	6.414906e+00	-7.491130e+01	2.940711e+01	266
8.857800e+04	1.456543e+01	2.000039e+01	2.926369e-01	6.717724e+00	1.943610e+01	6.434165e+00	-7.491130e+01	2.940894e+01	267
8.891100e+04	1.456543e+01	2.000039e+01	2.937444e-01	6.738185e+00	1.945709e+01	6.453402e+00	-7.491130e+01	2.941077e+01	268
8.924400e+04	1.457043e+01	2.000039e+01	2.948517e-01	6.758624e+00	1.947802e+01	6.472617e+00	-7.491130e+01	2.941259e+01	269
8.957700e+04	1.457043e+01	2.000039e+01	2.959588e-01	6.779040e+00	1.949889e+01	6.491810e+00	-7.491130e+01	2.941442e+01	270
8.991000e+04	1.457043e+01	2.000039e+01	2.970656e-01	6.799434e+00	1.951970e+01	6.510981e+00	-7.491130e+01	2.941624e+01	271
9.024300e+04	1.457043e+01	2.000039e+01	2.981722e-01	6.819805e+00	1.954045e+01	6.530131e+00	-7.491130e+01	2.941806e+01	272
9.057600e+04	1.457043e+01	2.000039e+01	2.992785e-01	6.840154e+00	1.956115e+01	6.549258e+00	-7.491130e+01	2.941988e+01	273
9.090900e+04	1.457543e+01	2.000039e+01	3.003845e-01	6.860480e+00	1.958178e+01	6.568363e+00	-7.491130e+01	2.942169e+01	274
9.124200e+04	1.457542e+01	2.000039e+01	3.014903e-01	6.880783e+00	1.960235e+01	6.587447e+00	-7.491130e+01	2.942351e+01	275
9.157500e+04	1.457542e+01	2.000039e+01	3.025958e-01	6.901064e+00	1.962287e+01	6.606508e+00	-7.491130e+01	2.942532e+01	276
9.190800e+04	1.457542e+01	2.000039e+01	3.037010e-01	6.921323e+00	1.964332e+01	6.625548e+00	-7.491130e+01	2.942713e+01	277
9.224100e+04	1.458042e+01	2.000039e+01	3.048059e-01	6.941559e+00	1.966372e+01	6.644566e+00	-7.491130e+01	2.942894e+01	278
9.257400e+04	1.458042e+01	2.000039e+01	3.059105e-01	6.961772e+00	1.968406e+01	6.663561e+00	-7.491130e+01	2.943074e+01	279
9.290700e+04	1.458042e+01	2.000039e+01	3.070148e-01	6.981963e+00	1.970434e+01	6.682535e+00	-7.491130e+01	2.943254e+01	280
9.324000e+04	1.458042e+01	2.000039e+01	3.081188e-01	7.002132e+00	1.972457e+01	6.701487e+00	-7.491130e+01	2.943434e+01	281
9.357300e+04	1.458542e+01	2.000039e+01	3.092225e-01	7.022278e+00	1.974474e+01	6.720417e+00	-7.491130e+01	2.943614e+01	282
9.390600e+04	1.458542e+01	2.000039e+01	3.103259e-01	7.042401e+00	1.976485e+01	6.739325e+00	-7.491130e+01	2.943794e+01	283
9.423900e+04	1.458542e+01	2.000039e+01	3.114290e-01	7.062503e+00	1.978491e+01	6.758211e+00	-7.491130e+01	2.943973e+01	284
9.457200e+04	1.458542e+01	2.000039e+01	3.125317e-01	7.082581e+00	1.980491e+01	6.777075e+00	-7.491130e+01	2.944152e+01	285
9.490500e+04	1.459042e+01	2.000039e+01	3.136342e-01	7.102637e+00	1.982485e+01	6.795918e+00	-7.491130e+01	2.944331e+01	286
9.523800e+04	1.459042e+01	2.000039e+01	3.147362e-01	7.122671e+00	1.984474e+01	6.814738e+00	-7.491130e+01	2.944510e+01	287
9.557100e+04	1.459041e+01	2.000038e+01	3.158380e-01	7.142682e+00	1.986458e+01	6.833537e+00	-7.491130e+01	2.944689e+01	288
9.590400e+04	1.459542e+01	2.000038e+01	3.169394e-01	7.162671e+00	1.988436e+01	6.852313e+00	-7.491130e+01	2.944867e+01	289
9.623700e+04	1.459541e+01	2.000038e+01	3.180405e-01	7.182638e+00	1.990408e+01	6.871068e+00	-7.491130e+01	2.945045e+01	290
9.657000e+04	1.459541e+01	2.000038e+01	3.191412e-01	7.202582e+00	1.992375e+01	6.889801e+00	-7.491130e+01	2.945223e+01	291
9.690300e+04	1.459541e+01	2.000038e+01	3.202415e-01	7.222503e+00	1.994337e+01	6.908512e+00	-7.491130e+01	2.945401e+01	292
9.723600e+04	1.460041e+01	2.000038e+01	3.213415e-01	7.242402e+00	1.996293e+01	6.927201e+00	-7.491130e+01	2.945578e+01	293
9.756900e+04	1.460041e+01	2.000038e+01	3.224411e-01	7.262279e+00	1.998244e+01	6.945869e+00	-7.491130e+01	2.945755e+01	294
9.790200e+04	1.460041e+01	2.000038e+01	3.235404e-01	7.282134e+00	2.000189e+01	6.964514e+00	-7.491130e+01	2.945932e+01	295
9.823500e+04	1.460541e+01	2.000038e+01	3.246393e-01	7.301966e+00	2.002130e+01	6.983138e+00	-7.491130e+01	2.946109e+01	296
9.856800e+04	1.460541e+01	2.000038e+01	3.257378e-01	7.321775e+00	2.004064e+01	7.001740e+00	-7.491130e+01	2.946285e+01	297
9.890100e+04	1.460541e+01	2.000038e+01	3.268359e-01	7.341563e+00	2.005994e+01	7.020320e+00	-7.491130e+01	2.946462e+01	298
9.923400e+04	1.461041e+01	2.000038e+01	3.279336e-01	7.361328e+00	2.007919e+01	7.038878e+00	-7.491130e+01	2.946638e+01	299
9.956700e+04	1.461041e+01	2.000038e+01	3.290310e-01	7.381070e+00	2.009838e+01	7.057415e+00	-7.491130e+01	2.946814e+01	300
9.990000e+04	1.461041e+01	2.000038e+01	3.301279e-01	7.400790e+00	2.011752e+01	7.075929e+00	-7.491130e+01	2.946989e+01	301
1.002330e+05	1.461541e+01	2.000038e+01	3.312245e-01	7.420488e+00	2.013661e+01	7.094422e+00	-7.491130e+01	2.947165e+01	302
1.005660e+05	1.461541e+01	2.000038e+01	3.323206e-01	7.440164e+00	2.015565e+01	7.112893e+00	-7.491130e+01	2.947340e+01	303
1.008990e+05	1.461541e+01	2.000038e+01	3.334163e-01	7.459817e+00	2.017463e+01	7.131342e+00	-7.491130e+01	2.947515e+01	304
1.012320e+05	1.462041e+01	2.000038e+01	3.345117e-01	7.479448e+00	2.019357e+01	7.149770e+00	-7.491130e+01	2.947689e+01	305
1.015650e+05	1.462040e+01	2.000038e+01	3.356066e-01	7.499057e+00	2.021245e+01	7.168176e+00	-7.491130e+01	2.947864e+01	306
1.018980e+05	1.462040e+01	2.000038e+01	3.367011e-01	7.518644e+00	2.023129e+01	7.186560e+00	-7.491130e+01	2.948038e+01	307
1.022310e+05	1.462540e+01	2.000037e+01	3.377951e-01	7.538208e+00	2.025007e+01	7.204922e+00	-7.491130e+01	2.948212e+01	308
1.025640e+05	1.462540e+01	2.000037e+01	3.388887e-01	7.557750e+00	2.026881e+01	7.223262e+00	-7.491130e+01	2.948386e+01	309
1.028970e+05	1.462540e+01	2.000037e+01	3.399819e-01	7.577270e+00	2.028749e+01	7.241581e+00	-7.491130e+01	2.948560e+01	310
1.032300e+05	1.463040e+01	2.000037e+01	3.410747e-01	7.596767e+00	2.030613e+01	7.259878e+00	-7.491130e+01	2.948733e+01	311
1.035630e+05	1.463040e+01	2.000037e+01	3.421670e-01	7.616242e+00	2.032472e+01	7.278154e+00	-7.491130e+01	2.948906e+01	312
1.038960e+05	1.463040e+01	2.000037e+01	3.432589e-01	7.635695e+00	2.034325e+01	7.296408e+00	-7.491130e+01	2.949079e+01	313
1.042290e+05	1.463540e+01	2.000037e+01	3.443503e-01	7.655126e+00	2.036174e+01	7.314640e+00	-7.491130e+01	2.949252e+01	314
1.045620e+05	1.463540e+01	2.000037e+01	3.454413e-01	7.674535e+00	2.038018e+01	7.332850e+00	-7.491130e+01	2.949425e+01	315
1.048950e+05	1.464040e+01	2.000037e+01	3.465318e-01	7.693921e+00	2.039858e+01	7.351039e+00	-7.491130e+01	2.949597e+01	316
1.052280e+05	1.464040e+01	2.000037e+01	3.476219e-01	7.713286e+00	2.041692e+01	7.369206e+00	-7.491130e+01	2.949769e+01	317
1.055610e+05	1.464040e+01	2.000037e+01	3.487115e-01	7.732628e+00	2.043522e+01	7.387351e+00	-7.491130e+01	2.949941e+01	318
1.058940e+05	1.464540e+01	2.000037e+01	3.498006e-01	7.751948e+00	2.045346e+01	7.405475e+00	-7.491130e+01	2.950112e+01	319
1.062270e+05	1.464540e+01	2.000037e+01	3.508893e-01	7.771245e+00	2.047167e+01	7.423577e+00	-7.491130e+01	2.950284e+01	320
1.065600e+05	1.464540e+01	2.000037e+01	3.519775e-01	7.790521e+00	2.048982e+01	7.441658e+00	-7.491130e+01	2.950455e+01	321
1.068930e+05	1.465040e+01	2.000037e+01	3.530652e-01	7.809775e+00	2.050793e+01	7.459717e+00	-7.491130e+01	2.950626e+01	322
1.072260e+05	1.465040e+01	2.000037e+01	3.541524e-01	7.829006e+00	2.052599e+01	7.477754e+00	-7.491130e+01	2.950797e+01	323
1.075590e+05	1.465540e+01	2.000037e+01	3.552392e-01	7.848216e+00	2.054400e+01	7.495770e+00	-7.491130e+01	2.950967e+01	324
1.078920e+05	1.465540e+01	2.000036e+01	3.563255e-01	7.867403e+00	2.056197e+01	7.513764e+00	-7.491130e+01	2.951137e+01	325
1.082250e+05	1.465539e+01	2.000036e+01	3.574112e-01	7.886568e+00	2.057989e+01	7.531737e+00	-7.491130e+01	2.951307e+01	326
1.085580e+05	1.466040e+01	2.000036e+01	3.584965e-01	7.905712e+00	2.059776e+01	7.549688e+00	-7.491130e+01	2.951477e+01	327
1.088910e+05	1.466039e+01	2.000036e+01	3.595813e-01	7.924833e+00	2.061559e+01	7.567617e+00	-7.491130e+01	2.951647e+01	328
1.092240e+05	1.466539e+01	2.000036e+01	3.606656e-01	7.943932e+00	2.063338e+01	7.585525e+00	-7.491130e+01	2.951816e+01	329
1.095570e+05	1.466539e+01	2.000036e+01	3.617493e-01	7.963009e+00	2.065112e+01	7.603412e+00	-7.491130e+01	2.951986e+01	330
1.098900e+05	1.466539e+01	2.000036e+01	3.628326e-01	7.982064e+00	2.066881e+01	7.621277e+00	-7.491130e+01	2.952155e+01	331
1.102230e+05	1.467039e+01	2.000036e+01	3.639153e-01	8.001097e+00	2.068646e+01	7.639121e+00	-7.491130e+01	2.952323e+01	332
1.105560e+05	1.467039e+01	2.000036e+01	3.649976e-01	8.020108e+00	2.070406e+01	7.656943e+00	-7.491130e+01	2.952492e+01	333
1.108890e+05	1.467539e+01	2.000036e+01	3.660793e-01	8.039097e+00	2.072162e+01	7.674743e+00	-7.491130e+01	2.952660e+01	334
1.112220e+05	1.467539e+01	2.000036e+01	3.671605e-01	8.058065e+00	2.073914e+01	7.692522e+00	-7.491130e+01	2.952828e+01	335
1.115550e+05	1.468039e+01	2.000036e+01	3.682412e-01	8.077010e+00	2.075661e+01	7.710280e+00	-7.491130e+01	2.952996e+01	336
1.118880e+05	1.468039e+01	2.000036e+01	3.693213e-01	8.095933e+00	2.077403e+01	7.728016e+00	-7.491130e+01	2.953164e+01	337
1.122210e+05	1.468039e+01	2.000036e+01	3.704009e-01	8.114835e+00	2.079142e+01	7.745731e+00	-7.491130e+01	2.953331e+01	338
1.125540e+05	1.468539e+01	2.000035e+01	3.714800e-01	8.133714e+00	2.080876e+01	7.763425e+00	-7.491130e+01	2.953499e+01	339
1.128870e+05	1.468539e+01	2.000035e+01	3.725585e-01	8.152572e+00	2.082605e+01	7.781097e+00	-7.491130e+01	2.953666e+01	340
1.132200e+05	1.469039e+01	2.000035e+01	3.736365e-01	8.171407e+00	2.084330e+01	7.798747e+00	-7.491130e+01	2.953832e+01	341
1.135530e+05	1.469039e+01	2.000035e+01	3.747140e-01	8.190221e+00	2.086051e+01	7.816377e+00	-7.491130e+01	2.953999e+01	342
1.138860e+05	1.469539e+01	2.000035e+01	3.757909e-01	8.209013e+00	2.087768e+01	7.833985e+00	-7.491130e+01	2.954165e+01	343
1.142190e+05	1.469539e+01	2.000035e+01	3.768673e-01	8.227783e+00	2.089480e+01	7.851571e+00	-7.491130e+01	2.954332e+01	344
1.145520e+05	1.469539e+01	2.000035e+01	3.779431e-01	8.246532e+00	2.091189e+01	7.869137e+00	-7.491130e+01	2.954498e+01	345
1.148850e+05	1.470039e+01	2.000035e+01	3.790183e-01	8.265258e+00	2.092893e+01	7.886680e+00	-7.491130e+01	2.954663e+01	346
1.152180e+05	1.470039e+01	2.000035e+01	3.800930e-01	8.283963e+00	2.094592e+01	7.904203e+00	-7.491130e+01	2.954829e+01	347
1.155510e+05	1.470539e+01	2.000035e+01	3.811672e-01	8.302646e+00	2.096288e+01	7.921704e+00	-7.491130e+01	2.954994e+01	348
1.158840e+05	1.470539e+01	2.000035e+01	3.822408e-01	8.321307e+00	2.097979e+01	7.939184e+00	-7.491130e+01	2.955159e+01	349
1.162170e+05	1.471039e+01	2.000035e+01	3.833138e-01	8.339946e+00	2.099666e+01	7.956643e+00	-7.491130e+01	2.955324e+01	350
1.165500e+05	1.471039e+01	2.000035e+01	3.843862e-01	8.358564e+00	2.101349e+01	7.974081e+00	-7.491130e+01	2.955489e+01	351
1.168830e+05	1.471539e+01	2.000034e+01	3.854581e-01	8.377159e+00	2.103028e+01	7.991497e+00	-7.491130e+01	2.955653e+01	352
1.172160e+05	1.471539e+01	2.000034e+01	3.865294e-01	8.395733e+00	2.104703e+01	8.008892e+00	-7.491130e+01	2.955818e+01	353
1.175490e+05	1.471538e+01	2.000034e+01	3.876001e-01	8.414286e+00	2.106374e+01	8.026266e+00	-7.491130e+01	2.955982e+01	354
1.178820e+05	1.472039e+01	2.000034e+01	3.886702e-01	8.432816e+00	2.108041e+01	8.043618e+00	-7.491130e+01	2.956146e+01	355
1.182150e+05	1.472038e+01	2.000034e+01	3.897398e-01	8.451325e+00	2.109703e+01	8.060950e+00	-7.491130e+01	2.956309e+01	356
1.185480e+05	1.472538e+01	2.000034e+01	3.908088e-01	8.469813e+00	2.111362e+01	8.078260e+00	-7.491130e+01	2.956473e+01	357
1.188810e+05	1.472538e+01	2.000034e+01	3.918771e-01	8.488278e+00	2.113016e+01	8.095549e+00	-7.491130e+01	2.956636e+01	358
1.192140e+05	1.473038e+01	2.000034e+01	3.929449e-01	8.506722e+00	2.114667e+01	8.112817e+00	-7.491130e+01	2.956799e+01	359
1.195470e+05	1.473038e+01	2.000034e+01	3.940121e-01	8.525145e+00	2.116314e+01	8.130064e+00	-7.491130e+01	2.956962e+01	360
1.198800e+05	1.473538e+01	2.000034e+01	3.950787e-01	8.543545e+00	2.117956e+01	8.147289e+00	-7.491130e+01	2.957124e+01	361
1.200000e+05	1.473538e+01	2.000034e+01	3.961448e-01	8.558014e+00	2.118230e+01	8.266700e-03	-7.491130e+01	2.957287e+01	361
