0.000000e+00	0.000000e+00	0.000000e+00	-2.000000e+03	2.500000e-01	1.000000e+01	2.073800e-01	1.000000e+00	0.000000e+00	1
1.000000e+03	3.041134e+02	3.203096e+02	1.936646e-01	2.828384e-01	1.001050e+01	1.730293e-01	-7.772494e+01	1.097663e+02	2
2.000000e+03	0.000000e+00	4.002550e+02	5.836327e-01	3.356765e-01	1.005377e+01	6.913200e-01	-7.772495e+01	0.000000e+00	3
3.000000e+03	8.451551e+01	1.999842e+01	5.286316e-01	2.869767e-01	1.018364e+01	3.959901e-01	-7.772495e+01	3.120304e+01	4
4.000000e+03	0.000000e+00	3.755406e+02	3.407794e-01	4.238940e-01	1.031527e+01	7.330768e-01	-7.772495e+01	0.000000e+00	5
5.000000e+03	2.807887e+01	1.999893e+01	1.029376e-01	5.934948e-01	1.049551e+01	8.360153e-01	-7.772495e+01	3.045383e+01	6
6.000000e+03	2.167133e+01	2.000010e+01	1.137503e-01	7.525574e-01	1.068469e+01	9.497667e-01	-7.772495e+01	3.040029e+01	7
7.000000e+03	1.932563e+01	2.000014e+01	1.113510e-01	8.986793e-01	1.087992e+01	1.061119e+00	-7.772495e+01	3.026688e+01	8
8.000000e+03	1.862057e+01	2.000010e+01	1.051930e-01	1.031023e+00	1.107907e+01	1.166313e+00	-7.772495e+01	3.015328e+01	9
9.000000e+03	1.829057e+01	2.000005e+01	9.882285e-02	1.151249e+00	1.127994e+01	1.265137e+00	-7.772495e+01	3.006666e+01	10
1.000000e+04	1.807557e+01	2.000002e+01	9.361908e-02	1.261976e+00	1.148078e+01	1.358757e+00	-7.772495e+01	3.000277e+01	11
1.100000e+04	1.791057e+01	1.999999e+01	8.985779e-02	1.365783e+00	1.168031e+01	1.448615e+00	-7.772495e+01	2.995627e+01	12
1.200000e+04	1.777557e+01	1.999998e+01	8.735984e-02	1.464799e+00	1.187768e+01	1.535976e+00	-7.772495e+01	2.992257e+01	13
1.300000e+04	1.766556e+01	1.999997e+01	8.582303e-02	1.560620e+00	1.207234e+01	1.621800e+00	-7.772495e+01	2.989809e+01	14
1.400000e+04	1.756556e+01	1.999996e+01	8.496265e-02	1.654378e+00	1.226397e+01	1.706764e+00	-7.772495e+01	2.988024e+01	15
1.500000e+04	1.747555e+01	1.999996e+01	8.455427e-02	1.746843e+00	1.245240e+01	1.791319e+00	-7.772495e+01	2.986721e+01	16
1.600000e+04	1.739554e+01	1.999995e+01	8.443560e-02	1.838529e+00	1.263755e+01	1.875755e+00	-7.772495e+01	2.985775e+01	17
1.700000e+04	1.732054e+01	1.999995e+01	8.449501e-02	1.929769e+00	1.281942e+01	1.960251e+00	-7.772495e+01	2.985098e+01	18
1.800000e+04	1.725553e+01	1.999995e+01	8.788843e-02	2.020776e+00	1.299802e+01	2.044910e+00	-7.772495e+01	2.984631e+01	19
1.900000e+04	1.719052e+01	1.999995e+01	9.228303e-02	2.111683e+00	1.317343e+01	2.129788e+00	-7.772495e+01	2.984334e+01	20
2.000000e+04	1.713051e+01	1.999996e+01	9.675371e-02	2.202571e+00	1.334569e+01	2.214909e+00	-7.772495e+01	2.984176e+01	21
2.100000e+04	1.707050e+01	1.999996e+01	1.012972e-01	2.293488e+00	1.351489e+01	2.300278e+00	-7.772495e+01	2.984136e+01	22
2.200000e+04	1.702049e+01	1.999996e+01	1.059106e-01	2.384458e+00	1.368111e+01	2.385891e+00	-7.772495e+01	2.984197e+01	23
2.300000e+04	1.697048e+01	1.999996e+01	1.105912e-01	2.475494e+00	1.384443e+01	2.471731e+00	-7.772495e+01	2.984347e+01	24
2.400000e+04	1.692047e+01	1.999996e+01	1.153363e-01	2.566597e+00	1.400493e+01	2.557783e+00	-7.772495e+01	2.984574e+01	25
2.500000e+04	1.687547e+01	1.999996e+01	1.201437e-01	2.657764e+00	1.416269e+01	2.644027e+00	-7.772495e+01	2.984871e+01	26
2.600000e+04	1.683546e+01	1.999996e+01	1.250111e-01	2.748987e+00	1.431779e+01	2.730442e+00	-7.772495e+01	2.985229e+01	27
2.700000e+04	1.679545e+01	1.999996e+01	1.299362e-01	2.840258e+00	1.447030e+01	2.817007e+00	-7.772495e+01	2.985644e+01	28
2.800000e+04	1.676044e+01	1.999997e+01	1.349172e-01	2.931566e+00	1.462030e+01	2.903702e+00	-7.772495e+01	2.986108e+01	29
2.900000e+04	1.672543e+01	1.999997e+01	1.399521e-01	3.022899e+00	1.476787e+01	2.990507e+00	-7.772495e+01	2.986618e+01	30
3.000000e+04	1.669043e+01	1.999997e+01	1.450390e-01	3.114245e+00	1.491307e+01	3.077403e+00	-7.772495e+01	2.987169e+01	31
3.100000e+04	1.666042e+01	1.999997e+01	1.501761e-01	3.205594e+00	1.505598e+01	3.164373e+00	-7.772495e+01	2.987756e+01	32
3.200000e+04	1.663041e+01	1.999997e+01	1.553619e-01	3.296933e+00	1.519665e+01	3.251398e+00	-7.772495e+01	2.988377e+01	33
3.300000e+04	1.660540e+01	1.999997e+01	1.605947e-01	3.388251e+00	1.533514e+01	3.338461e+00	-7.772495e+01	2.989028e+01	34
3.400000e+04	1.658040e+01	1.999997e+01	1.658729e-01	3.479537e+00	1.547153e+01	3.425548e+00	-7.772495e+01	2.989706e+01	35
3.500000e+04	1.656039e+01	1.999997e+01	1.711951e-01	3.570780e+00	1.560587e+01	3.512643e+00	-7.772495e+01	2.990409e+01	36
3.600000e+04	1.653538e+01	1.999998e+01	1.765598e-01	3.661971e+00	1.573821e+01	3.599732e+00	-7.772495e+01	2.991134e+01	37
3.700000e+04	1.651538e+01	1.999998e+01	1.819657e-01	3.753098e+00	1.586861e+01	3.686801e+00	-7.772495e+01	2.991878e+01	38
3.800000e+04	1.650037e+01	1.999998e+01	1.874116e-01	3.844152e+00	1.599713e+01	3.773839e+00	-7.772495e+01	2.992641e+01	39
3.900000e+04	1.648037e+01	1.999998e+01	1.928960e-01	3.935124e+00	1.612380e+01	3.860832e+00	-7.772495e+01	2.993420e+01	40
4.000000e+04	1.646536e+01	1.999998e+01	1.984178e-01	4.026006e+00	1.624869e+01	3.947769e+00	-7.772495e+01	2.994213e+01	41
4.100000e+04	1.645035e+01	1.999998e+01	2.039758e-01	4.116789e+00	1.637183e+01	4.034640e+00	-7.772495e+01	2.995019e+01	42
4.200000e+04	1.644035e+01	1.999998e+01	2.095688e-01	4.207464e+00	1.649327e+01	4.121434e+00	-7.772495e+01	2.995836e+01	43
4.300000e+04	1.642534e+01	1.999998e+01	2.151958e-01	4.298025e+00	1.661307e+01	4.208142e+00	-7.772495e+01	2.996664e+01	44
4.400000e+04	1.641534e+01	1.999998e+01	2.208557e-01	4.388464e+00	1.673125e+01	4.294754e+00	-7.772495e+01	2.997500e+01	45
4.500000e+04	1.640534e+01	1.999998e+01	2.265474e-01	4.478774e+00	1.684785e+01	4.381262e+00	-7.772495e+01	2.998345e+01	46
4.600000e+04	1.640033e+01	1.999999e+01	2.322700e-01	4.568948e+00	1.696293e+01	4.467657e+00	-7.772495e+01	2.999196e+01	47
4.700000e+04	1.639033e+01	1.999999e+01	2.380224e-01	4.658979e+00	1.707651e+01	4.553932e+00	-7.772495e+01	3.000054e+01	48
4.800000e+04	1.638532e+01	1.999999e+01	2.438037e-01	4.748863e+00	1.718863e+01	4.640079e+00	-7.772495e+01	3.000917e+01	49
4.900000e+04	1.638032e+01	1.999999e+01	2.496130e-01	4.838592e+00	1.729933e+01	4.726090e+00	-7.772495e+01	3.001785e+01	50
5.000000e+04	1.637532e+01	1.999999e+01	2.554493e-01	4.928161e+00	1.740863e+01	4.811960e+00	-7.772495e+01	3.002656e+01	51
5.100000e+04	1.637031e+01	1.999999e+01	2.613118e-01	5.017566e+00	1.751658e+01	4.897682e+00	-7.772495e+01	3.003531e+01	52
5.200000e+04	1.636531e+01	1.999999e+01	2.671997e-01	5.106800e+00	1.762321e+01	4.983249e+00	-7.772495e+01	3.004408e+01	53
5.300000e+04	1.636530e+01	1.999999e+01	2.731120e-01	5.195859e+00	1.772853e+01	5.068656e+00	-7.772495e+01	3.005287e+01	54
5.400000e+04	1.636030e+01	1.999999e+01	2.790480e-01	5.284739e+00	1.783260e+01	5.153897e+00	-7.772495e+01	3.006169e+01	55
5.500000e+04	1.636030e+01	1.999999e+01	2.850069e-01	5.373435e+00	1.793542e+01	5.238968e+00	-7.772495e+01	3.007051e+01	56
5.600000e+04	1.636030e+01	1.999999e+01	2.909879e-01	5.461942e+00	1.803703e+01	5.323863e+00	-7.772495e+01	3.007934e+01	57
5.700000e+04	1.636029e+01	1.999999e+01	2.969902e-01	5.550258e+00	1.813746e+01	5.408577e+00	-7.772495e+01	3.008818e+01	58
5.800000e+04	1.636529e+01	2.000000e+01	3.030131e-01	5.638377e+00	1.823673e+01	5.493106e+00	-7.772495e+01	3.009702e+01	59
5.900000e+04	1.636529e+01	2.000000e+01	3.090558e-01	5.726296e+00	1.833487e+01	5.577445e+00	-7.772495e+01	3.010586e+01	60
6.000000e+04	1.636528e+01	2.000000e+01	3.151177e-01	5.814011e+00	1.843190e+01	5.661591e+00	-7.772495e+01	3.011469e+01	61
6.100000e+04	1.637028e+01	2.000000e+01	3.211981e-01	5.901520e+00	1.852784e+01	5.745539e+00	-7.772495e+01	3.012352e+01	62
6.200000e+04	1.637028e+01	2.000000e+01	3.272962e-01	5.988819e+00	1.862271e+01	5.829285e+00	-7.772495e+01	3.013234e+01	63
6.300000e+04	1.637528e+01	2.000000e+01	3.334114e-01	6.075904e+00	1.871655e+01	5.912827e+00	-7.772495e+01	3.014115e+01	64
6.400000e+04	1.638028e+01	2.000000e+01	3.395431e-01	6.162773e+00	1.880937e+01	5.996160e+00	-7.772495e+01	3.014995e+01	65
6.500000e+04	1.638527e+01	2.000000e+01	3.456906e-01	6.249423e+00	1.890118e+01	6.079281e+00	-7.772495e+01	3.015874e+01	66
6.600000e+04	1.639027e+01	2.000000e+01	3.518533e-01	6.335851e+00	1.899202e+01	6.162187e+00	-7.772495e+01	3.016751e+01	67
6.700000e+04	1.639527e+01	2.000000e+01	3.580306e-01	6.422054e+00	1.908189e+01	6.244875e+00	-7.772495e+01	3.017626e+01	68
6.800000e+04	1.640027e+01	2.000000e+01	3.642219e-01	6.508030e+00	1.917083e+01	6.327342e+00	-7.772495e+01	3.018500e+01	69
6.900000e+04	1.641027e+01	2.000000e+01	3.704266e-01	6.593777e+00	1.925883e+01	6.409586e+00	-7.772495e+01	3.019371e+01	70
7.000000e+04	1.641526e+01	2.000000e+01	3.766441e-01	6.679291e+00	1.934594e+01	6.491602e+00	-7.772495e+01	3.020241e+01	71
7.100000e+04	1.642026e+01	2.000000e+01	3.828739e-01	6.764571e+00	1.943215e+01	6.573390e+00	-7.772495e+01	3.021109e+01	72
7.200000e+04	1.643026e+01	2.000000e+01	3.891154e-01	6.849615e+00	1.951749e+01	6.654946e+00	-7.772495e+01	3.021975e+01	73
7.300000e+04	1.643526e+01	2.000001e+01	3.953682e-01	6.934420e+00	1.960197e+01	6.736269e+00	-7.772495e+01	3.022838e+01	74
7.400000e+04	1.644526e+01	2.000001e+01	4.016316e-01	7.018984e+00	1.968561e+01	6.817354e+00	-7.772495e+01	3.023700e+01	75
7.500000e+04	1.645526e+01	2.000001e+01	4.079052e-01	7.103305e+00	1.976843e+01	6.898202e+00	-7.772495e+01	3.024559e+01	76
7.600000e+04	1.646025e+01	2.000001e+01	4.141885e-01	7.187381e+00	1.985043e+01	6.978808e+00	-7.772495e+01	3.025416e+01	77
7.700000e+04	1.647025e+01	2.000001e+01	4.204810e-01	7.271211e+00	1.993164e+01	7.059172e+00	-7.772495e+01	3.026271e+01	78
7.800000e+04	1.648025e+01	2.000001e+01	4.267822e-01	7.354793e+00	2.001207e+01	7.139291e+00	-7.772495e+01	3.027124e+01	79
7.900000e+04	1.649025e+01	2.000001e+01	4.330917e-01	7.438124e+00	2.009172e+01	7.219163e+00	-7.772495e+01	3.027974e+01	80
8.000000e+04	1.650025e+01	2.000001e+01	4.394090e-01	7.521204e+00	2.017062e+01	7.298787e+00	-7.772495e+01	3.028822e+01	81
8.100000e+04	1.651025e+01	2.000001e+01	4.457336e-01	7.604030e+00	2.024878e+01	7.378160e+00	-7.772495e+01	3.029667e+01	82
8.200000e+04	1.652025e+01	2.000001e+01	4.520653e-01	7.686601e+00	2.032621e+01	7.457280e+00	-7.772495e+01	3.030511e+01	83
8.300000e+04	1.653025e+01	2.000001e+01	4.584034e-01	7.768915e+00	2.040291e+01	7.536147e+00	-7.772495e+01	3.031352e+01	84
8.400000e+04	1.654024e+01	2.000001e+01	4.647477e-01	7.850970e+00	2.047891e+01	7.614757e+00	-7.772495e+01	3.032191e+01	85
8.500000e+04	1.655024e+01	2.000001e+01	4.710978e-01	7.932766e+00	2.055422e+01	7.693110e+00	-7.772495e+01	3.033028e+01	86
8.600000e+04	1.656524e+01	2.000001e+01	4.774532e-01	8.014300e+00	2.062884e+01	7.771204e+00	-7.772495e+01	3.033862e+01	87
8.700000e+04	1.657524e+01	2.000001e+01	4.838136e-01	8.095572e+00	2.070279e+01	7.849038e+00	-7.772495e+01	3.034695e+01	88
8.800000e+04	1.658524e+01	2.000001e+01	4.901786e-01	8.176579e+00	2.077608e+01	7.926609e+00	-7.772495e+01	3.035525e+01	89
8.900000e+04	1.660024e+01	2.000001e+01	4.965480e-01	8.257321e+00	2.084871e+01	8.003916e+00	-7.772495e+01	3.036353e+01	90
9.000000e+04	1.661024e+01	2.000001e+01	5.033904e-01	8.337795e+00	2.092071e+01	8.080958e+00	-7.772495e+01	3.037179e+01	91
9.100000e+04	1.662524e+01	2.000002e+01	5.102516e-01	8.418002e+00	2.099207e+01	8.157733e+00	-7.772495e+01	3.038003e+01	92
9.200000e+04	1.663524e+01	2.000002e+01	5.171216e-01	8.497938e+00	2.106281e+01	8.234240e+00	-7.772495e+01	3.038825e+01	93
9.300000e+04	1.665024e+01	2.000002e+01	5.240003e-01	8.577603e+00	2.113293e+01	8.310478e+00	-7.772495e+01	3.039645e+01	94
9.400000e+04	1.666024e+01	2.000002e+01	5.308873e-01	8.656996e+00	2.120245e+01	8.386444e+00	-7.772495e+01	3.040464e+01	95
9.500000e+04	1.667524e+01	2.000002e+01	5.377826e-01	8.736115e+00	2.127138e+01	8.462137e+00	-7.772495e+01	3.041280e+01	96
9.600000e+04	1.668523e+01	2.000002e+01	5.446858e-01	8.814959e+00	2.133972e+01	8.537557e+00	-7.772495e+01	3.042095e+01	97
9.700000e+04	1.670023e+01	2.000002e+01	5.515968e-01	8.893527e+00	2.140748e+01	8.612702e+00	-7.772495e+01	3.042908e+01	98
9.800000e+04	1.671523e+01	2.000002e+01	5.585154e-01	8.971817e+00	2.147468e+01	8.687569e+00	-7.772495e+01	3.043719e+01	99
9.900000e+04	1.673023e+01	2.000002e+01	5.654415e-01	9.049828e+00	2.154131e+01	8.762159e+00	-7.772495e+01	3.044529e+01	100
1.000000e+05	1.674023e+01	2.000002e+01	5.723750e-01	9.127559e+00	2.160739e+01	8.836469e+00	-7.772495e+01	3.045338e+01	101
1.010000e+05	1.675523e+01	2.000002e+01	5.793156e-01	9.205009e+00	2.167292e+01	8.910498e+00	-7.772495e+01	3.046144e+01	102
1.020000e+05	1.677023e+01	2.000002e+01	5.862634e-01	9.282175e+00	2.173792e+01	8.984245e+00	-7.772495e+01	3.046950e+01	103
1.030000e+05	1.678523e+01	2.000002e+01	5.932182e-01	9.359057e+00	2.180238e+01	9.057709e+00	-7.772495e+01	3.047754e+01	104
1.040000e+05	1.680023e+01	2.000002e+01	6.001800e-01	9.435654e+00	2.186632e+01	9.130887e+00	-7.772495e+01	3.048557e+01	105
1.050000e+05	1.681523e+01	2.000002e+01	6.071486e-01	9.511965e+00	2.192975e+01	9.203779e+00	-7.772495e+01	3.049358e+01	106
1.060000e+05	1.683023e+01	2.000002e+01	6.141241e-01	9.587987e+00	2.199266e+01	9.276383e+00	-7.772495e+01	3.050159e+01	107
1.070000e+05	1.684523e+01	2.000002e+01	6.211064e-01	9.663719e+00	2.205507e+01	9.348698e+00	-7.772495e+01	3.050959e+01	108
1.080000e+05	1.686023e+01	2.000002e+01	6.280956e-01	9.739161e+00	2.211699e+01	9.420723e+00	-7.772495e+01	3.051757e+01	109
1.090000e+05	1.687523e+01	2.000002e+01	6.350916e-01	9.814310e+00	2.217841e+01	9.492455e+00	-7.772495e+01	3.052555e+01	110
1.100000e+05	1.689023e+01	2.000002e+01	6.420945e-01	9.889166e+00	2.223935e+01	9.563893e+00	-7.772495e+01	3.053352e+01	111
1.110000e+05	1.690523e+01	2.000003e+01	6.491043e-01	9.963727e+00	2.229982e+01	9.635036e+00	-7.772495e+01	3.054148e+01	112
1.120000e+05	1.692023e+01	2.000003e+01	6.561212e-01	1.003799e+01	2.235981e+01	9.705883e+00	-7.772495e+01	3.054944e+01	113
1.130000e+05	1.694023e+01	2.000003e+01	6.631451e-01	1.011196e+01	2.241933e+01	9.776431e+00	-7.772495e+01	3.055739e+01	114
1.140000e+05	1.695523e+01	2.000003e+01	6.701762e-01	1.018562e+01	2.247840e+01	9.846679e+00	-7.772495e+01	3.056533e+01	115
1.150000e+05	1.697023e+01	2.000003e+01	6.772147e-01	1.025899e+01	2.253701e+01	9.916626e+00	-7.772495e+01	3.057328e+01	116
1.160000e+05	1.699023e+01	2.000003e+01	6.842606e-01	1.033205e+01	2.259517e+01	9.986270e+00	-7.772495e+01	3.058122e+01	117
1.170000e+05	1.700523e+01	2.000003e+01	6.913142e-01	1.040481e+01	2.265289e+01	1.005561e+01	-7.772495e+01	3.058916e+01	118
1.180000e+05	1.702023e+01	2.000003e+01	6.983757e-01	1.047727e+01	2.271016e+01	1.012464e+01	-7.772495e+01	3.059710e+01	119
1.190000e+05	1.704023e+01	2.000003e+01	7.054453e-01	1.054941e+01	2.276701e+01	1.019337e+01	-7.772495e+01	3.060504e+01	120
1.200000e+05	1.705522e+01	2.000003e+01	7.125233e-01	1.062125e+01	2.282343e+01	1.026178e-02	-7.772495e+01	3.061298e+01	120
