0.000000e+00	0.000000e+00	0.000000e+00	-2.000000e+03	2.500000e-01	1.000000e+01	2.073800e-01	1.000000e+00	0.000000e+00	1
3.330000e+02	3.041134e+02	3.203096e+02	1.666505e-01	2.963779e-01	1.001441e+01	2.362906e-01	-7.348130e+01	1.097663e+02	2
6.660000e+02	2.922247e+02	1.656481e+02	4.861644e-01	2.772171e-01	1.006203e+01	3.284005e-01	-7.348130e+01	8.525848e+01	3
9.990000e+02	0.000000e+00	1.529684e+02	4.307659e-01	2.638744e-01	1.010901e+01	4.682402e-01	-7.348130e+01	0.000000e+00	4
1.332000e+03	9.629305e+01	2.631238e+01	2.321662e-01	3.132335e-01	1.013218e+01	2.532392e-01	-7.596913e+01	4.227215e+01	5
1.665000e+03	0.000000e+00	3.844743e+02	5.388743e-01	2.711836e-01	1.014246e+01	6.653679e-01	-7.596920e+01	0.000000e+00	6
1.998000e+03	9.182029e+01	2.000000e+01	3.714878e-01	3.210885e-01	1.022573e+01	5.051016e-01	-7.596920e+01	3.129401e+01	7
2.331000e+03	0.000000e+00	1.177585e+02	2.773303e-01	3.541066e-01	1.028635e+01	7.244523e-01	-7.596920e+01	0.000000e+00	8
2.664000e+03	1.134505e+01	1.982641e+01	4.360872e-02	4.164629e-01	1.034569e+01	7.273114e-01	-7.596920e+01	2.893330e+01	9
2.997000e+03	3.094079e+01	2.000722e+01	4.845463e-02	4.755787e-01	1.040523e+01	7.603284e-01	-7.596920e+01	3.060491e+01	10
3.330000e+03	2.685519e+01	2.000070e+01	4.693461e-02	5.337429e-01	1.046533e+01	7.965816e-01	-7.596920e+01	3.055891e+01	11
3.663000e+03	2.393741e+01	2.000080e+01	4.640797e-02	5.911701e-01	1.052597e+01	8.347609e-01	-7.596920e+01	3.051470e+01	12
3.996000e+03	2.199632e+01	2.000082e+01	4.630135e-02	6.476942e-01	1.058727e+01	8.739371e-01	-7.596920e+01	3.046216e+01	13
4.329000e+03	2.078090e+01	2.000080e+01	4.653626e-02	7.030574e-01	1.064932e+01	9.134887e-01	-7.596920e+01	3.040830e+01	14
4.662000e+03	2.002072e+01	2.000077e+01	4.702373e-02	7.570283e-01	1.071214e+01	9.529760e-01	-7.596920e+01	3.035621e+01	15
4.995000e+03	1.953064e+01	2.000073e+01	4.769188e-02	8.094367e-01	1.077570e+01	9.920852e-01	-7.596920e+01	3.030717e+01	16
5.328000e+03	1.920560e+01	2.000070e+01	4.848840e-02	8.601784e-01	1.083995e+01	1.030598e+00	-7.596920e+01	3.026167e+01	17
5.661000e+03	1.897559e+01	2.000067e+01	4.937728e-02	9.092087e-01	1.090480e+01	1.068375e+00	-7.596920e+01	3.021985e+01	18
5.994000e+03	1.880058e+01	2.000064e+01	5.033448e-02	9.565327e-01	1.097016e+01	1.105335e+00	-7.596920e+01	3.018165e+01	19
6.327000e+03	1.866558e+01	2.000062e+01	5.134400e-02	1.002194e+00	1.103594e+01	1.141445e+00	-7.596920e+01	3.014694e+01	20
6.660000e+03	1.855058e+01	2.000060e+01	5.239502e-02	1.046267e+00	1.110205e+01	1.176709e+00	-7.596920e+01	3.011552e+01	21
6.993000e+03	1.845058e+01	2.000058e+01	5.348005e-02	1.088843e+00	1.116840e+01	1.211152e+00	-7.596920e+01	3.008718e+01	22
7.326000e+03	1.836558e+01	2.000056e+01	5.459377e-02	1.130030e+00	1.123492e+01	1.244822e+00	-7.596920e+01	3.006166e+01	23
7.659000e+03	1.829058e+01	2.000054e+01	5.573240e-02	1.169938e+00	1.130154e+01	1.277772e+00	-7.596920e+01	3.003873e+01	24
7.992000e+03	1.822558e+01	2.000053e+01	5.689321e-02	1.208684e+00	1.136819e+01	1.310065e+00	-7.596920e+01	3.001817e+01	25
8.325000e+03	1.816058e+01	2.000052e+01	5.807416e-02	1.246379e+00	1.143480e+01	1.341764e+00	-7.596920e+01	2.999973e+01	26
8.658000e+03	1.810558e+01	2.000051e+01	5.927371e-02	1.283133e+00	1.150134e+01	1.372932e+00	-7.596920e+01	2.998323e+01	27
8.991000e+03	1.805058e+01	2.000050e+01	6.049062e-02	1.319048e+00	1.156775e+01	1.403631e+00	-7.596920e+01	2.996845e+01	28
9.324000e+03	1.800558e+01	2.000049e+01	6.172388e-02	1.354219e+00	1.163400e+01	1.433919e+00	-7.596920e+01	2.995521e+01	29
9.657000e+03	1.796058e+01	2.000048e+01	6.297266e-02	1.388734e+00	1.170004e+01	1.463847e+00	-7.596920e+01	2.994336e+01	30
9.990000e+03	1.791558e+01	2.000047e+01	6.423623e-02	1.422674e+00	1.176586e+01	1.493467e+00	-7.596920e+01	2.993275e+01	31
1.032300e+04	1.787558e+01	2.000047e+01	6.551397e-02	1.456111e+00	1.183142e+01	1.522821e+00	-7.596920e+01	2.992324e+01	32
1.065600e+04	1.783558e+01	2.000046e+01	6.680534e-02	1.489110e+00	1.189671e+01	1.551949e+00	-7.596920e+01	2.991471e+01	33
1.098900e+04	1.780058e+01	2.000046e+01	6.810983e-02	1.521728e+00	1.196170e+01	1.580887e+00	-7.596920e+01	2.990705e+01	34
1.132200e+04	1.776558e+01	2.000046e+01	6.942702e-02	1.554018e+00	1.202638e+01	1.609667e+00	-7.596920e+01	2.990018e+01	35
1.165500e+04	1.773057e+01	2.000045e+01	7.075650e-02	1.586024e+00	1.209074e+01	1.638315e+00	-7.596920e+01	2.989401e+01	36
1.198800e+04	1.770057e+01	2.000045e+01	7.209792e-02	1.617786e+00	1.215477e+01	1.666855e+00	-7.596920e+01	2.988846e+01	37
1.232100e+04	1.767057e+01	2.000045e+01	7.345093e-02	1.649340e+00	1.221845e+01	1.695309e+00	-7.596920e+01	2.988347e+01	38
1.265400e+04	1.764057e+01	2.000045e+01	7.481525e-02	1.680716e+00	1.228179e+01	1.723696e+00	-7.596920e+01	2.987899e+01	39
1.298700e+04	1.761057e+01	2.000045e+01	7.619059e-02	1.711941e+00	1.234477e+01	1.752029e+00	-7.596920e+01	2.987496e+01	40
1.332000e+04	1.758056e+01	2.000045e+01	7.757668e-02	1.743039e+00	1.240740e+01	1.780324e+00	-7.596920e+01	2.987134e+01	41
1.365300e+04	1.755556e+01	2.000044e+01	7.897330e-02	1.774028e+00	1.246966e+01	1.808591e+00	-7.596920e+01	2.986810e+01	42
1.398600e+04	1.753056e+01	2.000044e+01	8.038022e-02	1.804927e+00	1.253157e+01	1.836840e+00	-7.596920e+01	2.986519e+01	43
1.431900e+04	1.750556e+01	2.000044e+01	8.179722e-02	1.835751e+00	1.259311e+01	1.865080e+00	-7.596920e+01	2.986259e+01	44
1.465200e+04	1.748055e+01	2.000044e+01	8.322411e-02	1.866513e+00	1.265428e+01	1.893319e+00	-7.596920e+01	2.986027e+01	45
1.498500e+04	1.745555e+01	2.000044e+01	8.466070e-02	1.897224e+00	1.271510e+01	1.921560e+00	-7.596920e+01	2.985821e+01	46
1.531800e+04	1.743555e+01	2.000044e+01	8.610683e-02	1.927894e+00	1.277555e+01	1.949811e+00	-7.596920e+01	2.985639e+01	47
1.565100e+04	1.741055e+01	2.000044e+01	8.756232e-02	1.958530e+00	1.283563e+01	1.978074e+00	-7.596920e+01	2.985479e+01	48
1.598400e+04	1.739054e+01	2.000044e+01	8.902701e-02	1.989141e+00	1.289536e+01	2.006354e+00	-7.596920e+01	2.985339e+01	49
1.631700e+04	1.736554e+01	2.000044e+01	9.050077e-02	2.019732e+00	1.295473e+01	2.034653e+00	-7.596920e+01	2.985219e+01	50
1.665000e+04	1.734554e+01	2.000045e+01	9.198343e-02	2.050308e+00	1.301374e+01	2.062973e+00	-7.596920e+01	2.985116e+01	51
1.698300e+04	1.732554e+01	2.000045e+01	9.347487e-02	2.080873e+00	1.307239e+01	2.091316e+00	-7.596920e+01	2.985030e+01	52
1.731600e+04	1.730553e+01	2.000045e+01	9.497496e-02	2.111432e+00	1.313070e+01	2.119683e+00	-7.596920e+01	2.984959e+01	53
1.764900e+04	1.728553e+01	2.000045e+01	9.648356e-02	2.141988e+00	1.318865e+01	2.148075e+00	-7.596920e+01	2.984903e+01	54
1.798200e+04	1.726553e+01	2.000045e+01	9.800056e-02	2.172542e+00	1.324626e+01	2.176494e+00	-7.596920e+01	2.984861e+01	55
1.831500e+04	1.724552e+01	2.000045e+01	9.952583e-02	2.203097e+00	1.330352e+01	2.204939e+00	-7.596920e+01	2.984832e+01	56
1.864800e+04	1.723052e+01	2.000045e+01	1.010593e-01	2.233656e+00	1.336044e+01	2.233411e+00	-7.596920e+01	2.984816e+01	57
1.898100e+04	1.721052e+01	2.000045e+01	1.026008e-01	2.264219e+00	1.341702e+01	2.261910e+00	-7.596920e+01	2.984811e+01	58
1.931400e+04	1.719052e+01	2.000045e+01	1.041502e-01	2.294788e+00	1.347326e+01	2.290436e+00	-7.596920e+01	2.984818e+01	59
1.964700e+04	1.717551e+01	2.000045e+01	1.057075e-01	2.325363e+00	1.352917e+01	2.318988e+00	-7.596920e+01	2.984835e+01	60
1.998000e+04	1.715551e+01	2.000045e+01	1.072725e-01	2.355946e+00	1.358475e+01	2.347567e+00	-7.596920e+01	2.984863e+01	61
2.031300e+04	1.714051e+01	2.000046e+01	1.088451e-01	2.386537e+00	1.364001e+01	2.376172e+00	-7.596920e+01	2.984900e+01	62
2.064600e+04	1.712551e+01	2.000046e+01	1.104253e-01	2.417137e+00	1.369494e+01	2.404802e+00	-7.596920e+01	2.984947e+01	63
2.097900e+04	1.711050e+01	2.000046e+01	1.120130e-01	2.447745e+00	1.374955e+01	2.433457e+00	-7.596920e+01	2.985003e+01	64
2.131200e+04	1.709050e+01	2.000046e+01	1.136079e-01	2.478362e+00	1.380384e+01	2.462137e+00	-7.596920e+01	2.985068e+01	65
2.164500e+04	1.707550e+01	2.000046e+01	1.152102e-01	2.508988e+00	1.385781e+01	2.490840e+00	-7.596920e+01	2.985141e+01	66
2.197800e+04	1.706049e+01	2.000046e+01	1.168196e-01	2.539623e+00	1.391148e+01	2.519566e+00	-7.596920e+01	2.985222e+01	67
2.231100e+04	1.704549e+01	2.000046e+01	1.184362e-01	2.570267e+00	1.396483e+01	2.548315e+00	-7.596920e+01	2.985310e+01	68
2.264400e+04	1.703549e+01	2.000047e+01	1.200597e-01	2.600921e+00	1.401788e+01	2.577086e+00	-7.596920e+01	2.985406e+01	69
2.297700e+04	1.702049e+01	2.000047e+01	1.216901e-01	2.631582e+00	1.407063e+01	2.605877e+00	-7.596920e+01	2.985510e+01	70
2.331000e+04	1.700548e+01	2.000047e+01	1.233274e-01	2.662253e+00	1.412308e+01	2.634689e+00	-7.596920e+01	2.985620e+01	71
2.364300e+04	1.699048e+01	2.000047e+01	1.249714e-01	2.692931e+00	1.417523e+01	2.663521e+00	-7.596920e+01	2.985736e+01	72
2.397600e+04	1.697548e+01	2.000047e+01	1.266222e-01	2.723618e+00	1.422708e+01	2.692371e+00	-7.596920e+01	2.985859e+01	73
2.430900e+04	1.696547e+01	2.000047e+01	1.282795e-01	2.754312e+00	1.427865e+01	2.721239e+00	-7.596920e+01	2.985989e+01	74
2.464200e+04	1.695047e+01	2.000047e+01	1.299433e-01	2.785013e+00	1.432992e+01	2.750125e+00	-7.596920e+01	2.986124e+01	75
2.497500e+04	1.694047e+01	2.000048e+01	1.316136e-01	2.815722e+00	1.438091e+01	2.779027e+00	-7.596920e+01	2.986265e+01	76
2.530800e+04	1.692547e+01	2.000048e+01	1.332903e-01	2.846437e+00	1.443162e+01	2.807945e+00	-7.596920e+01	2.986412e+01	77
2.564100e+04	1.691546e+01	2.000048e+01	1.349733e-01	2.877158e+00	1.448205e+01	2.836879e+00	-7.596920e+01	2.986564e+01	78
2.597400e+04	1.690546e+01	2.000048e+01	1.366625e-01	2.907885e+00	1.453220e+01	2.865826e+00	-7.596920e+01	2.986721e+01	79
2.630700e+04	1.689046e+01	2.000048e+01	1.383579e-01	2.938617e+00	1.458207e+01	2.894788e+00	-7.596920e+01	2.986883e+01	80
2.664000e+04	1.688045e+01	2.000049e+01	1.400593e-01	2.969354e+00	1.463168e+01	2.923762e+00	-7.596920e+01	2.987050e+01	81
2.697300e+04	1.687045e+01	2.000049e+01	1.417669e-01	3.000096e+00	1.468101e+01	2.952749e+00	-7.596920e+01	2.987222e+01	82
2.730600e+04	1.686045e+01	2.000049e+01	1.434803e-01	3.030842e+00	1.473008e+01	2.981747e+00	-7.596920e+01	2.987398e+01	83
2.763900e+04	1.685045e+01	2.000049e+01	1.451997e-01	3.061591e+00	1.477888e+01	3.010756e+00	-7.596920e+01	2.987579e+01	84
2.797200e+04	1.684044e+01	2.000049e+01	1.469249e-01	3.092344e+00	1.482743e+01	3.039775e+00	-7.596920e+01	2.987764e+01	85
2.830500e+04	1.683044e+01	2.000049e+01	1.486558e-01	3.123100e+00	1.487571e+01	3.068804e+00	-7.596920e+01	2.987953e+01	86
2.863800e+04	1.682044e+01	2.000050e+01	1.503925e-01	3.153858e+00	1.492374e+01	3.097841e+00	-7.596920e+01	2.988146e+01	87
2.897100e+04	1.681044e+01	2.000050e+01	1.521348e-01	3.184618e+00	1.497151e+01	3.126887e+00	-7.596920e+01	2.988343e+01	88
2.930400e+04	1.680043e+01	2.000050e+01	1.538827e-01	3.215380e+00	1.501903e+01	3.155941e+00	-7.596920e+01	2.988544e+01	89
2.963700e+04	1.679043e+01	2.000050e+01	1.556361e-01	3.246142e+00	1.506631e+01	3.185001e+00	-7.596920e+01	2.988748e+01	90
2.997000e+04	1.678043e+01	2.000050e+01	1.573950e-01	3.276906e+00	1.511333e+01	3.214068e+00	-7.596920e+01	2.988955e+01	91
3.030300e+04	1.677043e+01	2.000051e+01	1.591593e-01	3.307670e+00	1.516012e+01	3.243141e+00	-7.596920e+01	2.989166e+01	92
3.063600e+04	1.676543e+01	2.000051e+01	1.609289e-01	3.338434e+00	1.520666e+01	3.272219e+00	-7.596920e+01	2.989381e+01	93
3.096900e+04	1.675542e+01	2.000051e+01	1.627038e-01	3.369197e+00	1.525296e+01	3.301301e+00	-7.596920e+01	2.989598e+01	94
3.130200e+04	1.674542e+01	2.000051e+01	1.644840e-01	3.399960e+00	1.529902e+01	3.330388e+00	-7.596920e+01	2.989818e+01	95
3.163500e+04	1.674042e+01	2.000051e+01	1.662693e-01	3.430721e+00	1.534485e+01	3.359478e+00	-7.596920e+01	2.990042e+01	96
3.196800e+04	1.673042e+01	2.000052e+01	1.680598e-01	3.461480e+00	1.539044e+01	3.388570e+00	-7.596920e+01	2.990268e+01	97
3.230100e+04	1.672541e+01	2.000052e+01	1.698553e-01	3.492237e+00	1.543581e+01	3.417665e+00	-7.596920e+01	2.990497e+01	98
3.263400e+04	1.671541e+01	2.000052e+01	1.716558e-01	3.522992e+00	1.548095e+01	3.446762e+00	-7.596920e+01	2.990728e+01	99
3.296700e+04	1.671041e+01	2.000052e+01	1.734614e-01	3.553744e+00	1.552586e+01	3.475861e+00	-7.596920e+01	2.990963e+01	100
3.330000e+04	1.670041e+01	2.000052e+01	1.752718e-01	3.584493e+00	1.557054e+01	3.504960e+00	-7.596920e+01	2.991199e+01	101
3.363300e+04	1.669540e+01	2.000053e+01	1.770871e-01	3.615238e+00	1.561500e+01	3.534059e+00	-7.596920e+01	2.991438e+01	102
3.396600e+04	1.669040e+01	2.000053e+01	1.789072e-01	3.645980e+00	1.565925e+01	3.563158e+00	-7.596920e+01	2.991679e+01	103
3.429900e+04	1.668040e+01	2.000053e+01	1.807321e-01	3.676717e+00	1.570327e+01	3.592256e+00	-7.596920e+01	2.991923e+01	104
3.463200e+04	1.667540e+01	2.000053e+01	1.825617e-01	3.707449e+00	1.574708e+01	3.621354e+00	-7.596920e+01	2.992169e+01	105
3.496500e+04	1.667040e+01	2.000053e+01	1.843960e-01	3.738176e+00	1.579068e+01	3.650449e+00	-7.596920e+01	2.992416e+01	106
3.529800e+04	1.666539e+01	2.000054e+01	1.862349e-01	3.768898e+00	1.583406e+01	3.679543e+00	-7.596920e+01	2.992666e+01	107
3.563100e+04	1.666039e+01	2.000054e+01	1.880784e-01	3.799614e+00	1.587723e+01	3.708633e+00	-7.596920e+01	2.992918e+01	108
3.596400e+04	1.665039e+01	2.000054e+01	1.899264e-01	3.830324e+00	1.592020e+01	3.737721e+00	-7.596920e+01	2.993171e+01	109
3.629700e+04	1.664539e+01	2.000054e+01	1.917789e-01	3.861027e+00	1.596296e+01	3.766805e+00	-7.596920e+01	2.993427e+01	110
3.663000e+04	1.664039e+01	2.000054e+01	1.936358e-01	3.891724e+00	1.600551e+01	3.795886e+00	-7.596920e+01	2.993684e+01	111
3.696300e+04	1.663538e+01	2.000055e+01	1.954971e-01	3.922414e+00	1.604786e+01	3.824962e+00	-7.596920e+01	2.993942e+01	112
3.729600e+04	1.663038e+01	2.000055e+01	1.973627e-01	3.953096e+00	1.609001e+01	3.854033e+00	-7.596920e+01	2.994203e+01	113
3.762900e+04	1.662538e+01	2.000055e+01	1.992327e-01	3.983771e+00	1.613196e+01	3.883100e+00	-7.596920e+01	2.994465e+01	114
3.796200e+04	1.662038e+01	2.000055e+01	2.011069e-01	4.014438e+00	1.617371e+01	3.912161e+00	-7.596920e+01	2.994728e+01	115
3.829500e+04	1.661538e+01	2.000056e+01	2.029854e-01	4.045096e+00	1.621527e+01	3.941215e+00	-7.596920e+01	2.994993e+01	116
3.862800e+04	1.661037e+01	2.000056e+01	2.048680e-01	4.075746e+00	1.625664e+01	3.970264e+00	-7.596920e+01	2.995259e+01	117
3.896100e+04	1.661037e+01	2.000056e+01	2.067547e-01	4.106387e+00	1.629781e+01	3.999306e+00	-7.596920e+01	2.995527e+01	118
3.929400e+04	1.660537e+01	2.000056e+01	2.086455e-01	4.137019e+00	1.633879e+01	4.028341e+00	-7.596920e+01	2.995796e+01	119
3.962700e+04	1.660037e+01	2.000056e+01	2.105404e-01	4.167641e+00	1.637958e+01	4.057368e+00	-7.596920e+01	2.996066e+01	120
3.996000e+04	1.659537e+01	2.000057e+01	2.124393e-01	4.198254e+00	1.642019e+01	4.086388e+00	-7.596920e+01	2.996337e+01	121
4.029300e+04	1.659037e+01	2.000057e+01	2.143422e-01	4.228856e+00	1.646061e+01	4.115399e+00	-7.596920e+01	2.996609e+01	122
4.062600e+04	1.659037e+01	2.000057e+01	2.162490e-01	4.259448e+00	1.650085e+01	4.144402e+00	-7.596920e+01	2.996883e+01	123
4.095900e+04	1.658536e+01	2.000057e+01	2.181597e-01	4.290030e+00	1.654090e+01	4.173397e+00	-7.596920e+01	2.997158e+01	124
4.129200e+04	1.658036e+01	2.000058e+01	2.200742e-01	4.320601e+00	1.658077e+01	4.202382e+00	-7.596920e+01	2.997433e+01	125
4.162500e+04	1.658036e+01	2.000058e+01	2.219926e-01	4.351160e+00	1.662047e+01	4.231357e+00	-7.596920e+01	2.997710e+01	126
4.195800e+04	1.657536e+01	2.000058e+01	2.239147e-01	4.381709e+00	1.665998e+01	4.260323e+00	-7.596920e+01	2.997987e+01	127
4.229100e+04	1.657036e+01	2.000058e+01	2.258406e-01	4.412245e+00	1.669932e+01	4.289279e+00	-7.596920e+01	2.998266e+01	128
4.262400e+04	1.657036e+01	2.000058e+01	2.277701e-01	4.442770e+00	1.673849e+01	4.318225e+00	-7.596920e+01	2.998545e+01	129
4.295700e+04	1.656535e+01	2.000059e+01	2.297034e-01	4.473283e+00	1.677748e+01	4.347159e+00	-7.596920e+01	2.998825e+01	130
4.329000e+04	1.656535e+01	2.000059e+01	2.316402e-01	4.503783e+00	1.681630e+01	4.376083e+00	-7.596920e+01	2.999106e+01	131
4.362300e+04	1.656035e+01	2.000059e+01	2.335807e-01	4.534271e+00	1.685495e+01	4.404995e+00	-7.596920e+01	2.999388e+01	132
4.395600e+04	1.656035e+01	2.000059e+01	2.355247e-01	4.564746e+00	1.689344e+01	4.433896e+00	-7.596920e+01	2.999670e+01	133
4.428900e+04	1.655535e+01	2.000060e+01	2.374722e-01	4.595208e+00	1.693175e+01	4.462785e+00	-7.596920e+01	2.999953e+01	134
4.462200e+04	1.655535e+01	2.000060e+01	2.394232e-01	4.625657e+00	1.696990e+01	4.491662e+00	-7.596920e+01	3.000237e+01	135
4.495500e+04	1.655535e+01	2.000060e+01	2.413776e-01	4.656092e+00	1.700788e+01	4.520527e+00	-7.596920e+01	3.000521e+01	136
4.528800e+04	1.655034e+01	2.000060e+01	2.433355e-01	4.686513e+00	1.704570e+01	4.549379e+00	-7.596920e+01	3.000806e+01	137
4.562100e+04	1.655034e+01	2.000061e+01	2.452967e-01	4.716921e+00	1.708336e+01	4.578217e+00	-7.596920e+01	3.001092e+01	138
4.595400e+04	1.654534e+01	2.000061e+01	2.472613e-01	4.747314e+00	1.712086e+01	4.607043e+00	-7.596920e+01	3.001378e+01	139
4.628700e+04	1.654534e+01	2.000061e+01	2.492292e-01	4.777693e+00	1.715820e+01	4.635855e+00	-7.596920e+01	3.001664e+01	140
4.662000e+04	1.654534e+01	2.000061e+01	2.512004e-01	4.808058e+00	1.719538e+01	4.664654e+00	-7.596920e+01	3.001952e+01	141
4.695300e+04	1.654534e+01	2.000061e+01	2.531748e-01	4.838408e+00	1.723240e+01	4.693439e+00	-7.596920e+01	3.002239e+01	142
4.728600e+04	1.654034e+01	2.000062e+01	2.551524e-01	4.868742e+00	1.726927e+01	4.722209e+00	-7.596920e+01	3.002527e+01	143
4.761900e+04	1.654033e+01	2.000062e+01	2.571332e-01	4.899062e+00	1.730598e+01	4.750965e+00	-7.596920e+01	3.002815e+01	144
4.795200e+04	1.654033e+01	2.000062e+01	2.591171e-01	4.929367e+00	1.734254e+01	4.779707e+00	-7.596920e+01	3.003104e+01	145
4.828500e+04	1.654033e+01	2.000062e+01	2.611042e-01	4.959655e+00	1.737895e+01	4.808433e+00	-7.596920e+01	3.003393e+01	146
4.861800e+04	1.653533e+01	2.000063e+01	2.630943e-01	4.989929e+00	1.741521e+01	4.837145e+00	-7.596920e+01	3.003683e+01	147
4.895100e+04	1.653533e+01	2.000063e+01	2.650875e-01	5.020186e+00	1.745132e+01	4.865841e+00	-7.596920e+01	3.003972e+01	148
4.928400e+04	1.653533e+01	2.000063e+01	2.670837e-01	5.050427e+00	1.748728e+01	4.894522e+00	-7.596920e+01	3.004263e+01	149
4.961700e+04	1.653533e+01	2.000063e+01	2.690829e-01	5.080652e+00	1.752309e+01	4.923187e+00	-7.596920e+01	3.004553e+01	150
4.995000e+04	1.653533e+01	2.000064e+01	2.710850e-01	5.110861e+00	1.755876e+01	4.951836e+00	-7.596920e+01	3.004844e+01	151
5.028300e+04	1.653533e+01	2.000064e+01	2.730901e-01	5.141053e+00	1.759428e+01	4.980469e+00	-7.596920e+01	3.005134e+01	152
5.061600e+04	1.653532e+01	2.000064e+01	2.750980e-01	5.171228e+00	1.762966e+01	5.009085e+00	-7.596920e+01	3.005426e+01	153
5.094900e+04	1.653532e+01	2.000064e+01	2.771088e-01	5.201386e+00	1.766489e+01	5.037685e+00	-7.596920e+01	3.005717e+01	154
5.128200e+04	1.653032e+01	2.000064e+01	2.791225e-01	5.231527e+00	1.769999e+01	5.066269e+00	-7.596920e+01	3.006008e+01	155
5.161500e+04	1.653032e+01	2.000065e+01	2.811389e-01	5.261651e+00	1.773494e+01	5.094835e+00	-7.596920e+01	3.006300e+01	156
5.194800e+04	1.653032e+01	2.000065e+01	2.831582e-01	5.291758e+00	1.776976e+01	5.123384e+00	-7.596920e+01	3.006592e+01	157
5.228100e+04	1.653032e+01	2.000065e+01	2.851801e-01	5.321847e+00	1.780443e+01	5.151916e+00	-7.596920e+01	3.006884e+01	158
5.261400e+04	1.653032e+01	2.000065e+01	2.872048e-01	5.351918e+00	1.783897e+01	5.180431e+00	-7.596920e+01	3.007176e+01	159
5.294700e+04	1.653032e+01	2.000066e+01	2.892322e-01	5.381971e+00	1.787338e+01	5.208928e+00	-7.596920e+01	3.007468e+01	160
5.328000e+04	1.653032e+01	2.000066e+01	2.912623e-01	5.412007e+00	1.790765e+01	5.237407e+00	-7.596920e+01	3.007760e+01	161
5.361300e+04	1.653531e+01	2.000066e+01	2.932949e-01	5.442024e+00	1.794178e+01	5.265868e+00	-7.596920e+01	3.008053e+01	162
5.394600e+04	1.653531e+01	2.000066e+01	2.953302e-01	5.472023e+00	1.797578e+01	5.294311e+00	-7.596920e+01	3.008345e+01	163
5.427900e+04	1.653531e+01	2.000067e+01	2.973680e-01	5.502004e+00	1.800965e+01	5.322735e+00	-7.596920e+01	3.008638e+01	164
5.461200e+04	1.653531e+01	2.000067e+01	2.994084e-01	5.531966e+00	1.804339e+01	5.351141e+00	-7.596920e+01	3.008930e+01	165
5.494500e+04	1.653531e+01	2.000067e+01	3.014513e-01	5.561909e+00	1.807699e+01	5.379529e+00	-7.596920e+01	3.009223e+01	166
5.527800e+04	1.653531e+01	2.000067e+01	3.034967e-01	5.591833e+00	1.811047e+01	5.407897e+00	-7.596920e+01	3.009516e+01	167
5.561100e+04	1.653531e+01	2.000067e+01	3.055446e-01	5.621739e+00	1.814382e+01	5.436247e+00	-7.596920e+01	3.009808e+01	168
5.594400e+04	1.653531e+01	2.000068e+01	3.075948e-01	5.651625e+00	1.817704e+01	5.464577e+00	-7.596920e+01	3.010101e+01	169
5.627700e+04	1.653531e+01	2.000068e+01	3.096475e-01	5.681492e+00	1.821014e+01	5.492889e+00	-7.596920e+01	3.010393e+01	170
5.661000e+04	1.654031e+01	2.000068e+01	3.117026e-01	5.711340e+00	1.824311e+01	5.521180e+00	-7.596920e+01	3.010686e+01	171
5.694300e+04	1.654031e+01	2.000068e+01	3.137601e-01	5.741168e+00	1.827595e+01	5.549453e+00	-7.596920e+01	3.010978e+01	172
5.727600e+04	1.654030e+01	2.000069e+01	3.158198e-01	5.770977e+00	1.830868e+01	5.577705e+00	-7.596920e+01	3.011271e+01	173
5.760900e+04	1.654030e+01	2.000069e+01	3.178819e-01	5.800765e+00	1.834128e+01	5.605938e+00	-7.596920e+01	3.011563e+01	174
5.794200e+04	1.654030e+01	2.000069e+01	3.199462e-01	5.830534e+00	1.837375e+01	5.634151e+00	-7.596920e+01	3.011856e+01	175
5.827500e+04	1.654530e+01	2.000069e+01	3.220128e-01	5.860284e+00	1.840611e+01	5.662344e+00	-7.596920e+01	3.012148e+01	176
5.860800e+04	1.654530e+01	2.000070e+01	3.240816e-01	5.890013e+00	1.843834e+01	5.690516e+00	-7.596920e+01	3.012440e+01	177
5.894100e+04	1.654530e+01	2.000070e+01	3.261526e-01	5.919721e+00	1.847046e+01	5.718668e+00	-7.596920e+01	3.012732e+01	178
5.927400e+04	1.654530e+01	2.000070e+01	3.282258e-01	5.949410e+00	1.850246e+01	5.746800e+00	-7.596920e+01	3.013024e+01	179
5.960700e+04	1.655030e+01	2.000070e+01	3.303012e-01	5.979078e+00	1.853434e+01	5.774911e+00	-7.596920e+01	3.013316e+01	180
5.994000e+04	1.655030e+01	2.000070e+01	3.323786e-01	6.008725e+00	1.856610e+01	5.803001e+00	-7.596920e+01	3.013608e+01	181
6.027300e+04	1.655030e+01	2.000071e+01	3.344582e-01	6.038352e+00	1.859775e+01	5.831070e+00	-7.596920e+01	3.013899e+01	182
6.060600e+04	1.655530e+01	2.000071e+01	3.365398e-01	6.067959e+00	1.862928e+01	5.859119e+00	-7.596920e+01	3.014191e+01	183
6.093900e+04	1.655530e+01	2.000071e+01	3.386235e-01	6.097544e+00	1.866070e+01	5.887146e+00	-7.596920e+01	3.014482e+01	184
6.127200e+04	1.655529e+01	2.000071e+01	3.407092e-01	6.127109e+00	1.869200e+01	5.915152e+00	-7.596920e+01	3.014773e+01	185
6.160500e+04	1.656029e+01	2.000072e+01	3.427969e-01	6.156652e+00	1.872320e+01	5.943136e+00	-7.596920e+01	3.015064e+01	186
6.193800e+04	1.656029e+01	2.000072e+01	3.448866e-01	6.186174e+00	1.875427e+01	5.971100e+00	-7.596920e+01	3.015355e+01	187
6.227100e+04	1.656029e+01	2.000072e+01	3.469783e-01	6.215675e+00	1.878524e+01	5.999041e+00	-7.596920e+01	3.015646e+01	188
6.260400e+04	1.656529e+01	2.000072e+01	3.490719e-01	6.245155e+00	1.881610e+01	6.026961e+00	-7.596920e+01	3.015936e+01	189
6.293700e+04	1.656529e+01	2.000072e+01	3.511673e-01	6.274614e+00	1.884685e+01	6.054860e+00	-7.596920e+01	3.016227e+01	190
6.327000e+04	1.657029e+01	2.000073e+01	3.532647e-01	6.304050e+00	1.887748e+01	6.082736e+00	-7.596920e+01	3.016517e+01	191
6.360300e+04	1.657029e+01	2.000073e+01	3.553639e-01	6.333466e+00	1.890801e+01	6.110590e+00	-7.596920e+01	3.016807e+01	192
6.393600e+04	1.657029e+01	2.000073e+01	3.574650e-01	6.362859e+00	1.893844e+01	6.138422e+00	-7.596920e+01	3.017097e+01	193
6.426900e+04	1.657529e+01	2.000073e+01	3.595679e-01	6.392231e+00	1.896875e+01	6.166233e+00	-7.596920e+01	3.017386e+01	194
6.460200e+04	1.657529e+01	2.000074e+01	3.616725e-01	6.421581e+00	1.899896e+01	6.194020e+00	-7.596920e+01	3.017676e+01	195
6.493500e+04	1.658029e+01	2.000074e+01	3.637789e-01	6.450909e+00	1.902906e+01	6.221786e+00	-7.596920e+01	3.017965e+01	196
6.526800e+04	1.658029e+01	2.000074e+01	3.658871e-01	6.480215e+00	1.905906e+01	6.249529e+00	-7.596920e+01	3.018254e+01	197
6.560100e+04	1.658529e+01	2.000074e+01	3.679970e-01	6.509499e+00	1.908896e+01	6.277249e+00	-7.596920e+01	3.018543e+01	198
6.593400e+04	1.658529e+01	2.000074e+01	3.701086e-01	6.538761e+00	1.911875e+01	6.304947e+00	-7.596920e+01	3.018831e+01	199
6.626700e+04	1.659028e+01	2.000075e+01	3.722219e-01	6.568000e+00	1.914844e+01	6.332622e+00	-7.596920e+01	3.019119e+01	200
6.660000e+04	1.659028e+01	2.000075e+01	3.743368e-01	6.597217e+00	1.917802e+01	6.360274e+00	-7.596920e+01	3.019408e+01	201
6.693300e+04	1.659528e+01	2.000075e+01	3.764534e-01	6.626412e+00	1.920751e+01	6.387903e+00	-7.596920e+01	3.019695e+01	202
6.726600e+04	1.659528e+01	2.000075e+01	3.785716e-01	6.655584e+00	1.923689e+01	6.415509e+00	-7.596920e+01	3.019983e+01	203
6.759900e+04	1.660028e+01	2.000076e+01	3.806914e-01	6.684734e+00	1.926618e+01	6.443092e+00	-7.596920e+01	3.020270e+01	204
6.793200e+04	1.660028e+01	2.000076e+01	3.828127e-01	6.713861e+00	1.929536e+01	6.470652e+00	-7.596920e+01	3.020557e+01	205
6.826500e+04	1.660528e+01	2.000076e+01	3.849356e-01	6.742965e+00	1.932445e+01	6.498188e+00	-7.596920e+01	3.020844e+01	206
6.859800e+04	1.660528e+01	2.000076e+01	3.870601e-01	6.772047e+00	1.935344e+01	6.525701e+00	-7.596920e+01	3.021131e+01	207
6.893100e+04	1.661028e+01	2.000076e+01	3.891860e-01	6.801105e+00	1.938233e+01	6.553191e+00	-7.596920e+01	3.021417e+01	208
6.926400e+04	1.661028e+01	2.000077e+01	3.913134e-01	6.830141e+00	1.941112e+01	6.580657e+00	-7.596920e+01	3.021703e+01	209
6.959700e+04	1.661528e+01	2.000077e+01	3.934423e-01	6.859153e+00	1.943982e+01	6.608100e+00	-7.596920e+01	3.021989e+01	210
6.993000e+04	1.662028e+01	2.000077e+01	3.955727e-01	6.888143e+00	1.946842e+01	6.635519e+00	-7.596920e+01	3.022275e+01	211
7.026300e+04	1.662028e+01	2.000077e+01	3.977044e-01	6.917109e+00	1.949692e+01	6.662914e+00	-7.596920e+01	3.022560e+01	212
7.059600e+04	1.662528e+01	2.000077e+01	3.998376e-01	6.946053e+00	1.952534e+01	6.690286e+00	-7.596920e+01	3.022845e+01	213
7.092900e+04	1.662528e+01	2.000078e+01	4.019722e-01	6.974973e+00	1.955365e+01	6.717633e+00	-7.596920e+01	3.023130e+01	214
7.126200e+04	1.663028e+01	2.000078e+01	4.041081e-01	7.003869e+00	1.958188e+01	6.744957e+00	-7.596920e+01	3.023414e+01	215
7.159500e+04	1.663528e+01	2.000078e+01	4.062454e-01	7.032743e+00	1.961001e+01	6.772256e+00	-7.596920e+01	3.023699e+01	216
7.192800e+04	1.663528e+01	2.000078e+01	4.083840e-01	7.061593e+00	1.963805e+01	6.799532e+00	-7.596920e+01	3.023982e+01	217
7.226100e+04	1.664028e+01	2.000078e+01	4.105239e-01	7.090419e+00	1.966600e+01	6.826783e+00	-7.596920e+01	3.024266e+01	218
7.259400e+04	1.664027e+01	2.000079e+01	4.126650e-01	7.119222e+00	1.969385e+01	6.854010e+00	-7.596920e+01	3.024550e+01	219
7.292700e+04	1.664527e+01	2.000079e+01	4.148075e-01	7.148001e+00	1.972162e+01	6.881213e+00	-7.596920e+01	3.024833e+01	220
7.326000e+04	1.665027e+01	2.000079e+01	4.169512e-01	7.176756e+00	1.974929e+01	6.908391e+00	-7.596920e+01	3.025115e+01	221
7.359300e+04	1.665027e+01	2.000079e+01	4.190961e-01	7.205488e+00	1.977688e+01	6.935545e+00	-7.596920e+01	3.025398e+01	222
7.392600e+04	1.665527e+01	2.000079e+01	4.212423e-01	7.234196e+00	1.980438e+01	6.962675e+00	-7.596920e+01	3.025680e+01	223
7.425900e+04	1.666027e+01	2.000080e+01	4.233896e-01	7.262880e+00	1.983179e+01	6.989780e+00	-7.596920e+01	3.025962e+01	224
7.459200e+04	1.666027e+01	2.000080e+01	4.255381e-01	7.291540e+00	1.985911e+01	7.016860e+00	-7.596920e+01	3.026244e+01	225
7.492500e+04	1.666527e+01	2.000080e+01	4.276878e-01	7.320176e+00	1.988634e+01	7.043915e+00	-7.596920e+01	3.026525e+01	226
7.525800e+04	1.667027e+01	2.000080e+01	4.298386e-01	7.348788e+00	1.991349e+01	7.070946e+00	-7.596920e+01	3.026806e+01	227
7.559100e+04	1.667027e+01	2.000080e+01	4.319905e-01	7.377376e+00	1.994055e+01	7.097952e+00	-7.596920e+01	3.027087e+01	228
7.592400e+04	1.667527e+01	2.000081e+01	4.341436e-01	7.405940e+00	1.996753e+01	7.124933e+00	-7.596920e+01	3.027368e+01	229
7.625700e+04	1.668027e+01	2.000081e+01	4.362977e-01	7.434480e+00	1.999442e+01	7.151890e+00	-7.596920e+01	3.027648e+01	230
7.659000e+04	1.668527e+01	2.000081e+01	4.384528e-01	7.462995e+00	2.002123e+01	7.178821e+00	-7.596920e+01	3.027928e+01	231
7.692300e+04	1.668527e+01	2.000081e+01	4.406091e-01	7.491487e+00	2.004795e+01	7.205727e+00	-7.596920e+01	3.028207e+01	232
7.725600e+04	1.669027e+01	2.000081e+01	4.427663e-01	7.519954e+00	2.007458e+01	7.232609e+00	-7.596920e+01	3.028487e+01	233
7.758900e+04	1.669527e+01	2.000082e+01	4.449246e-01	7.548396e+00	2.010114e+01	7.259465e+00	-7.596920e+01	3.028766e+01	234
7.792200e+04	1.669527e+01	2.000082e+01	4.470838e-01	7.576814e+00	2.012761e+01	7.286295e+00	-7.596920e+01	3.029044e+01	235
7.825500e+04	1.670027e+01	2.000082e+01	4.492441e-01	7.605208e+00	2.015400e+01	7.313101e+00	-7.596920e+01	3.029323e+01	236
7.858800e+04	1.670527e+01	2.000082e+01	4.514052e-01	7.633577e+00	2.018031e+01	7.339881e+00	-7.596920e+01	3.029601e+01	237
7.892100e+04	1.671027e+01	2.000082e+01	4.535674e-01	7.661922e+00	2.020653e+01	7.366637e+00	-7.596920e+01	3.029879e+01	238
7.925400e+04	1.671027e+01	2.000083e+01	4.557304e-01	7.690242e+00	2.023268e+01	7.393366e+00	-7.596920e+01	3.030156e+01	239
7.958700e+04	1.671527e+01	2.000083e+01	4.578944e-01	7.718537e+00	2.025874e+01	7.420070e+00	-7.596920e+01	3.030433e+01	240
7.992000e+04	1.672027e+01	2.000083e+01	4.600593e-01	7.746808e+00	2.028473e+01	7.446749e+00	-7.596920e+01	3.030710e+01	241
8.025300e+04	1.672526e+01	2.000083e+01	4.622250e-01	7.775054e+00	2.031063e+01	7.473402e+00	-7.596920e+01	3.030987e+01	242
8.058600e+04	1.673026e+01	2.000083e+01	4.643916e-01	7.803275e+00	2.033646e+01	7.500030e+00	-7.596920e+01	3.031263e+01	243
8.091900e+04	1.673026e+01	2.000083e+01	4.665591e-01	7.831471e+00	2.036221e+01	7.526632e+00	-7.596920e+01	3.031539e+01	244
8.125200e+04	1.673526e+01	2.000084e+01	4.687273e-01	7.859643e+00	2.038788e+01	7.553208e+00	-7.596920e+01	3.031815e+01	245
8.158500e+04	1.674026e+01	2.000084e+01	4.708964e-01	7.887789e+00	2.041347e+01	7.579758e+00	-7.596920e+01	3.032090e+01	246
8.191800e+04	1.674526e+01	2.000084e+01	4.730663e-01	7.915911e+00	2.043899e+01	7.606283e+00	-7.596920e+01	3.032365e+01	247
8.225100e+04	1.674526e+01	2.000084e+01	4.752370e-01	7.944008e+00	2.046442e+01	7.632782e+00	-7.596920e+01	3.032640e+01	248
8.258400e+04	1.675026e+01	2.000084e+01	4.774084e-01	7.972079e+00	2.048979e+01	7.659255e+00	-7.596920e+01	3.032914e+01	249
8.291700e+04	1.675526e+01	2.000085e+01	4.795805e-01	8.000126e+00	2.051507e+01	7.685703e+00	-7.596920e+01	3.033189e+01	250
8.325000e+04	1.676026e+01	2.000085e+01	4.817534e-01	8.028148e+00	2.054028e+01	7.712124e+00	-7.596920e+01	3.033462e+01	251
8.358300e+04	1.676526e+01	2.000085e+01	4.839271e-01	8.056144e+00	2.056542e+01	7.738519e+00	-7.596920e+01	3.033736e+01	252
8.391600e+04	1.677026e+01	2.000085e+01	4.861014e-01	8.084115e+00	2.059048e+01	7.764888e+00	-7.596920e+01	3.034009e+01	253
8.424900e+04	1.677026e+01	2.000085e+01	4.882764e-01	8.112061e+00	2.061546e+01	7.791232e+00	-7.596920e+01	3.034282e+01	254
8.458200e+04	1.677526e+01	2.000085e+01	4.904521e-01	8.139982e+00	2.064037e+01	7.817549e+00	-7.596920e+01	3.034555e+01	255
8.491500e+04	1.678026e+01	2.000086e+01	4.926284e-01	8.167878e+00	2.066521e+01	7.843840e+00	-7.596920e+01	3.034827e+01	256
8.524800e+04	1.678526e+01	2.000086e+01	4.948054e-01	8.195748e+00	2.068998e+01	7.870105e+00	-7.596920e+01	3.035099e+01	257
8.558100e+04	1.679026e+01	2.000086e+01	4.969830e-01	8.223593e+00	2.071467e+01	7.896343e+00	-7.596920e+01	3.035371e+01	258
8.591400e+04	1.679526e+01	2.000086e+01	4.991613e-01	8.251412e+00	2.073929e+01	7.922555e+00	-7.596920e+01	3.035642e+01	259
8.624700e+04	1.679526e+01	2.000086e+01	5.013401e-01	8.279206e+00	2.076384e+01	7.948741e+00	-7.596920e+01	3.035914e+01	260
8.658000e+04	1.680026e+01	2.000086e+01	5.035195e-01	8.306975e+00	2.078831e+01	7.974901e+00	-7.596920e+01	3.036184e+01	261
8.691300e+04	1.680526e+01	2.000087e+01	5.056995e-01	8.334718e+00	2.081272e+01	8.001035e+00	-7.596920e+01	3.036455e+01	262
8.724600e+04	1.681026e+01	2.000087e+01	5.078800e-01	8.362436e+00	2.083705e+01	8.027141e+00	-7.596920e+01	3.036725e+01	263
8.757900e+04	1.681526e+01	2.000087e+01	5.100611e-01	8.390128e+00	2.086132e+01	8.053222e+00	-7.596920e+01	3.036995e+01	264
8.791200e+04	1.682026e+01	2.000087e+01	5.122427e-01	8.417794e+00	2.088551e+01	8.079276e+00	-7.596920e+01	3.037265e+01	265
8.824500e+04	1.682526e+01	2.000087e+01	5.144248e-01	8.445435e+00	2.090964e+01	8.105303e+00	-7.596920e+01	3.037534e+01	266
8.857800e+04	1.683026e+01	2.000087e+01	5.166075e-01	8.473051e+00	2.093369e+01	8.131304e+00	-7.596920e+01	3.037803e+01	267
8.891100e+04	1.683526e+01	2.000087e+01	5.187906e-01	8.500640e+00	2.095768e+01	8.157279e+00	-7.596920e+01	3.038072e+01	268
8.924400e+04	1.683526e+01	2.000088e+01	5.209742e-01	8.528204e+00	2.098159e+01	8.183227e+00	-7.596920e+01	3.038341e+01	269
8.957700e+04	1.684026e+01	2.000088e+01	5.231582e-01	8.555742e+00	2.100544e+01	8.209148e+00	-7.596920e+01	3.038609e+01	270
8.991000e+04	1.684526e+01	2.000088e+01	5.253427e-01	8.583255e+00	2.102922e+01	8.235042e+00	-7.596920e+01	3.038877e+01	271
9.024300e+04	1.685026e+01	2.000088e+01	5.275276e-01	8.610742e+00	2.105294e+01	8.260910e+00	-7.596920e+01	3.039144e+01	272
9.057600e+04	1.685526e+01	2.000088e+01	5.297130e-01	8.638203e+00	2.107658e+01	8.286751e+00	-7.596920e+01	3.039412e+01	273
9.090900e+04	1.686026e+01	2.000088e+01	5.318987e-01	8.665638e+00	2.110016e+01	8.312565e+00	-7.596920e+01	3.039679e+01	274
9.124200e+04	1.686526e+01	2.000089e+01	5.340849e-01	8.693047e+00	2.112368e+01	8.338353e+00	-7.596920e+01	3.039945e+01	275
9.157500e+04	1.687026e+01	2.000089e+01	5.362714e-01	8.720430e+00	2.114712e+01	8.364113e+00	-7.596920e+01	3.040212e+01	276
9.190800e+04	1.687525e+01	2.000089e+01	5.384584e-01	8.747787e+00	2.117051e+01	8.389847e+00	-7.596920e+01	3.040478e+01	277
9.224100e+04	1.688025e+01	2.000089e+01	5.406456e-01	8.775119e+00	2.119382e+01	8.415554e+00	-7.596920e+01	3.040744e+01	278
9.257400e+04	1.688525e+01	2.000089e+01	5.428332e-01	8.802424e+00	2.121707e+01	8.441234e+00	-7.596920e+01	3.041009e+01	279
9.290700e+04	1.689025e+01	2.000089e+01	5.450212e-01	8.829704e+00	2.124026e+01	8.466887e+00	-7.596920e+01	3.041275e+01	280
9.324000e+04	1.689025e+01	2.000089e+01	5.472095e-01	8.856957e+00	2.126338e+01	8.492513e+00	-7.596920e+01	3.041540e+01	281
9.357300e+04	1.689525e+01	2.000089e+01	5.493980e-01	8.884184e+00	2.128644e+01	8.518112e+00	-7.596920e+01	3.041804e+01	282
9.390600e+04	1.690025e+01	2.000090e+01	5.515869e-01	8.911386e+00	2.130943e+01	8.543684e+00	-7.596920e+01	3.042069e+01	283
9.423900e+04	1.690525e+01	2.000090e+01	5.537761e-01	8.938561e+00	2.133236e+01	8.569229e+00	-7.596920e+01	3.042333e+01	284
9.457200e+04	1.691025e+01	2.000090e+01	5.559655e-01	8.965710e+00	2.135522e+01	8.594747e+00	-7.596920e+01	3.042597e+01	285
9.490500e+04	1.691525e+01	2.000090e+01	5.581552e-01	8.992833e+00	2.137803e+01	8.620238e+00	-7.596920e+01	3.042860e+01	286
9.523800e+04	1.692025e+01	2.000090e+01	5.603452e-01	9.019930e+00	2.140077e+01	8.645701e+00	-7.596920e+01	3.043124e+01	287
9.557100e+04	1.692525e+01	2.000090e+01	5.625354e-01	9.047000e+00	2.142345e+01	8.671138e+00	-7.596920e+01	3.043387e+01	288
9.590400e+04	1.693025e+01	2.000090e+01	5.647258e-01	9.074044e+00	2.144606e+01	8.696547e+00	-7.596920e+01	3.043649e+01	289
9.623700e+04	1.693525e+01	2.000090e+01	5.669164e-01	9.101062e+00	2.146862e+01	8.721929e+00	-7.596920e+01	3.043912e+01	290
9.657000e+04	1.694025e+01	2.000091e+01	5.691073e-01	9.128054e+00	2.149111e+01	8.747284e+00	-7.596920e+01	3.044174e+01	291
9.690300e+04	1.694525e+01	2.000091e+01	5.712983e-01	9.155020e+00	2.151354e+01	8.772611e+00	-7.596920e+01	3.044436e+01	292
9.723600e+04	1.695025e+01	2.000091e+01	5.734895e-01	9.181959e+00	2.153592e+01	8.797911e+00	-7.596920e+01	3.044698e+01	293
9.756900e+04	1.695525e+01	2.000091e+01	5.756809e-01	9.208872e+00	2.155823e+01	8.823184e+00	-7.596920e+01	3.044959e+01	294
9.790200e+04	1.696025e+01	2.000091e+01	5.778725e-01	9.235758e+00	2.158048e+01	8.848430e+00	-7.596920e+01	3.045220e+01	295
9.823500e+04	1.696525e+01	2.000091e+01	5.800642e-01	9.262618e+00	2.160267e+01	8.873648e+00	-7.596920e+01	3.045481e+01	296
9.856800e+04	1.697025e+01	2.000091e+01	5.822560e-01	9.289452e+00	2.162480e+01	8.898838e+00	-7.596920e+01	3.045742e+01	297
9.890100e+04	1.697525e+01	2.000091e+01	5.844480e-01	9.316259e+00	2.164687e+01	8.924002e+00	-7.596920e+01	3.046002e+01	298
9.923400e+04	1.698025e+01	2.000091e+01	5.866401e-01	9.343040e+00	2.166889e+01	8.949138e+00	-7.596920e+01	3.046262e+01	299
9.956700e+04	1.698525e+01	2.000092e+01	5.888323e-01	9.369794e+00	2.169084e+01	8.974246e+00	-7.596920e+01	3.046522e+01	300
9.990000e+04	1.699025e+01	2.000092e+01	5.910246e-01	9.396522e+00	2.171274e+01	8.999327e+00	-7.596920e+01	3.046781e+01	301
1.002330e+05	1.699525e+01	2.000092e+01	5.932170e-01	9.423223e+00	2.173457e+01	9.024380e+00	-7.596920e+01	3.047041e+01	302
1.005660e+05	1.700025e+01	2.000092e+01	5.954095e-01	9.449898e+00	2.175635e+01	9.049406e+00	-7.596920e+01	3.047300e+01	303
1.008990e+05	1.700525e+01	2.000092e+01	5.976020e-01	9.476546e+00	2.177808e+01	9.074404e+00	-7.596920e+01	3.047558e+01	304
1.012320e+05	1.701025e+01	2.000092e+01	5.997946e-01	9.503168e+00	2.179974e+01	9.099375e+00	-7.596920e+01	3.047817e+01	305
1.015650e+05	1.701525e+01	2.000092e+01	6.019873e-01	9.529763e+00	2.182135e+01	9.124318e+00	-7.596920e+01	3.048075e+01	306
1.018980e+05	1.702025e+01	2.000092e+01	6.041800e-01	9.556331e+00	2.184290e+01	9.149233e+00	-7.596920e+01	3.048333e+01	307
1.022310e+05	1.702525e+01	2.000092e+01	6.063727e-01	9.582873e+00	2.186439e+01	9.174121e+00	-7.596920e+01	3.048591e+01	308
1.025640e+05	1.703025e+01	2.000092e+01	6.085655e-01	9.609388e+00	2.188583e+01	9.198981e+00	-7.596920e+01	3.048848e+01	309
1.028970e+05	1.703525e+01	2.000093e+01	6.107582e-01	9.635877e+00	2.190721e+01	9.223814e+00	-7.596920e+01	3.049106e+01	310
1.032300e+05	1.704025e+01	2.000093e+01	6.129510e-01	9.662339e+00	2.192854e+01	9.248618e+00	-7.596920e+01	3.049363e+01	311
1.035630e+05	1.704525e+01	2.000093e+01	6.151438e-01	9.688774e+00	2.194981e+01	9.273395e+00	-7.596920e+01	3.049619e+01	312
1.038960e+05	1.705025e+01	2.000093e+01	6.173365e-01	9.715182e+00	2.197102e+01	9.298144e+00	-7.596920e+01	3.049876e+01	313
1.042290e+05	1.706025e+01	2.000093e+01	6.195292e-01	9.741563e+00	2.199218e+01	9.322866e+00	-7.596920e+01	3.050132e+01	314
1.045620e+05	1.706525e+01	2.000093e+01	6.217219e-01	9.767918e+00	2.201329e+01	9.347559e+00	-7.596920e+01	3.050388e+01	315
1.048950e+05	1.707025e+01	2.000093e+01	6.239146e-01	9.794246e+00	2.203434e+01	9.372225e+00	-7.596920e+01	3.050644e+01	316
1.052280e+05	1.707525e+01	2.000093e+01	6.261072e-01	9.820547e+00	2.205533e+01	9.396863e+00	-7.596920e+01	3.050899e+01	317
1.055610e+05	1.708025e+01	2.000093e+01	6.282997e-01	9.846822e+00	2.207628e+01	9.421473e+00	-7.596920e+01	3.051155e+01	318
1.058940e+05	1.708525e+01	2.000093e+01	6.304922e-01	9.873069e+00	2.209717e+01	9.446055e+00	-7.596920e+01	3.051410e+01	319
1.062270e+05	1.709025e+01	2.000093e+01	6.326846e-01	9.899290e+00	2.211800e+01	9.470609e+00	-7.596920e+01	3.051664e+01	320
1.065600e+05	1.709525e+01	2.000093e+01	6.348769e-01	9.925484e+00	2.213878e+01	9.495135e+00	-7.596920e+01	3.051919e+01	321
1.068930e+05	1.710025e+01	2.000093e+01	6.370692e-01	9.951650e+00	2.215951e+01	9.519634e+00	-7.596920e+01	3.052173e+01	322
1.072260e+05	1.710525e+01	2.000093e+01	6.392613e-01	9.977790e+00	2.218019e+01	9.544104e+00	-7.596920e+01	3.052427e+01	323
1.075590e+05	1.711025e+01	2.000094e+01	6.414533e-01	1.000390e+01	2.220081e+01	9.568546e+00	-7.596920e+01	3.052681e+01	324
1.078920e+05	1.711525e+01	2.000094e+01	6.436452e-01	1.002999e+01	2.222138e+01	9.592960e+00	-7.596920e+01	3.052935e+01	325
1.082250e+05	1.712025e+01	2.000094e+01	6.458370e-01	1.005605e+01	2.224190e+01	9.617347e+00	-7.596920e+01	3.053188e+01	326
1.085580e+05	1.712525e+01	2.000094e+01	6.480286e-01	1.008208e+01	2.226236e+01	9.641705e+00	-7.596920e+01	3.053442e+01	327
1.088910e+05	1.713525e+01	2.000094e+01	6.502202e-01	1.010809e+01	2.228278e+01	9.666035e+00	-7.596920e+01	3.053695e+01	328
1.092240e+05	1.714025e+01	2.000094e+01	6.524115e-01	1.013406e+01	2.230314e+01	9.690337e+00	-7.596920e+01	3.053947e+01	329
1.095570e+05	1.714525e+01	2.000094e+01	6.546027e-01	1.016001e+01	2.232345e+01	9.714611e+00	-7.596920e+01	3.054200e+01	330
1.098900e+05	1.715025e+01	2.000094e+01	6.567938e-01	1.018594e+01	2.234371e+01	9.738857e+00	-7.596920e+01	3.054452e+01	331
1.102230e+05	1.715525e+01	2.000094e+01	6.589847e-01	1.021184e+01	2.236392e+01	9.763074e+00	-7.596920e+01	3.054704e+01	332
1.105560e+05	1.716025e+01	2.000094e+01	6.611754e-01	1.023771e+01	2.238408e+01	9.787264e+00	-7.596920e+01	3.054956e+01	333
1.108890e+05	1.716525e+01	2.000094e+01	6.633659e-01	1.026355e+01	2.240419e+01	9.811425e+00	-7.596920e+01	3.055208e+01	334
1.112220e+05	1.717025e+01	2.000094e+01	6.655562e-01	1.028936e+01	2.242425e+01	9.835558e+00	-7.596920e+01	3.055459e+01	335
1.115550e+05	1.717525e+01	2.000094e+01	6.677464e-01	1.031515e+01	2.244426e+01	9.859663e+00	-7.596920e+01	3.055710e+01	336
1.118880e+05	1.718525e+01	2.000094e+01	6.699363e-01	1.034091e+01	2.246422e+01	9.883740e+00	-7.596920e+01	3.055961e+01	337
1.122210e+05	1.719025e+01	2.000094e+01	6.721261e-01	1.036665e+01	2.248413e+01	9.907788e+00	-7.596920e+01	3.056212e+01	338
1.125540e+05	1.719525e+01	2.000094e+01	6.743156e-01	1.039235e+01	2.250399e+01	9.931808e+00	-7.596920e+01	3.056463e+01	339
1.128870e+05	1.720025e+01	2.000094e+01	6.765049e-01	1.041803e+01	2.252380e+01	9.955800e+00	-7.596920e+01	3.056713e+01	340
1.132200e+05	1.720525e+01	2.000094e+01	6.786939e-01	1.044369e+01	2.254357e+01	9.979763e+00	-7.596920e+01	3.056963e+01	341
1.135530e+05	1.721025e+01	2.000094e+01	6.808827e-01	1.046931e+01	2.256328e+01	1.000370e+01	-7.596920e+01	3.057213e+01	342
1.138860e+05	1.721525e+01	2.000094e+01	6.830713e-01	1.049491e+01	2.258294e+01	1.002760e+01	-7.596920e+01	3.057463e+01	343
1.142190e+05	1.722525e+01	2.000094e+01	6.852597e-01	1.052048e+01	2.260256e+01	1.005148e+01	-7.596920e+01	3.057712e+01	344
1.145520e+05	1.723025e+01	2.000094e+01	6.874477e-01	1.054602e+01	2.262213e+01	1.007533e+01	-7.596920e+01	3.057962e+01	345
1.148850e+05	1.723525e+01	2.000094e+01	6.896355e-01	1.057154e+01	2.264165e+01	1.009915e+01	-7.596920e+01	3.058211e+01	346
1.152180e+05	1.724025e+01	2.000094e+01	6.918231e-01	1.059703e+01	2.266113e+01	1.012295e+01	-7.596920e+01	3.058460e+01	347
1.155510e+05	1.724525e+01	2.000094e+01	6.940104e-01	1.062249e+01	2.268055e+01	1.014671e+01	-7.596920e+01	3.058709e+01	348
1.158840e+05	1.725025e+01	2.000094e+01	6.961974e-01	1.064792e+01	2.269993e+01	1.017045e+01	-7.596920e+01	3.058957e+01	349
1.162170e+05	1.725525e+01	2.000094e+01	6.983841e-01	1.067333e+01	2.271926e+01	1.019416e+01	-7.596920e+01	3.059206e+01	350
1.165500e+05	1.726525e+01	2.000094e+01	7.005705e-01	1.069871e+01	2.273855e+01	1.021783e+01	-7.596920e+01	3.059454e+01	351
1.168830e+05	1.727025e+01	2.000094e+01	7.027566e-01	1.072406e+01	2.275779e+01	1.024148e+01	-7.596920e+01	3.059702e+01	352
1.172160e+05	1.727525e+01	2.000094e+01	7.049425e-01	1.074938e+01	2.277698e+01	1.026511e+01	-7.596920e+01	3.059950e+01	353
1.175490e+05	1.728025e+01	2.000094e+01	7.071280e-01	1.077468e+01	2.279612e+01	1.028870e+01	-7.596920e+01	3.060197e+01	354
1.178820e+05	1.728525e+01	2.000094e+01	7.093132e-01	1.079995e+01	2.281522e+01	1.031226e+01	-7.596920e+01	3.060445e+01	355
1.182150e+05	1.729025e+01	2.000094e+01	7.114981e-01	1.082519e+01	2.283428e+01	1.033580e+01	-7.596920e+01	3.060692e+01	356
1.185480e+05	1.730025e+01	2.000094e+01	7.136827e-01	1.085041e+01	2.285328e+01	1.035931e+01	-7.596920e+01	3.060939e+01	357
1.188810e+05	1.730525e+01	2.000094e+01	7.158669e-01	1.087559e+01	2.287224e+01	1.038279e+01	-7.596920e+01	3.061186e+01	358
1.192140e+05	1.731025e+01	2.000094e+01	7.180508e-01	1.090075e+01	2.289116e+01	1.040624e+01	-7.596920e+01	3.061433e+01	359
1.195470e+05	1.731525e+01	2.000094e+01	7.202344e-01	1.092589e+01	2.291003e+01	1.042966e+01	-7.596920e+01	3.061679e+01	360
1.198800e+05	1.732025e+01	2.000094e+01	7.224176e-01	1.095099e+01	2.292886e+01	1.045305e+01	-7.596920e+01	3.061926e+01	361
1.200000e+05	1.733025e+01	2.000094e+01	7.246005e-01	1.097050e+01	2.293202e+01	1.064267e-02	-7.596920e+01	3.062172e+01	361
