0.000000e+00	0.000000e+00	0.000000e+00	-2.000000e+03	2.500000e-01	1.000000e+01	2.073800e-01	1.000000e+00	0.000000e+00	1
5.000000e+02	1.153849e+02	2.040520e+02	5.504107e-02	2.588207e-01	9.991985e+00	1.654101e-01	-7.523002e+01	9.864544e+01	2
1.000000e+03	3.253934e+02	2.691474e+02	1.125752e-01	2.805629e-01	9.993064e+00	1.869174e-01	-7.523003e+01	1.072302e+02	3
1.500000e+03	0.000000e+00	2.466132e+02	6.458127e-01	2.379604e-01	1.000080e+01	6.837183e-01	-7.523003e+01	0.000000e+00	4
2.000000e+03	1.973248e+01	1.998740e+01	2.173365e-01	3.205820e-01	1.004374e+01	7.081755e-01	-7.523003e+01	3.162296e+01	5
2.500000e+03	2.153666e+01	1.999909e+01	3.322266e-02	4.114304e-01	1.008990e+01	7.177132e-01	-7.523003e+01	3.175090e+01	6
3.000000e+03	2.007299e+01	2.000027e+01	4.814137e-02	4.943271e-01	1.013887e+01	7.658554e-01	-7.523003e+01	3.173322e+01	7
3.500000e+03	1.853633e+01	2.000044e+01	5.236779e-02	5.754915e-01	1.019062e+01	8.182242e-01	-7.523003e+01	3.166954e+01	8
4.000000e+03	1.764585e+01	2.000046e+01	5.355680e-02	6.540881e-01	1.024504e+01	8.717821e-01	-7.523003e+01	3.160250e+01	9
4.500000e+03	1.711569e+01	2.000044e+01	5.318045e-02	7.292320e-01	1.030194e+01	9.249636e-01	-7.523003e+01	3.153759e+01	10
5.000000e+03	1.678062e+01	2.000041e+01	5.175615e-02	8.003323e-01	1.036109e+01	9.767207e-01	-7.523003e+01	3.147723e+01	11
5.500000e+03	1.655559e+01	2.000036e+01	4.969477e-02	8.671006e-01	1.042221e+01	1.026416e+00	-7.523003e+01	3.142255e+01	12
6.000000e+03	1.639057e+01	2.000032e+01	4.731845e-02	9.295042e-01	1.048499e+01	1.073736e+00	-7.523003e+01	3.137397e+01	13
6.500000e+03	1.626056e+01	2.000027e+01	4.486137e-02	9.877023e-01	1.054912e+01	1.118598e+00	-7.523003e+01	3.133140e+01	14
7.000000e+03	1.615055e+01	2.000024e+01	4.247966e-02	1.041983e+00	1.061433e+01	1.161079e+00	-7.523003e+01	3.129449e+01	15
7.500000e+03	1.605555e+01	2.000020e+01	4.026907e-02	1.092709e+00	1.068036e+01	1.201349e+00	-7.523003e+01	3.126274e+01	16
8.000000e+03	1.597054e+01	2.000017e+01	3.827830e-02	1.140273e+00	1.074698e+01	1.239628e+00	-7.523003e+01	3.123556e+01	17
8.500000e+03	1.589553e+01	2.000015e+01	3.863952e-02	1.185069e+00	1.081398e+01	1.276153e+00	-7.523003e+01	3.121239e+01	18
9.000000e+03	1.582052e+01	2.000012e+01	3.953869e-02	1.227474e+00	1.088121e+01	1.311160e+00	-7.523003e+01	3.119268e+01	19
9.500000e+03	1.575551e+01	2.000011e+01	4.043666e-02	1.267831e+00	1.094851e+01	1.344869e+00	-7.523003e+01	3.117592e+01	20
1.000000e+04	1.569050e+01	2.000009e+01	4.133392e-02	1.306451e+00	1.101576e+01	1.377479e+00	-7.523003e+01	3.116169e+01	21
1.050000e+04	1.563049e+01	2.000008e+01	4.223102e-02	1.343606e+00	1.108288e+01	1.409168e+00	-7.523003e+01	3.114958e+01	22
1.100000e+04	1.557048e+01	2.000007e+01	4.312850e-02	1.379530e+00	1.114978e+01	1.440088e+00	-7.523003e+01	3.113926e+01	23
1.150000e+04	1.551547e+01	2.000006e+01	4.402689e-02	1.414424e+00	1.121639e+01	1.470371e+00	-7.523003e+01	3.113045e+01	24
1.200000e+04	1.546046e+01	2.000005e+01	4.492663e-02	1.448461e+00	1.128266e+01	1.500129e+00	-7.523003e+01	3.112292e+01	25
1.250000e+04	1.541045e+01	2.000005e+01	4.582813e-02	1.481784e+00	1.134856e+01	1.529456e+00	-7.523003e+01	3.111645e+01	26
1.300000e+04	1.536044e+01	2.000004e+01	4.673172e-02	1.514513e+00	1.141405e+01	1.558429e+00	-7.523003e+01	3.111088e+01	27
1.350000e+04	1.531543e+01	2.000004e+01	4.763768e-02	1.546749e+00	1.147910e+01	1.587115e+00	-7.523003e+01	3.110607e+01	28
1.400000e+04	1.526542e+01	2.000004e+01	4.854624e-02	1.578575e+00	1.154371e+01	1.615566e+00	-7.523003e+01	3.110191e+01	29
1.450000e+04	1.522041e+01	2.000004e+01	4.945756e-02	1.610061e+00	1.160784e+01	1.643827e+00	-7.523003e+01	3.109829e+01	30
1.500000e+04	1.518040e+01	2.000003e+01	5.037178e-02	1.641262e+00	1.167149e+01	1.671934e+00	-7.523003e+01	3.109514e+01	31
1.550000e+04	1.513539e+01	2.000003e+01	5.128899e-02	1.672228e+00	1.173467e+01	1.699917e+00	-7.523003e+01	3.109238e+01	32
1.600000e+04	1.509538e+01	2.000003e+01	5.220925e-02	1.702994e+00	1.179735e+01	1.727800e+00	-7.523003e+01	3.108997e+01	33
1.650000e+04	1.505538e+01	2.000003e+01	5.313260e-02	1.733595e+00	1.185954e+01	1.755602e+00	-7.523003e+01	3.108786e+01	34
1.700000e+04	1.502037e+01	2.000003e+01	5.405906e-02	1.764055e+00	1.192124e+01	1.783339e+00	-7.523003e+01	3.108601e+01	35
1.750000e+04	1.498036e+01	2.000003e+01	5.498862e-02	1.794395e+00	1.198246e+01	1.811025e+00	-7.523003e+01	3.108439e+01	36
1.800000e+04	1.494535e+01	2.000003e+01	5.592125e-02	1.824634e+00	1.204318e+01	1.838668e+00	-7.523003e+01	3.108296e+01	37
1.850000e+04	1.491035e+01	2.000003e+01	5.685694e-02	1.854785e+00	1.210342e+01	1.866278e+00	-7.523003e+01	3.108172e+01	38
1.900000e+04	1.487534e+01	2.000003e+01	5.779564e-02	1.884859e+00	1.216318e+01	1.893860e+00	-7.523003e+01	3.108064e+01	39
1.950000e+04	1.484033e+01	2.000003e+01	5.873730e-02	1.914867e+00	1.222246e+01	1.921421e+00	-7.523003e+01	3.107970e+01	40
2.000000e+04	1.481033e+01	2.000003e+01	5.968187e-02	1.944816e+00	1.228127e+01	1.948962e+00	-7.523003e+01	3.107889e+01	41
2.050000e+04	1.478032e+01	2.000003e+01	6.062929e-02	1.974712e+00	1.233961e+01	1.976489e+00	-7.523003e+01	3.107821e+01	42
2.100000e+04	1.474531e+01	2.000003e+01	6.157950e-02	2.004561e+00	1.239749e+01	2.004002e+00	-7.523003e+01	3.107763e+01	43
2.150000e+04	1.471531e+01	2.000003e+01	6.253242e-02	2.034365e+00	1.245491e+01	2.031504e+00	-7.523003e+01	3.107715e+01	44
2.200000e+04	1.469030e+01	2.000003e+01	6.348801e-02	2.064130e+00	1.251187e+01	2.058995e+00	-7.523003e+01	3.107677e+01	45
2.250000e+04	1.466030e+01	2.000003e+01	6.444618e-02	2.093857e+00	1.256839e+01	2.086478e+00	-7.523003e+01	3.107648e+01	46
2.300000e+04	1.463029e+01	2.000003e+01	6.540687e-02	2.123548e+00	1.262447e+01	2.113951e+00	-7.523003e+01	3.107626e+01	47
2.350000e+04	1.460529e+01	2.000003e+01	6.637001e-02	2.153205e+00	1.268012e+01	2.141416e+00	-7.523003e+01	3.107612e+01	48
2.400000e+04	1.458028e+01	2.000003e+01	6.733553e-02	2.182830e+00	1.273533e+01	2.168872e+00	-7.523003e+01	3.107606e+01	49
2.450000e+04	1.455028e+01	2.000003e+01	6.830337e-02	2.212423e+00	1.279012e+01	2.196319e+00	-7.523003e+01	3.107606e+01	50
2.500000e+04	1.452527e+01	2.000004e+01	6.927345e-02	2.241986e+00	1.284449e+01	2.223757e+00	-7.523003e+01	3.107612e+01	51
2.550000e+04	1.450027e+01	2.000004e+01	7.024571e-02	2.271519e+00	1.289844e+01	2.251186e+00	-7.523003e+01	3.107624e+01	52
2.600000e+04	1.448027e+01	2.000004e+01	7.122009e-02	2.301023e+00	1.295199e+01	2.278606e+00	-7.523003e+01	3.107642e+01	53
2.650000e+04	1.445526e+01	2.000004e+01	7.219652e-02	2.330497e+00	1.300513e+01	2.306015e+00	-7.523003e+01	3.107666e+01	54
2.700000e+04	1.443026e+01	2.000004e+01	7.317494e-02	2.359943e+00	1.305788e+01	2.333413e+00	-7.523003e+01	3.107694e+01	55
2.750000e+04	1.441025e+01	2.000004e+01	7.415528e-02	2.389360e+00	1.311023e+01	2.360800e+00	-7.523003e+01	3.107727e+01	56
2.800000e+04	1.438525e+01	2.000004e+01	7.513748e-02	2.418748e+00	1.316219e+01	2.388176e+00	-7.523003e+01	3.107765e+01	57
2.850000e+04	1.436525e+01	2.000004e+01	7.612148e-02	2.448108e+00	1.321377e+01	2.415539e+00	-7.523003e+01	3.107808e+01	58
2.900000e+04	1.434524e+01	2.000004e+01	7.710723e-02	2.477439e+00	1.326497e+01	2.442889e+00	-7.523003e+01	3.107854e+01	59
2.950000e+04	1.432524e+01	2.000004e+01	7.809467e-02	2.506741e+00	1.331580e+01	2.470226e+00	-7.523003e+01	3.107905e+01	60
3.000000e+04	1.430524e+01	2.000004e+01	7.908374e-02	2.536015e+00	1.336626e+01	2.497549e+00	-7.523003e+01	3.107959e+01	61
3.050000e+04	1.428523e+01	2.000004e+01	8.007438e-02	2.565260e+00	1.341636e+01	2.524857e+00	-7.523003e+01	3.108017e+01	62
3.100000e+04	1.426523e+01	2.000004e+01	8.106654e-02	2.594476e+00	1.346610e+01	2.552150e+00	-7.523003e+01	3.108078e+01	63
3.150000e+04	1.424523e+01	2.000004e+01	8.206018e-02	2.623663e+00	1.351549e+01	2.579427e+00	-7.523003e+01	3.108143e+01	64
3.200000e+04	1.423023e+01	2.000004e+01	8.305523e-02	2.652821e+00	1.356452e+01	2.606688e+00	-7.523003e+01	3.108211e+01	65
3.250000e+04	1.421022e+01	2.000004e+01	8.405165e-02	2.681950e+00	1.361321e+01	2.633932e+00	-7.523003e+01	3.108282e+01	66
3.300000e+04	1.419522e+01	2.000004e+01	8.504938e-02	2.711048e+00	1.366156e+01	2.661158e+00	-7.523003e+01	3.108355e+01	67
3.350000e+04	1.417522e+01	2.000004e+01	8.604839e-02	2.740118e+00	1.370957e+01	2.688366e+00	-7.523003e+01	3.108432e+01	68
3.400000e+04	1.416021e+01	2.000004e+01	8.704862e-02	2.769157e+00	1.375725e+01	2.715556e+00	-7.523003e+01	3.108511e+01	69
3.450000e+04	1.414021e+01	2.000004e+01	8.805003e-02	2.798166e+00	1.380460e+01	2.742727e+00	-7.523003e+01	3.108592e+01	70
3.500000e+04	1.412521e+01	2.000004e+01	8.905258e-02	2.827145e+00	1.385163e+01	2.769879e+00	-7.523003e+01	3.108676e+01	71
3.550000e+04	1.411021e+01	2.000004e+01	9.005621e-02	2.856093e+00	1.389834e+01	2.797011e+00	-7.523003e+01	3.108762e+01	72
3.600000e+04	1.409521e+01	2.000005e+01	9.106089e-02	2.885011e+00	1.394473e+01	2.824122e+00	-7.523003e+01	3.108850e+01	73
3.650000e+04	1.408020e+01	2.000005e+01	9.206658e-02	2.913897e+00	1.399081e+01	2.851212e+00	-7.523003e+01	3.108941e+01	74
3.700000e+04	1.406520e+01	2.000005e+01	9.307323e-02	2.942753e+00	1.403658e+01	2.878281e+00	-7.523003e+01	3.109033e+01	75
3.750000e+04	1.405020e+01	2.000005e+01	9.408080e-02	2.971578e+00	1.408204e+01	2.905329e+00	-7.523003e+01	3.109127e+01	76
3.800000e+04	1.403520e+01	2.000005e+01	9.508926e-02	3.000371e+00	1.412721e+01	2.932354e+00	-7.523003e+01	3.109223e+01	77
3.850000e+04	1.402020e+01	2.000005e+01	9.609857e-02	3.029133e+00	1.417207e+01	2.959357e+00	-7.523003e+01	3.109320e+01	78
3.900000e+04	1.401019e+01	2.000005e+01	9.710869e-02	3.057863e+00	1.421665e+01	2.986337e+00	-7.523003e+01	3.109419e+01	79
3.950000e+04	1.399519e+01	2.000005e+01	9.811959e-02	3.086561e+00	1.426093e+01	3.013294e+00	-7.523003e+01	3.109520e+01	80
4.000000e+04	1.398019e+01	2.000005e+01	9.913122e-02	3.115228e+00	1.430493e+01	3.040227e+00	-7.523003e+01	3.109622e+01	81
4.050000e+04	1.397019e+01	2.000005e+01	1.001436e-01	3.143862e+00	1.434864e+01	3.067137e+00	-7.523003e+01	3.109725e+01	82
4.100000e+04	1.395519e+01	2.000005e+01	1.011566e-01	3.172463e+00	1.439207e+01	3.094021e+00	-7.523003e+01	3.109830e+01	83
4.150000e+04	1.394518e+01	2.000005e+01	1.021702e-01	3.201033e+00	1.443523e+01	3.120882e+00	-7.523003e+01	3.109936e+01	84
4.200000e+04	1.393018e+01	2.000005e+01	1.031845e-01	3.229569e+00	1.447811e+01	3.147717e+00	-7.523003e+01	3.110043e+01	85
4.250000e+04	1.392018e+01	2.000005e+01	1.041993e-01	3.258073e+00	1.452072e+01	3.174527e+00	-7.523003e+01	3.110151e+01	86
4.300000e+04	1.391018e+01	2.000005e+01	1.052147e-01	3.286544e+00	1.456306e+01	3.201312e+00	-7.523003e+01	3.110260e+01	87
4.350000e+04	1.389518e+01	2.000005e+01	1.062305e-01	3.314982e+00	1.460514e+01	3.228070e+00	-7.523003e+01	3.110370e+01	88
4.400000e+04	1.388518e+01	2.000005e+01	1.072469e-01	3.343387e+00	1.464696e+01	3.254803e+00	-7.523003e+01	3.110481e+01	89
4.450000e+04	1.387518e+01	2.000005e+01	1.082637e-01	3.371759e+00	1.468852e+01	3.281509e+00	-7.523003e+01	3.110593e+01	90
4.500000e+04	1.386517e+01	2.000005e+01	1.092809e-01	3.400097e+00	1.472983e+01	3.308188e+00	-7.523003e+01	3.110706e+01	91
4.550000e+04	1.385517e+01	2.000005e+01	1.102986e-01	3.428401e+00	1.477088e+01	3.334841e+00	-7.523003e+01	3.110820e+01	92
4.600000e+04	1.384517e+01	2.000005e+01	1.113166e-01	3.456672e+00	1.481169e+01	3.361466e+00	-7.523003e+01	3.110934e+01	93
4.650000e+04	1.383517e+01	2.000005e+01	1.123349e-01	3.484910e+00	1.485224e+01	3.388064e+00	-7.523003e+01	3.111049e+01	94
4.700000e+04	1.382517e+01	2.000005e+01	1.133536e-01	3.513113e+00	1.489256e+01	3.414634e+00	-7.523003e+01	3.111164e+01	95
4.750000e+04	1.381517e+01	2.000005e+01	1.143726e-01	3.541282e+00	1.493263e+01	3.441177e+00	-7.523003e+01	3.111280e+01	96
4.800000e+04	1.380517e+01	2.000005e+01	1.153918e-01	3.569418e+00	1.497246e+01	3.467691e+00	-7.523003e+01	3.111397e+01	97
4.850000e+04	1.379517e+01	2.000006e+01	1.164112e-01	3.597519e+00	1.501206e+01	3.494177e+00	-7.523003e+01	3.111514e+01	98
4.900000e+04	1.378516e+01	2.000006e+01	1.174309e-01	3.625586e+00	1.505143e+01	3.520635e+00	-7.523003e+01	3.111632e+01	99
4.950000e+04	1.377516e+01	2.000006e+01	1.184508e-01	3.653619e+00	1.509056e+01	3.547063e+00	-7.523003e+01	3.111750e+01	100
5.000000e+04	1.376516e+01	2.000006e+01	1.194709e-01	3.681617e+00	1.512946e+01	3.573463e+00	-7.523003e+01	3.111868e+01	101
5.050000e+04	1.376016e+01	2.000006e+01	1.204911e-01	3.709581e+00	1.516814e+01	3.599834e+00	-7.523003e+01	3.111987e+01	102
5.100000e+04	1.375016e+01	2.000006e+01	1.215114e-01	3.737510e+00	1.520660e+01	3.626176e+00	-7.523003e+01	3.112106e+01	103
5.150000e+04	1.374016e+01	2.000006e+01	1.225318e-01	3.765404e+00	1.524484e+01	3.652489e+00	-7.523003e+01	3.112225e+01	104
5.200000e+04	1.373516e+01	2.000006e+01	1.235523e-01	3.793264e+00	1.528285e+01	3.678771e+00	-7.523003e+01	3.112345e+01	105
5.250000e+04	1.372516e+01	2.000006e+01	1.245729e-01	3.821089e+00	1.532065e+01	3.705025e+00	-7.523003e+01	3.112465e+01	106
5.300000e+04	1.371516e+01	2.000006e+01	1.255935e-01	3.848880e+00	1.535824e+01	3.731248e+00	-7.523003e+01	3.112585e+01	107
5.350000e+04	1.371016e+01	2.000006e+01	1.266142e-01	3.876635e+00	1.539561e+01	3.757441e+00	-7.523003e+01	3.112705e+01	108
5.400000e+04	1.370015e+01	2.000006e+01	1.276348e-01	3.904355e+00	1.543278e+01	3.783604e+00	-7.523003e+01	3.112826e+01	109
5.450000e+04	1.369515e+01	2.000006e+01	1.286555e-01	3.932041e+00	1.546974e+01	3.809737e+00	-7.523003e+01	3.112947e+01	110
5.500000e+04	1.368515e+01	2.000006e+01	1.296761e-01	3.959691e+00	1.550649e+01	3.835840e+00	-7.523003e+01	3.113067e+01	111
5.550000e+04	1.368015e+01	2.000006e+01	1.306966e-01	3.987306e+00	1.554304e+01	3.861912e+00	-7.523003e+01	3.113188e+01	112
5.600000e+04	1.367015e+01	2.000006e+01	1.317171e-01	4.014886e+00	1.557938e+01	3.887953e+00	-7.523003e+01	3.113309e+01	113
5.650000e+04	1.366515e+01	2.000006e+01	1.327375e-01	4.042431e+00	1.561553e+01	3.913964e+00	-7.523003e+01	3.113430e+01	114
5.700000e+04	1.365515e+01	2.000006e+01	1.337578e-01	4.069941e+00	1.565149e+01	3.939944e+00	-7.523003e+01	3.113551e+01	115
5.750000e+04	1.365015e+01	2.000006e+01	1.347779e-01	4.097415e+00	1.568724e+01	3.965892e+00	-7.523003e+01	3.113672e+01	116
5.800000e+04	1.364515e+01	2.000006e+01	1.357980e-01	4.124854e+00	1.572281e+01	3.991810e+00	-7.523003e+01	3.113793e+01	117
5.850000e+04	1.363515e+01	2.000006e+01	1.368178e-01	4.152258e+00	1.575818e+01	4.017697e+00	-7.523003e+01	3.113914e+01	118
5.900000e+04	1.363015e+01	2.000006e+01	1.378375e-01	4.179626e+00	1.579337e+01	4.043552e+00	-7.523003e+01	3.114034e+01	119
5.950000e+04	1.362515e+01	2.000006e+01	1.388570e-01	4.206959e+00	1.582836e+01	4.069376e+00	-7.523003e+01	3.114155e+01	120
6.000000e+04	1.362014e+01	2.000006e+01	1.398763e-01	4.234256e+00	1.586317e+01	4.095169e+00	-7.523003e+01	3.114276e+01	121
6.050000e+04	1.361014e+01	2.000006e+01	1.408954e-01	4.261518e+00	1.589780e+01	4.120930e+00	-7.523003e+01	3.114397e+01	122
6.100000e+04	1.360514e+01	2.000006e+01	1.419142e-01	4.288745e+00	1.593225e+01	4.146659e+00	-7.523003e+01	3.114517e+01	123
6.150000e+04	1.360014e+01	2.000006e+01	1.429328e-01	4.315936e+00	1.596651e+01	4.172357e+00	-7.523003e+01	3.114638e+01	124
6.200000e+04	1.359514e+01	2.000006e+01	1.439511e-01	4.343091e+00	1.600060e+01	4.198024e+00	-7.523003e+01	3.114758e+01	125
6.250000e+04	1.359014e+01	2.000006e+01	1.449692e-01	4.370211e+00	1.603451e+01	4.223658e+00	-7.523003e+01	3.114878e+01	126
6.300000e+04	1.358014e+01	2.000006e+01	1.459869e-01	4.397296e+00	1.606825e+01	4.249261e+00	-7.523003e+01	3.114998e+01	127
6.350000e+04	1.357514e+01	2.000006e+01	1.470044e-01	4.424345e+00	1.610181e+01	4.274831e+00	-7.523003e+01	3.115118e+01	128
6.400000e+04	1.357014e+01	2.000006e+01	1.480215e-01	4.451358e+00	1.613520e+01	4.300370e+00	-7.523003e+01	3.115237e+01	129
6.450000e+04	1.356514e+01	2.000007e+01	1.490383e-01	4.478336e+00	1.616843e+01	4.325877e+00	-7.523003e+01	3.115357e+01	130
6.500000e+04	1.356014e+01	2.000007e+01	1.500547e-01	4.505278e+00	1.620148e+01	4.351351e+00	-7.523003e+01	3.115476e+01	131
6.550000e+04	1.355514e+01	2.000007e+01	1.510708e-01	4.532184e+00	1.623437e+01	4.376794e+00	-7.523003e+01	3.115595e+01	132
6.600000e+04	1.355014e+01	2.000007e+01	1.520866e-01	4.559055e+00	1.626709e+01	4.402204e+00	-7.523003e+01	3.115713e+01	133
6.650000e+04	1.354514e+01	2.000007e+01	1.531019e-01	4.585891e+00	1.629965e+01	4.427583e+00	-7.523003e+01	3.115832e+01	134
6.700000e+04	1.354014e+01	2.000007e+01	1.541168e-01	4.612691e+00	1.633204e+01	4.452929e+00	-7.523003e+01	3.115950e+01	135
6.750000e+04	1.353514e+01	2.000007e+01	1.551313e-01	4.639455e+00	1.636428e+01	4.478242e+00	-7.523003e+01	3.116068e+01	136
6.800000e+04	1.353013e+01	2.000007e+01	1.561455e-01	4.666184e+00	1.639636e+01	4.503524e+00	-7.523003e+01	3.116186e+01	137
6.850000e+04	1.352513e+01	2.000007e+01	1.571591e-01	4.692877e+00	1.642827e+01	4.528773e+00	-7.523003e+01	3.116303e+01	138
6.900000e+04	1.352013e+01	2.000007e+01	1.581724e-01	4.719534e+00	1.646004e+01	4.553990e+00	-7.523003e+01	3.116421e+01	139
6.950000e+04	1.351513e+01	2.000007e+01	1.591851e-01	4.746156e+00	1.649164e+01	4.579174e+00	-7.523003e+01	3.116537e+01	140
7.000000e+04	1.351013e+01	2.000007e+01	1.601974e-01	4.772743e+00	1.652310e+01	4.604326e+00	-7.523003e+01	3.116654e+01	141
7.050000e+04	1.350513e+01	2.000007e+01	1.612093e-01	4.799294e+00	1.655440e+01	4.629445e+00	-7.523003e+01	3.116770e+01	142
7.100000e+04	1.350013e+01	2.000007e+01	1.622206e-01	4.825809e+00	1.658555e+01	4.654533e+00	-7.523003e+01	3.116886e+01	143
7.150000e+04	1.350013e+01	2.000007e+01	1.632315e-01	4.852289e+00	1.661656e+01	4.679587e+00	-7.523003e+01	3.117002e+01	144
7.200000e+04	1.349513e+01	2.000007e+01	1.642418e-01	4.878734e+00	1.664741e+01	4.704609e+00	-7.523003e+01	3.117118e+01	145
7.250000e+04	1.349013e+01	2.000007e+01	1.652516e-01	4.905143e+00	1.667812e+01	4.729599e+00	-7.523003e+01	3.117233e+01	146
7.300000e+04	1.348513e+01	2.000007e+01	1.662609e-01	4.931516e+00	1.670868e+01	4.754556e+00	-7.523003e+01	3.117347e+01	147
7.350000e+04	1.348013e+01	2.000007e+01	1.672697e-01	4.957854e+00	1.673910e+01	4.779481e+00	-7.523003e+01	3.117462e+01	148
7.400000e+04	1.347513e+01	2.000007e+01	1.682779e-01	4.984157e+00	1.676938e+01	4.804373e+00	-7.523003e+01	3.117576e+01	149
7.450000e+04	1.347513e+01	2.000007e+01	1.692855e-01	5.010425e+00	1.679951e+01	4.829232e+00	-7.523003e+01	3.117690e+01	150
7.500000e+04	1.347013e+01	2.000007e+01	1.702926e-01	5.036657e+00	1.682951e+01	4.854059e+00	-7.523003e+01	3.117803e+01	151
7.550000e+04	1.346513e+01	2.000007e+01	1.712991e-01	5.062853e+00	1.685936e+01	4.878854e+00	-7.523003e+01	3.117916e+01	152
7.600000e+04	1.346013e+01	2.000007e+01	1.723050e-01	5.089015e+00	1.688908e+01	4.903616e+00	-7.523003e+01	3.118029e+01	153
7.650000e+04	1.345513e+01	2.000007e+01	1.733103e-01	5.115141e+00	1.691866e+01	4.928345e+00	-7.523003e+01	3.118141e+01	154
7.700000e+04	1.345513e+01	2.000007e+01	1.743150e-01	5.141232e+00	1.694811e+01	4.953042e+00	-7.523003e+01	3.118253e+01	155
7.750000e+04	1.345013e+01	2.000007e+01	1.753191e-01	5.167287e+00	1.697742e+01	4.977706e+00	-7.523003e+01	3.118365e+01	156
7.800000e+04	1.344513e+01	2.000007e+01	1.763226e-01	5.193308e+00	1.700659e+01	5.002338e+00	-7.523003e+01	3.118476e+01	157
7.850000e+04	1.344513e+01	2.000007e+01	1.773255e-01	5.219293e+00	1.703564e+01	5.026937e+00	-7.523003e+01	3.118587e+01	158
7.900000e+04	1.344012e+01	2.000007e+01	1.783277e-01	5.245243e+00	1.706455e+01	5.051504e+00	-7.523003e+01	3.118698e+01	159
7.950000e+04	1.343512e+01	2.000007e+01	1.793293e-01	5.271158e+00	1.709334e+01	5.076038e+00	-7.523003e+01	3.118808e+01	160
8.000000e+04	1.343512e+01	2.000007e+01	1.803302e-01	5.297038e+00	1.712199e+01	5.100540e+00	-7.523003e+01	3.118918e+01	161
8.050000e+04	1.343012e+01	2.000007e+01	1.813304e-01	5.322883e+00	1.715052e+01	5.125009e+00	-7.523003e+01	3.119027e+01	162
8.100000e+04	1.342512e+01	2.000007e+01	1.823300e-01	5.348693e+00	1.717892e+01	5.149446e+00	-7.523003e+01	3.119136e+01	163
8.150000e+04	1.342512e+01	2.000007e+01	1.833289e-01	5.374468e+00	1.720720e+01	5.173850e+00	-7.523003e+01	3.119245e+01	164
8.200000e+04	1.342012e+01	2.000007e+01	1.843271e-01	5.400208e+00	1.723535e+01	5.198222e+00	-7.523003e+01	3.119353e+01	165
8.250000e+04	1.341512e+01	2.000007e+01	1.853246e-01	5.425913e+00	1.726337e+01	5.222562e+00	-7.523003e+01	3.119461e+01	166
8.300000e+04	1.341512e+01	2.000007e+01	1.863215e-01	5.451583e+00	1.729128e+01	5.246869e+00	-7.523003e+01	3.119568e+01	167
8.350000e+04	1.341012e+01	2.000007e+01	1.873176e-01	5.477219e+00	1.731906e+01	5.271143e+00	-7.523003e+01	3.119675e+01	168
8.400000e+04	1.340512e+01	2.000007e+01	1.883130e-01	5.502819e+00	1.734672e+01	5.295386e+00	-7.523003e+01	3.119782e+01	169
8.450000e+04	1.340512e+01	2.000007e+01	1.893077e-01	5.528385e+00	1.737427e+01	5.319596e+00	-7.523003e+01	3.119888e+01	170
8.500000e+04	1.340012e+01	2.000007e+01	1.903016e-01	5.553917e+00	1.740169e+01	5.343773e+00	-7.523003e+01	3.119994e+01	171
8.550000e+04	1.340012e+01	2.000007e+01	1.912948e-01	5.579413e+00	1.742900e+01	5.367918e+00	-7.523003e+01	3.120100e+01	172
8.600000e+04	1.339512e+01	2.000008e+01	1.922873e-01	5.604875e+00	1.745618e+01	5.392032e+00	-7.523003e+01	3.120205e+01	173
8.650000e+04	1.339012e+01	2.000008e+01	1.932790e-01	5.630303e+00	1.748326e+01	5.416112e+00	-7.523003e+01	3.120310e+01	174
8.700000e+04	1.339012e+01	2.000008e+01	1.942700e-01	5.655696e+00	1.751022e+01	5.440161e+00	-7.523003e+01	3.120414e+01	175
8.750000e+04	1.338512e+01	2.000008e+01	1.952602e-01	5.681054e+00	1.753706e+01	5.464177e+00	-7.523003e+01	3.120518e+01	176
8.800000e+04	1.338512e+01	2.000008e+01	1.962496e-01	5.706378e+00	1.756379e+01	5.488161e+00	-7.523003e+01	3.120622e+01	177
8.850000e+04	1.338012e+01	2.000008e+01	1.972383e-01	5.731668e+00	1.759041e+01	5.512113e+00	-7.523003e+01	3.120725e+01	178
8.900000e+04	1.338012e+01	2.000008e+01	1.982262e-01	5.756923e+00	1.761692e+01	5.536033e+00	-7.523003e+01	3.120828e+01	179
8.950000e+04	1.337512e+01	2.000008e+01	1.992133e-01	5.782144e+00	1.764331e+01	5.559921e+00	-7.523003e+01	3.120930e+01	180
9.000000e+04	1.337512e+01	2.000008e+01	2.001996e-01	5.807331e+00	1.766960e+01	5.583777e+00	-7.523003e+01	3.121032e+01	181
9.050000e+04	1.337012e+01	2.000008e+01	2.011851e-01	5.832483e+00	1.769578e+01	5.607600e+00	-7.523003e+01	3.121134e+01	182
9.100000e+04	1.337012e+01	2.000008e+01	2.021698e-01	5.857601e+00	1.772185e+01	5.631392e+00	-7.523003e+01	3.121235e+01	183
9.150000e+04	1.336512e+01	2.000008e+01	2.031537e-01	5.882685e+00	1.774781e+01	5.655152e+00	-7.523003e+01	3.121336e+01	184
9.200000e+04	1.336512e+01	2.000008e+01	2.041368e-01	5.907736e+00	1.777366e+01	5.678879e+00	-7.523003e+01	3.121436e+01	185
9.250000e+04	1.336012e+01	2.000008e+01	2.051190e-01	5.932752e+00	1.779941e+01	5.702575e+00	-7.523003e+01	3.121536e+01	186
9.300000e+04	1.336012e+01	2.000008e+01	2.061004e-01	5.957734e+00	1.782506e+01	5.726239e+00	-7.523003e+01	3.121636e+01	187
9.350000e+04	1.335512e+01	2.000008e+01	2.070810e-01	5.982682e+00	1.785060e+01	5.749872e+00	-7.523003e+01	3.121735e+01	188
9.400000e+04	1.335512e+01	2.000008e+01	2.080608e-01	6.007596e+00	1.787604e+01	5.773472e+00	-7.523003e+01	3.121834e+01	189
9.450000e+04	1.335011e+01	2.000008e+01	2.090397e-01	6.032477e+00	1.790138e+01	5.797041e+00	-7.523003e+01	3.121933e+01	190
9.500000e+04	1.335011e+01	2.000008e+01	2.100177e-01	6.057323e+00	1.792661e+01	5.820577e+00	-7.523003e+01	3.122031e+01	191
9.550000e+04	1.334511e+01	2.000008e+01	2.109950e-01	6.082136e+00	1.795174e+01	5.844083e+00	-7.523003e+01	3.122128e+01	192
9.600000e+04	1.334511e+01	2.000008e+01	2.119713e-01	6.106915e+00	1.797678e+01	5.867556e+00	-7.523003e+01	3.122225e+01	193
9.650000e+04	1.334511e+01	2.000008e+01	2.129468e-01	6.131661e+00	1.800171e+01	5.890998e+00	-7.523003e+01	3.122322e+01	194
9.700000e+04	1.334011e+01	2.000008e+01	2.139214e-01	6.156373e+00	1.802654e+01	5.914409e+00	-7.523003e+01	3.122419e+01	195
9.750000e+04	1.334011e+01	2.000008e+01	2.148952e-01	6.181051e+00	1.805128e+01	5.937787e+00	-7.523003e+01	3.122515e+01	196
9.800000e+04	1.333511e+01	2.000008e+01	2.158680e-01	6.205696e+00	1.807592e+01	5.961135e+00	-7.523003e+01	3.122611e+01	197
9.850000e+04	1.333511e+01	2.000008e+01	2.168400e-01	6.230308e+00	1.810046e+01	5.984451e+00	-7.523003e+01	3.122706e+01	198
9.900000e+04	1.333511e+01	2.000008e+01	2.178111e-01	6.254886e+00	1.812491e+01	6.007735e+00	-7.523003e+01	3.122801e+01	199
9.950000e+04	1.333011e+01	2.000008e+01	2.187813e-01	6.279431e+00	1.814926e+01	6.030988e+00	-7.523003e+01	3.122895e+01	200
1.000000e+05	1.333011e+01	2.000008e+01	2.197506e-01	6.303943e+00	1.817351e+01	6.054210e+00	-7.523003e+01	3.122989e+01	201
1.005000e+05	1.332511e+01	2.000008e+01	2.207190e-01	6.328421e+00	1.819768e+01	6.077401e+00	-7.523003e+01	3.123083e+01	202
1.010000e+05	1.332511e+01	2.000008e+01	2.216865e-01	6.352867e+00	1.822175e+01	6.100560e+00	-7.523003e+01	3.123177e+01	203
1.015000e+05	1.332511e+01	2.000008e+01	2.226531e-01	6.377279e+00	1.824572e+01	6.123688e+00	-7.523003e+01	3.123269e+01	204
1.020000e+05	1.332011e+01	2.000008e+01	2.236188e-01	6.401658e+00	1.826961e+01	6.146785e+00	-7.523003e+01	3.123362e+01	205
1.025000e+05	1.332011e+01	2.000008e+01	2.245836e-01	6.426004e+00	1.829340e+01	6.169851e+00	-7.523003e+01	3.123454e+01	206
1.030000e+05	1.331511e+01	2.000008e+01	2.255474e-01	6.450317e+00	1.831710e+01	6.192885e+00	-7.523003e+01	3.123546e+01	207
1.035000e+05	1.331511e+01	2.000008e+01	2.265104e-01	6.474597e+00	1.834072e+01	6.215889e+00	-7.523003e+01	3.123638e+01	208
1.040000e+05	1.331511e+01	2.000008e+01	2.274723e-01	6.498845e+00	1.836424e+01	6.238862e+00	-7.523003e+01	3.123729e+01	209
1.045000e+05	1.331011e+01	2.000008e+01	2.284334e-01	6.523059e+00	1.838768e+01	6.261804e+00	-7.523003e+01	3.123819e+01	210
1.050000e+05	1.331011e+01	2.000008e+01	2.293935e-01	6.547241e+00	1.841102e+01	6.284714e+00	-7.523003e+01	3.123910e+01	211
1.055000e+05	1.331011e+01	2.000008e+01	2.303527e-01	6.571390e+00	1.843428e+01	6.307594e+00	-7.523003e+01	3.123999e+01	212
1.060000e+05	1.330511e+01	2.000008e+01	2.313110e-01	6.595507e+00	1.845745e+01	6.330444e+00	-7.523003e+01	3.124089e+01	213
1.065000e+05	1.330511e+01	2.000008e+01	2.322682e-01	6.619591e+00	1.848054e+01	6.353262e+00	-7.523003e+01	3.124178e+01	214
1.070000e+05	1.330511e+01	2.000008e+01	2.332246e-01	6.643642e+00	1.850354e+01	6.376050e+00	-7.523003e+01	3.124267e+01	215
1.075000e+05	1.330011e+01	2.000008e+01	2.341800e-01	6.667661e+00	1.852645e+01	6.398807e+00	-7.523003e+01	3.124355e+01	216
1.080000e+05	1.330011e+01	2.000008e+01	2.351344e-01	6.691648e+00	1.854928e+01	6.421533e+00	-7.523003e+01	3.124443e+01	217
1.085000e+05	1.330011e+01	2.000008e+01	2.360879e-01	6.715602e+00	1.857203e+01	6.444229e+00	-7.523003e+01	3.124531e+01	218
1.090000e+05	1.329511e+01	2.000008e+01	2.370403e-01	6.739524e+00	1.859469e+01	6.466895e+00	-7.523003e+01	3.124618e+01	219
1.095000e+05	1.329511e+01	2.000008e+01	2.379919e-01	6.763414e+00	1.861727e+01	6.489530e+00	-7.523003e+01	3.124705e+01	220
1.100000e+05	1.329511e+01	2.000008e+01	2.389424e-01	6.787272e+00	1.863977e+01	6.512134e+00	-7.523003e+01	3.124792e+01	221
1.105000e+05	1.329011e+01	2.000008e+01	2.398920e-01	6.811097e+00	1.866219e+01	6.534708e+00	-7.523003e+01	3.124878e+01	222
1.110000e+05	1.329011e+01	2.000008e+01	2.408406e-01	6.834890e+00	1.868452e+01	6.557252e+00	-7.523003e+01	3.124964e+01	223
1.115000e+05	1.329011e+01	2.000008e+01	2.417882e-01	6.858652e+00	1.870677e+01	6.579765e+00	-7.523003e+01	3.125049e+01	224
1.120000e+05	1.328511e+01	2.000008e+01	2.427349e-01	6.882381e+00	1.872895e+01	6.602249e+00	-7.523003e+01	3.125134e+01	225
1.125000e+05	1.328511e+01	2.000008e+01	2.436805e-01	6.906079e+00	1.875104e+01	6.624702e+00	-7.523003e+01	3.125219e+01	226
1.130000e+05	1.328511e+01	2.000008e+01	2.446252e-01	6.929744e+00	1.877306e+01	6.647124e+00	-7.523003e+01	3.125304e+01	227
1.135000e+05	1.328511e+01	2.000008e+01	2.455689e-01	6.953378e+00	1.879499e+01	6.669517e+00	-7.523003e+01	3.125388e+01	228
1.140000e+05	1.328011e+01	2.000008e+01	2.465115e-01	6.976980e+00	1.881685e+01	6.691880e+00	-7.523003e+01	3.125471e+01	229
1.145000e+05	1.328011e+01	2.000008e+01	2.474532e-01	7.000551e+00	1.883863e+01	6.714213e+00	-7.523003e+01	3.125555e+01	230
1.150000e+05	1.328011e+01	2.000008e+01	2.483939e-01	7.024090e+00	1.886033e+01	6.736516e+00	-7.523003e+01	3.125638e+01	231
1.155000e+05	1.327511e+01	2.000008e+01	2.493336e-01	7.047597e+00	1.888196e+01	6.758788e+00	-7.523003e+01	3.125720e+01	232
1.160000e+05	1.327511e+01	2.000008e+01	2.502722e-01	7.071073e+00	1.890351e+01	6.781032e+00	-7.523003e+01	3.125802e+01	233
1.165000e+05	1.327511e+01	2.000008e+01	2.512099e-01	7.094517e+00	1.892498e+01	6.803245e+00	-7.523003e+01	3.125884e+01	234
1.170000e+05	1.327511e+01	2.000008e+01	2.521465e-01	7.117930e+00	1.894638e+01	6.825428e+00	-7.523003e+01	3.125966e+01	235
1.175000e+05	1.327011e+01	2.000008e+01	2.530821e-01	7.141311e+00	1.896771e+01	6.847582e+00	-7.523003e+01	3.126047e+01	236
1.180000e+05	1.327011e+01	2.000008e+01	2.540167e-01	7.164662e+00	1.898896e+01	6.869706e+00	-7.523003e+01	3.126128e+01	237
1.185000e+05	1.327011e+01	2.000008e+01	2.549503e-01	7.187981e+00	1.901014e+01	6.891801e+00	-7.523003e+01	3.126208e+01	238
1.190000e+05	1.327011e+01	2.000008e+01	2.558829e-01	7.211268e+00	1.903124e+01	6.913866e+00	-7.523003e+01	3.126289e+01	239
1.195000e+05	1.326511e+01	2.000008e+01	2.568144e-01	7.234525e+00	1.905227e+01	6.935901e+00	-7.523003e+01	3.126368e+01	240
1.200000e+05	1.326511e+01	2.000009e+01	2.577449e-01	7.257751e+00	1.907323e+01	6.957907e-03	-7.523003e+01	3.126448e+01	240
