0.000000e+00	0.000000e+00	0.000000e+00	-2.000000e+03	2.500000e-01	1.000000e+01	2.073800e-01	1.000000e+00	0.000000e+00	1
3.330000e+02	1.153849e+02	2.040520e+02	4.709691e-02	2.611268e-01	9.993664e+00	1.733542e-01	-7.437051e+01	9.864544e+01	2
6.660000e+02	0.000000e+00	2.594896e+02	3.012529e-01	2.650930e-01	9.968499e+00	4.011271e-01	-7.437056e+01	0.000000e+00	3
9.990000e+02	0.000000e+00	2.000980e+01	3.894832e-01	2.814687e-01	1.000657e+01	5.698723e-01	-7.437056e+01	0.000000e+00	4
1.332000e+03	3.059041e+01	1.999926e+01	2.216143e-01	3.032081e-01	1.003400e+01	7.262923e-01	-7.437056e+01	3.185420e+01	5
1.665000e+03	2.317902e+01	2.000067e+01	5.076907e-02	3.706886e-01	1.006416e+01	7.005222e-01	-7.437056e+01	3.176602e+01	6
1.998000e+03	2.143589e+01	2.000032e+01	2.919662e-02	4.278512e-01	1.009530e+01	7.260970e-01	-7.437056e+01	3.175988e+01	7
2.331000e+03	1.999784e+01	2.000066e+01	3.267287e-02	4.836351e-01	1.012766e+01	7.587707e-01	-7.437056e+01	3.172580e+01	8
2.664000e+03	1.887658e+01	2.000074e+01	3.472979e-02	5.387316e-01	1.016122e+01	7.935014e-01	-7.437056e+01	3.168185e+01	9
2.997000e+03	1.811107e+01	2.000076e+01	3.569997e-02	5.928931e-01	1.019598e+01	8.292024e-01	-7.437056e+01	3.163609e+01	10
3.330000e+03	1.759083e+01	2.000075e+01	3.606001e-02	6.458046e-01	1.023191e+01	8.652635e-01	-7.437056e+01	3.159056e+01	11
3.663000e+03	1.722572e+01	2.000073e+01	3.595508e-02	6.971935e-01	1.026898e+01	9.012196e-01	-7.437056e+01	3.154635e+01	12
3.996000e+03	1.696565e+01	2.000070e+01	3.549038e-02	7.468501e-01	1.030711e+01	9.367109e-01	-7.437056e+01	3.150416e+01	13
4.329000e+03	1.676562e+01	2.000067e+01	3.475803e-02	7.946298e-01	1.034623e+01	9.714700e-01	-7.437056e+01	3.146440e+01	14
4.662000e+03	1.661560e+01	2.000064e+01	3.383848e-02	8.404488e-01	1.038627e+01	1.005309e+00	-7.437056e+01	3.142732e+01	15
4.995000e+03	1.649058e+01	2.000061e+01	3.364457e-02	8.842775e-01	1.042712e+01	1.038110e+00	-7.437056e+01	3.139303e+01	16
5.328000e+03	1.638557e+01	2.000057e+01	3.423376e-02	9.261316e-01	1.046870e+01	1.069809e+00	-7.437056e+01	3.136153e+01	17
5.661000e+03	1.630057e+01	2.000054e+01	3.482800e-02	9.660628e-01	1.051092e+01	1.100385e+00	-7.437056e+01	3.133276e+01	18
5.994000e+03	1.622056e+01	2.000052e+01	3.542507e-02	1.004151e+00	1.055369e+01	1.129853e+00	-7.437056e+01	3.130659e+01	19
6.327000e+03	1.615056e+01	2.000049e+01	3.602348e-02	1.040494e+00	1.059692e+01	1.158251e+00	-7.437056e+01	3.128288e+01	20
6.660000e+03	1.609055e+01	2.000046e+01	3.662232e-02	1.075204e+00	1.064054e+01	1.185631e+00	-7.437056e+01	3.126146e+01	21
6.993000e+03	1.603055e+01	2.000044e+01	3.722100e-02	1.108399e+00	1.068447e+01	1.212060e+00	-7.437056e+01	3.124215e+01	22
7.326000e+03	1.597554e+01	2.000042e+01	3.781920e-02	1.140200e+00	1.072865e+01	1.237607e+00	-7.437056e+01	3.122478e+01	23
7.659000e+03	1.592554e+01	2.000040e+01	3.841677e-02	1.170726e+00	1.077303e+01	1.262346e+00	-7.437056e+01	3.120916e+01	24
7.992000e+03	1.587553e+01	2.000039e+01	3.901368e-02	1.200095e+00	1.081754e+01	1.286349e+00	-7.437056e+01	3.119515e+01	25
8.325000e+03	1.582553e+01	2.000037e+01	3.961001e-02	1.228417e+00	1.086214e+01	1.309685e+00	-7.437056e+01	3.118257e+01	26
8.658000e+03	1.578052e+01	2.000036e+01	4.020584e-02	1.255796e+00	1.090678e+01	1.332422e+00	-7.437056e+01	3.117128e+01	27
8.991000e+03	1.574051e+01	2.000035e+01	4.080134e-02	1.282328e+00	1.095143e+01	1.354623e+00	-7.437056e+01	3.116115e+01	28
9.324000e+03	1.569551e+01	2.000034e+01	4.139664e-02	1.308103e+00	1.099606e+01	1.376344e+00	-7.437056e+01	3.115206e+01	29
9.657000e+03	1.565550e+01	2.000033e+01	4.199191e-02	1.333203e+00	1.104063e+01	1.397640e+00	-7.437056e+01	3.114390e+01	30
9.990000e+03	1.561549e+01	2.000032e+01	4.258731e-02	1.357701e+00	1.108512e+01	1.418558e+00	-7.437056e+01	3.113656e+01	31
1.032300e+04	1.558049e+01	2.000031e+01	4.318299e-02	1.381665e+00	1.112951e+01	1.439142e+00	-7.437056e+01	3.112996e+01	32
1.065600e+04	1.554048e+01	2.000031e+01	4.377910e-02	1.405155e+00	1.117378e+01	1.459432e+00	-7.437056e+01	3.112401e+01	33
1.098900e+04	1.550547e+01	2.000030e+01	4.437577e-02	1.428225e+00	1.121791e+01	1.479463e+00	-7.437056e+01	3.111864e+01	34
1.132200e+04	1.547047e+01	2.000030e+01	4.497312e-02	1.450923e+00	1.126189e+01	1.499267e+00	-7.437056e+01	3.111380e+01	35
1.165500e+04	1.543546e+01	2.000029e+01	4.557127e-02	1.473293e+00	1.130570e+01	1.518871e+00	-7.437056e+01	3.110941e+01	36
1.198800e+04	1.540045e+01	2.000029e+01	4.617031e-02	1.495371e+00	1.134934e+01	1.538300e+00	-7.437056e+01	3.110544e+01	37
1.232100e+04	1.537044e+01	2.000028e+01	4.677032e-02	1.517193e+00	1.139280e+01	1.557577e+00	-7.437056e+01	3.110184e+01	38
1.265400e+04	1.533544e+01	2.000028e+01	4.737139e-02	1.538788e+00	1.143607e+01	1.576720e+00	-7.437056e+01	3.109857e+01	39
1.298700e+04	1.530543e+01	2.000028e+01	4.797358e-02	1.560183e+00	1.147914e+01	1.595746e+00	-7.437056e+01	3.109559e+01	40
1.332000e+04	1.527542e+01	2.000027e+01	4.857694e-02	1.581400e+00	1.152200e+01	1.614672e+00	-7.437056e+01	3.109287e+01	41
1.365300e+04	1.524542e+01	2.000027e+01	4.918151e-02	1.602461e+00	1.156467e+01	1.633509e+00	-7.437056e+01	3.109040e+01	42
1.398600e+04	1.521541e+01	2.000027e+01	4.978735e-02	1.623383e+00	1.160712e+01	1.652270e+00	-7.437056e+01	3.108813e+01	43
1.431900e+04	1.518541e+01	2.000027e+01	5.039447e-02	1.644182e+00	1.164936e+01	1.670964e+00	-7.437056e+01	3.108605e+01	44
1.465200e+04	1.516040e+01	2.000027e+01	5.100290e-02	1.664873e+00	1.169138e+01	1.689600e+00	-7.437056e+01	3.108415e+01	45
1.498500e+04	1.513039e+01	2.000026e+01	5.161267e-02	1.685468e+00	1.173319e+01	1.708186e+00	-7.437056e+01	3.108241e+01	46
1.531800e+04	1.510539e+01	2.000026e+01	5.222377e-02	1.705976e+00	1.177479e+01	1.726729e+00	-7.437056e+01	3.108081e+01	47
1.565100e+04	1.508038e+01	2.000026e+01	5.283623e-02	1.726409e+00	1.181616e+01	1.745234e+00	-7.437056e+01	3.107933e+01	48
1.598400e+04	1.505038e+01	2.000026e+01	5.345004e-02	1.746773e+00	1.185732e+01	1.763707e+00	-7.437056e+01	3.107798e+01	49
1.631700e+04	1.502537e+01	2.000026e+01	5.406521e-02	1.767076e+00	1.189826e+01	1.782151e+00	-7.437056e+01	3.107673e+01	50
1.665000e+04	1.500037e+01	2.000026e+01	5.468173e-02	1.787325e+00	1.193899e+01	1.800571e+00	-7.437056e+01	3.107558e+01	51
1.698300e+04	1.497536e+01	2.000026e+01	5.529959e-02	1.807524e+00	1.197949e+01	1.818969e+00	-7.437056e+01	3.107453e+01	52
1.731600e+04	1.495536e+01	2.000025e+01	5.591880e-02	1.827680e+00	1.201979e+01	1.837349e+00	-7.437056e+01	3.107355e+01	53
1.764900e+04	1.493035e+01	2.000025e+01	5.653933e-02	1.847795e+00	1.205986e+01	1.855714e+00	-7.437056e+01	3.107266e+01	54
1.798200e+04	1.490535e+01	2.000025e+01	5.716118e-02	1.867874e+00	1.209973e+01	1.874064e+00	-7.437056e+01	3.107184e+01	55
1.831500e+04	1.488534e+01	2.000025e+01	5.778433e-02	1.887919e+00	1.213938e+01	1.892402e+00	-7.437056e+01	3.107108e+01	56
1.864800e+04	1.486034e+01	2.000025e+01	5.840877e-02	1.907934e+00	1.217881e+01	1.910729e+00	-7.437056e+01	3.107039e+01	57
1.898100e+04	1.484033e+01	2.000025e+01	5.903448e-02	1.927921e+00	1.221804e+01	1.929047e+00	-7.437056e+01	3.106976e+01	58
1.931400e+04	1.482033e+01	2.000025e+01	5.966144e-02	1.947883e+00	1.225706e+01	1.947357e+00	-7.437056e+01	3.106919e+01	59
1.964700e+04	1.479533e+01	2.000025e+01	6.028964e-02	1.967820e+00	1.229587e+01	1.965659e+00	-7.437056e+01	3.106866e+01	60
1.998000e+04	1.477532e+01	2.000025e+01	6.091906e-02	1.987734e+00	1.233448e+01	1.983954e+00	-7.437056e+01	3.106819e+01	61
2.031300e+04	1.475532e+01	2.000025e+01	6.154967e-02	2.007628e+00	1.237288e+01	2.002243e+00	-7.437056e+01	3.106776e+01	62
2.064600e+04	1.473531e+01	2.000025e+01	6.218147e-02	2.027502e+00	1.241107e+01	2.020527e+00	-7.437056e+01	3.106738e+01	63
2.097900e+04	1.471531e+01	2.000025e+01	6.281442e-02	2.047357e+00	1.244907e+01	2.038805e+00	-7.437056e+01	3.106704e+01	64
2.131200e+04	1.469531e+01	2.000025e+01	6.344852e-02	2.067194e+00	1.248686e+01	2.057079e+00	-7.437056e+01	3.106674e+01	65
2.164500e+04	1.467530e+01	2.000025e+01	6.408373e-02	2.087014e+00	1.252446e+01	2.075348e+00	-7.437056e+01	3.106647e+01	66
2.197800e+04	1.466030e+01	2.000025e+01	6.472005e-02	2.106818e+00	1.256186e+01	2.093612e+00	-7.437056e+01	3.106625e+01	67
2.231100e+04	1.464030e+01	2.000025e+01	6.535744e-02	2.126606e+00	1.259907e+01	2.111872e+00	-7.437056e+01	3.106606e+01	68
2.264400e+04	1.462029e+01	2.000024e+01	6.599589e-02	2.146378e+00	1.263608e+01	2.130128e+00	-7.437056e+01	3.106590e+01	69
2.297700e+04	1.460529e+01	2.000024e+01	6.663538e-02	2.166136e+00	1.267290e+01	2.148379e+00	-7.437056e+01	3.106578e+01	70
2.331000e+04	1.458529e+01	2.000024e+01	6.727589e-02	2.185879e+00	1.270953e+01	2.166627e+00	-7.437056e+01	3.106568e+01	71
2.364300e+04	1.457028e+01	2.000024e+01	6.791740e-02	2.205608e+00	1.274597e+01	2.184870e+00	-7.437056e+01	3.106562e+01	72
2.397600e+04	1.455028e+01	2.000024e+01	6.855988e-02	2.225323e+00	1.278223e+01	2.203108e+00	-7.437056e+01	3.106558e+01	73
2.430900e+04	1.453528e+01	2.000024e+01	6.920333e-02	2.245024e+00	1.281830e+01	2.221343e+00	-7.437056e+01	3.106557e+01	74
2.464200e+04	1.451527e+01	2.000024e+01	6.984771e-02	2.264712e+00	1.285418e+01	2.239573e+00	-7.437056e+01	3.106559e+01	75
2.497500e+04	1.450027e+01	2.000024e+01	7.049301e-02	2.284387e+00	1.288988e+01	2.257798e+00	-7.437056e+01	3.106563e+01	76
2.530800e+04	1.448527e+01	2.000024e+01	7.113921e-02	2.304048e+00	1.292541e+01	2.276018e+00	-7.437056e+01	3.106570e+01	77
2.564100e+04	1.447027e+01	2.000024e+01	7.178630e-02	2.323696e+00	1.296075e+01	2.294234e+00	-7.437056e+01	3.106579e+01	78
2.597400e+04	1.445526e+01	2.000024e+01	7.243424e-02	2.343331e+00	1.299592e+01	2.312445e+00	-7.437056e+01	3.106591e+01	79
2.630700e+04	1.444026e+01	2.000024e+01	7.308303e-02	2.362953e+00	1.303091e+01	2.330650e+00	-7.437056e+01	3.106604e+01	80
2.664000e+04	1.442526e+01	2.000024e+01	7.373265e-02	2.382562e+00	1.306572e+01	2.348850e+00	-7.437056e+01	3.106620e+01	81
2.697300e+04	1.441026e+01	2.000024e+01	7.438307e-02	2.402158e+00	1.310037e+01	2.367045e+00	-7.437056e+01	3.106638e+01	82
2.730600e+04	1.439525e+01	2.000024e+01	7.503428e-02	2.421741e+00	1.313484e+01	2.385234e+00	-7.437056e+01	3.106658e+01	83
2.763900e+04	1.438025e+01	2.000024e+01	7.568627e-02	2.441312e+00	1.316914e+01	2.403418e+00	-7.437056e+01	3.106680e+01	84
2.797200e+04	1.436525e+01	2.000024e+01	7.633901e-02	2.460869e+00	1.320327e+01	2.421595e+00	-7.437056e+01	3.106704e+01	85
2.830500e+04	1.435025e+01	2.000024e+01	7.699248e-02	2.480414e+00	1.323724e+01	2.439767e+00	-7.437056e+01	3.106729e+01	86
2.863800e+04	1.433524e+01	2.000024e+01	7.764668e-02	2.499946e+00	1.327104e+01	2.457932e+00	-7.437056e+01	3.106757e+01	87
2.897100e+04	1.432524e+01	2.000024e+01	7.830158e-02	2.519464e+00	1.330468e+01	2.476090e+00	-7.437056e+01	3.106786e+01	88
2.930400e+04	1.431024e+01	2.000024e+01	7.895717e-02	2.538970e+00	1.333815e+01	2.494243e+00	-7.437056e+01	3.106816e+01	89
2.963700e+04	1.429524e+01	2.000024e+01	7.961343e-02	2.558463e+00	1.337146e+01	2.512388e+00	-7.437056e+01	3.106849e+01	90
2.997000e+04	1.428524e+01	2.000024e+01	8.027034e-02	2.577943e+00	1.340461e+01	2.530526e+00	-7.437056e+01	3.106883e+01	91
3.030300e+04	1.427023e+01	2.000024e+01	8.092790e-02	2.597410e+00	1.343761e+01	2.548657e+00	-7.437056e+01	3.106918e+01	92
3.063600e+04	1.426023e+01	2.000024e+01	8.158608e-02	2.616864e+00	1.347045e+01	2.566781e+00	-7.437056e+01	3.106955e+01	93
3.096900e+04	1.424523e+01	2.000024e+01	8.224487e-02	2.636305e+00	1.350313e+01	2.584898e+00	-7.437056e+01	3.106993e+01	94
3.130200e+04	1.423523e+01	2.000024e+01	8.290425e-02	2.655732e+00	1.353565e+01	2.603006e+00	-7.437056e+01	3.107033e+01	95
3.163500e+04	1.422023e+01	2.000024e+01	8.356421e-02	2.675146e+00	1.356803e+01	2.621107e+00	-7.437056e+01	3.107074e+01	96
3.196800e+04	1.421022e+01	2.000024e+01	8.422474e-02	2.694547e+00	1.360025e+01	2.639201e+00	-7.437056e+01	3.107117e+01	97
3.230100e+04	1.420022e+01	2.000024e+01	8.488582e-02	2.713935e+00	1.363232e+01	2.657286e+00	-7.437056e+01	3.107160e+01	98
3.263400e+04	1.418522e+01	2.000024e+01	8.554743e-02	2.733309e+00	1.366424e+01	2.675363e+00	-7.437056e+01	3.107205e+01	99
3.296700e+04	1.417522e+01	2.000023e+01	8.620957e-02	2.752670e+00	1.369601e+01	2.693431e+00	-7.437056e+01	3.107251e+01	100
3.330000e+04	1.416522e+01	2.000023e+01	8.687221e-02	2.772017e+00	1.372764e+01	2.711491e+00	-7.437056e+01	3.107298e+01	101
3.363300e+04	1.415522e+01	2.000023e+01	8.753536e-02	2.791351e+00	1.375912e+01	2.729542e+00	-7.437056e+01	3.107347e+01	102
3.396600e+04	1.414021e+01	2.000023e+01	8.819898e-02	2.810671e+00	1.379045e+01	2.747585e+00	-7.437056e+01	3.107396e+01	103
3.429900e+04	1.413021e+01	2.000023e+01	8.886307e-02	2.829978e+00	1.382165e+01	2.765619e+00	-7.437056e+01	3.107446e+01	104
3.463200e+04	1.412021e+01	2.000023e+01	8.952762e-02	2.849271e+00	1.385270e+01	2.783643e+00	-7.437056e+01	3.107498e+01	105
3.496500e+04	1.411021e+01	2.000023e+01	9.019262e-02	2.868550e+00	1.388361e+01	2.801658e+00	-7.437056e+01	3.107550e+01	106
3.529800e+04	1.410021e+01	2.000023e+01	9.085805e-02	2.887815e+00	1.391438e+01	2.819664e+00	-7.437056e+01	3.107603e+01	107
3.563100e+04	1.409021e+01	2.000023e+01	9.152389e-02	2.907067e+00	1.394501e+01	2.837661e+00	-7.437056e+01	3.107658e+01	108
3.596400e+04	1.408021e+01	2.000023e+01	9.219014e-02	2.926304e+00	1.397550e+01	2.855648e+00	-7.437056e+01	3.107713e+01	109
3.629700e+04	1.407020e+01	2.000023e+01	9.285679e-02	2.945528e+00	1.400586e+01	2.873625e+00	-7.437056e+01	3.107769e+01	110
3.663000e+04	1.406020e+01	2.000023e+01	9.352383e-02	2.964738e+00	1.403609e+01	2.891592e+00	-7.437056e+01	3.107825e+01	111
3.696300e+04	1.405020e+01	2.000023e+01	9.419123e-02	2.983933e+00	1.406617e+01	2.909550e+00	-7.437056e+01	3.107883e+01	112
3.729600e+04	1.404020e+01	2.000023e+01	9.485900e-02	3.003115e+00	1.409613e+01	2.927497e+00	-7.437056e+01	3.107941e+01	113
3.762900e+04	1.403020e+01	2.000023e+01	9.552712e-02	3.022282e+00	1.412595e+01	2.945434e+00	-7.437056e+01	3.108001e+01	114
3.796200e+04	1.402020e+01	2.000023e+01	9.619557e-02	3.041435e+00	1.415565e+01	2.963361e+00	-7.437056e+01	3.108061e+01	115
3.829500e+04	1.401020e+01	2.000023e+01	9.686436e-02	3.060574e+00	1.418521e+01	2.981277e+00	-7.437056e+01	3.108121e+01	116
3.862800e+04	1.400519e+01	2.000023e+01	9.753346e-02	3.079698e+00	1.421464e+01	2.999183e+00	-7.437056e+01	3.108182e+01	117
3.896100e+04	1.399519e+01	2.000023e+01	9.820287e-02	3.098808e+00	1.424395e+01	3.017079e+00	-7.437056e+01	3.108244e+01	118
3.929400e+04	1.398519e+01	2.000023e+01	9.887257e-02	3.117904e+00	1.427313e+01	3.034963e+00	-7.437056e+01	3.108307e+01	119
3.962700e+04	1.397519e+01	2.000023e+01	9.954256e-02	3.136986e+00	1.430218e+01	3.052837e+00	-7.437056e+01	3.108370e+01	120
3.996000e+04	1.397019e+01	2.000023e+01	1.002128e-01	3.156052e+00	1.433111e+01	3.070699e+00	-7.437056e+01	3.108434e+01	121
4.029300e+04	1.396019e+01	2.000023e+01	1.008834e-01	3.175105e+00	1.435992e+01	3.088551e+00	-7.437056e+01	3.108498e+01	122
4.062600e+04	1.395019e+01	2.000023e+01	1.015542e-01	3.194142e+00	1.438860e+01	3.106392e+00	-7.437056e+01	3.108563e+01	123
4.095900e+04	1.394519e+01	2.000023e+01	1.022252e-01	3.213166e+00	1.441716e+01	3.124221e+00	-7.437056e+01	3.108628e+01	124
4.129200e+04	1.393519e+01	2.000023e+01	1.028965e-01	3.232174e+00	1.444560e+01	3.142039e+00	-7.437056e+01	3.108694e+01	125
4.162500e+04	1.392518e+01	2.000023e+01	1.035680e-01	3.251168e+00	1.447392e+01	3.159846e+00	-7.437056e+01	3.108761e+01	126
4.195800e+04	1.392018e+01	2.000023e+01	1.042397e-01	3.270147e+00	1.450212e+01	3.177641e+00	-7.437056e+01	3.108828e+01	127
4.229100e+04	1.391018e+01	2.000023e+01	1.049117e-01	3.289111e+00	1.453020e+01	3.195424e+00	-7.437056e+01	3.108895e+01	128
4.262400e+04	1.390518e+01	2.000023e+01	1.055838e-01	3.308061e+00	1.455817e+01	3.213196e+00	-7.437056e+01	3.108963e+01	129
4.295700e+04	1.389518e+01	2.000023e+01	1.062561e-01	3.326995e+00	1.458602e+01	3.230957e+00	-7.437056e+01	3.109031e+01	130
4.329000e+04	1.389018e+01	2.000023e+01	1.069287e-01	3.345915e+00	1.461375e+01	3.248705e+00	-7.437056e+01	3.109100e+01	131
4.362300e+04	1.388018e+01	2.000023e+01	1.076013e-01	3.364820e+00	1.464137e+01	3.266441e+00	-7.437056e+01	3.109169e+01	132
4.395600e+04	1.387518e+01	2.000023e+01	1.082742e-01	3.383709e+00	1.466888e+01	3.284166e+00	-7.437056e+01	3.109238e+01	133
4.428900e+04	1.386518e+01	2.000023e+01	1.089472e-01	3.402584e+00	1.469627e+01	3.301878e+00	-7.437056e+01	3.109308e+01	134
4.462200e+04	1.386018e+01	2.000023e+01	1.096204e-01	3.421444e+00	1.472355e+01	3.319579e+00	-7.437056e+01	3.109378e+01	135
4.495500e+04	1.385017e+01	2.000023e+01	1.102937e-01	3.440289e+00	1.475072e+01	3.337267e+00	-7.437056e+01	3.109449e+01	136
4.528800e+04	1.384517e+01	2.000023e+01	1.109672e-01	3.459118e+00	1.477778e+01	3.354943e+00	-7.437056e+01	3.109520e+01	137
4.562100e+04	1.384017e+01	2.000023e+01	1.116408e-01	3.477933e+00	1.480473e+01	3.372606e+00	-7.437056e+01	3.109591e+01	138
4.595400e+04	1.383017e+01	2.000023e+01	1.123145e-01	3.496732e+00	1.483157e+01	3.390257e+00	-7.437056e+01	3.109662e+01	139
4.628700e+04	1.382517e+01	2.000023e+01	1.129883e-01	3.515516e+00	1.485831e+01	3.407896e+00	-7.437056e+01	3.109734e+01	140
4.662000e+04	1.381517e+01	2.000023e+01	1.136622e-01	3.534285e+00	1.488493e+01	3.425522e+00	-7.437056e+01	3.109806e+01	141
4.695300e+04	1.381017e+01	2.000023e+01	1.143362e-01	3.553039e+00	1.491146e+01	3.443136e+00	-7.437056e+01	3.109878e+01	142
4.728600e+04	1.380517e+01	2.000023e+01	1.150103e-01	3.571777e+00	1.493787e+01	3.460737e+00	-7.437056e+01	3.109951e+01	143
4.761900e+04	1.380017e+01	2.000023e+01	1.156845e-01	3.590500e+00	1.496418e+01	3.478325e+00	-7.437056e+01	3.110023e+01	144
4.795200e+04	1.379017e+01	2.000023e+01	1.163588e-01	3.609208e+00	1.499039e+01	3.495901e+00	-7.437056e+01	3.110096e+01	145
4.828500e+04	1.378517e+01	2.000023e+01	1.170331e-01	3.627900e+00	1.501649e+01	3.513463e+00	-7.437056e+01	3.110170e+01	146
4.861800e+04	1.378017e+01	2.000023e+01	1.177075e-01	3.646577e+00	1.504249e+01	3.531013e+00	-7.437056e+01	3.110243e+01	147
4.895100e+04	1.377516e+01	2.000023e+01	1.183820e-01	3.665239e+00	1.506839e+01	3.548550e+00	-7.437056e+01	3.110317e+01	148
4.928400e+04	1.376516e+01	2.000023e+01	1.190565e-01	3.683885e+00	1.509419e+01	3.566074e+00	-7.437056e+01	3.110390e+01	149
4.961700e+04	1.376016e+01	2.000023e+01	1.197310e-01	3.702516e+00	1.511989e+01	3.583585e+00	-7.437056e+01	3.110464e+01	150
4.995000e+04	1.375516e+01	2.000023e+01	1.204056e-01	3.721131e+00	1.514549e+01	3.601082e+00	-7.437056e+01	3.110538e+01	151
5.028300e+04	1.375016e+01	2.000023e+01	1.210802e-01	3.739731e+00	1.517099e+01	3.618567e+00	-7.437056e+01	3.110613e+01	152
5.061600e+04	1.374516e+01	2.000023e+01	1.217548e-01	3.758315e+00	1.519639e+01	3.636038e+00	-7.437056e+01	3.110687e+01	153
5.094900e+04	1.373516e+01	2.000023e+01	1.224295e-01	3.776884e+00	1.522170e+01	3.653496e+00	-7.437056e+01	3.110761e+01	154
5.128200e+04	1.373016e+01	2.000023e+01	1.231042e-01	3.795437e+00	1.524691e+01	3.670941e+00	-7.437056e+01	3.110836e+01	155
5.161500e+04	1.372516e+01	2.000023e+01	1.237788e-01	3.813975e+00	1.527202e+01	3.688373e+00	-7.437056e+01	3.110911e+01	156
5.194800e+04	1.372016e+01	2.000023e+01	1.244535e-01	3.832497e+00	1.529704e+01	3.705791e+00	-7.437056e+01	3.110986e+01	157
5.228100e+04	1.371516e+01	2.000023e+01	1.251282e-01	3.851003e+00	1.532196e+01	3.723196e+00	-7.437056e+01	3.111061e+01	158
5.261400e+04	1.371016e+01	2.000023e+01	1.258028e-01	3.869494e+00	1.534679e+01	3.740587e+00	-7.437056e+01	3.111136e+01	159
5.294700e+04	1.370516e+01	2.000023e+01	1.264775e-01	3.887969e+00	1.537153e+01	3.757965e+00	-7.437056e+01	3.111211e+01	160
5.328000e+04	1.370016e+01	2.000023e+01	1.271521e-01	3.906428e+00	1.539617e+01	3.775330e+00	-7.437056e+01	3.111286e+01	161
5.361300e+04	1.369516e+01	2.000023e+01	1.278266e-01	3.924872e+00	1.542072e+01	3.792681e+00	-7.437056e+01	3.111361e+01	162
5.394600e+04	1.369015e+01	2.000023e+01	1.285012e-01	3.943300e+00	1.544518e+01	3.810018e+00	-7.437056e+01	3.111437e+01	163
5.427900e+04	1.368515e+01	2.000023e+01	1.291757e-01	3.961712e+00	1.546955e+01	3.827341e+00	-7.437056e+01	3.111512e+01	164
5.461200e+04	1.368015e+01	2.000023e+01	1.298501e-01	3.980109e+00	1.549383e+01	3.844651e+00	-7.437056e+01	3.111588e+01	165
5.494500e+04	1.367515e+01	2.000023e+01	1.305246e-01	3.998490e+00	1.551802e+01	3.861948e+00	-7.437056e+01	3.111663e+01	166
5.527800e+04	1.367015e+01	2.000023e+01	1.311989e-01	4.016855e+00	1.554212e+01	3.879230e+00	-7.437056e+01	3.111739e+01	167
5.561100e+04	1.366515e+01	2.000022e+01	1.318732e-01	4.035204e+00	1.556613e+01	3.896499e+00	-7.437056e+01	3.111814e+01	168
5.594400e+04	1.366015e+01	2.000022e+01	1.325474e-01	4.053538e+00	1.559006e+01	3.913754e+00	-7.437056e+01	3.111890e+01	169
5.627700e+04	1.365515e+01	2.000022e+01	1.332216e-01	4.071856e+00	1.561390e+01	3.930995e+00	-7.437056e+01	3.111966e+01	170
5.661000e+04	1.365015e+01	2.000022e+01	1.338956e-01	4.090158e+00	1.563765e+01	3.948222e+00	-7.437056e+01	3.112041e+01	171
5.694300e+04	1.364515e+01	2.000022e+01	1.345696e-01	4.108444e+00	1.566131e+01	3.965436e+00	-7.437056e+01	3.112117e+01	172
5.727600e+04	1.364015e+01	2.000022e+01	1.352435e-01	4.126715e+00	1.568489e+01	3.982635e+00	-7.437056e+01	3.112193e+01	173
5.760900e+04	1.363515e+01	2.000022e+01	1.359174e-01	4.144969e+00	1.570839e+01	3.999821e+00	-7.437056e+01	3.112268e+01	174
5.794200e+04	1.363015e+01	2.000022e+01	1.365911e-01	4.163208e+00	1.573180e+01	4.016992e+00	-7.437056e+01	3.112344e+01	175
5.827500e+04	1.362515e+01	2.000022e+01	1.372647e-01	4.181431e+00	1.575513e+01	4.034150e+00	-7.437056e+01	3.112420e+01	176
5.860800e+04	1.362515e+01	2.000022e+01	1.379382e-01	4.199638e+00	1.577837e+01	4.051293e+00	-7.437056e+01	3.112495e+01	177
5.894100e+04	1.362015e+01	2.000022e+01	1.386116e-01	4.217829e+00	1.580154e+01	4.068423e+00	-7.437056e+01	3.112571e+01	178
5.927400e+04	1.361515e+01	2.000022e+01	1.392849e-01	4.236005e+00	1.582462e+01	4.085538e+00	-7.437056e+01	3.112647e+01	179
5.960700e+04	1.361015e+01	2.000022e+01	1.399581e-01	4.254164e+00	1.584762e+01	4.102640e+00	-7.437056e+01	3.112722e+01	180
5.994000e+04	1.360514e+01	2.000022e+01	1.406311e-01	4.272308e+00	1.587053e+01	4.119727e+00	-7.437056e+01	3.112798e+01	181
6.027300e+04	1.360014e+01	2.000022e+01	1.413041e-01	4.290435e+00	1.589337e+01	4.136800e+00	-7.437056e+01	3.112873e+01	182
6.060600e+04	1.359514e+01	2.000022e+01	1.419769e-01	4.308547e+00	1.591613e+01	4.153859e+00	-7.437056e+01	3.112949e+01	183
6.093900e+04	1.359514e+01	2.000022e+01	1.426495e-01	4.326643e+00	1.593881e+01	4.170904e+00	-7.437056e+01	3.113024e+01	184
6.127200e+04	1.359014e+01	2.000022e+01	1.433220e-01	4.344723e+00	1.596141e+01	4.187934e+00	-7.437056e+01	3.113099e+01	185
6.160500e+04	1.358514e+01	2.000022e+01	1.439944e-01	4.362788e+00	1.598393e+01	4.204951e+00	-7.437056e+01	3.113175e+01	186
6.193800e+04	1.358014e+01	2.000022e+01	1.446666e-01	4.380836e+00	1.600638e+01	4.221953e+00	-7.437056e+01	3.113250e+01	187
6.227100e+04	1.357514e+01	2.000022e+01	1.453387e-01	4.398868e+00	1.602874e+01	4.238941e+00	-7.437056e+01	3.113325e+01	188
6.260400e+04	1.357514e+01	2.000022e+01	1.460106e-01	4.416885e+00	1.605103e+01	4.255915e+00	-7.437056e+01	3.113400e+01	189
6.293700e+04	1.357014e+01	2.000022e+01	1.466824e-01	4.434885e+00	1.607325e+01	4.272874e+00	-7.437056e+01	3.113475e+01	190
6.327000e+04	1.356514e+01	2.000022e+01	1.473540e-01	4.452870e+00	1.609538e+01	4.289819e+00	-7.437056e+01	3.113550e+01	191
6.360300e+04	1.356014e+01	2.000022e+01	1.480254e-01	4.470839e+00	1.611745e+01	4.306750e+00	-7.437056e+01	3.113625e+01	192
6.393600e+04	1.356014e+01	2.000022e+01	1.486966e-01	4.488792e+00	1.613943e+01	4.323666e+00	-7.437056e+01	3.113700e+01	193
6.426900e+04	1.355514e+01	2.000022e+01	1.493677e-01	4.506729e+00	1.616135e+01	4.340569e+00	-7.437056e+01	3.113775e+01	194
6.460200e+04	1.355014e+01	2.000022e+01	1.500386e-01	4.524650e+00	1.618319e+01	4.357456e+00	-7.437056e+01	3.113849e+01	195
6.493500e+04	1.354514e+01	2.000022e+01	1.507093e-01	4.542555e+00	1.620495e+01	4.374330e+00	-7.437056e+01	3.113924e+01	196
6.526800e+04	1.354514e+01	2.000022e+01	1.513799e-01	4.560444e+00	1.622665e+01	4.391189e+00	-7.437056e+01	3.113998e+01	197
6.560100e+04	1.354014e+01	2.000022e+01	1.520502e-01	4.578317e+00	1.624827e+01	4.408034e+00	-7.437056e+01	3.114073e+01	198
6.593400e+04	1.353514e+01	2.000022e+01	1.527203e-01	4.596175e+00	1.626981e+01	4.424864e+00	-7.437056e+01	3.114147e+01	199
6.626700e+04	1.353514e+01	2.000022e+01	1.533903e-01	4.614016e+00	1.629129e+01	4.441680e+00	-7.437056e+01	3.114221e+01	200
6.660000e+04	1.353014e+01	2.000022e+01	1.540600e-01	4.631842e+00	1.631270e+01	4.458482e+00	-7.437056e+01	3.114295e+01	201
6.693300e+04	1.352514e+01	2.000022e+01	1.547296e-01	4.649651e+00	1.633403e+01	4.475269e+00	-7.437056e+01	3.114369e+01	202
6.726600e+04	1.352514e+01	2.000022e+01	1.553989e-01	4.667445e+00	1.635530e+01	4.492042e+00	-7.437056e+01	3.114443e+01	203
6.759900e+04	1.352014e+01	2.000022e+01	1.560681e-01	4.685223e+00	1.637649e+01	4.508800e+00	-7.437056e+01	3.114517e+01	204
6.793200e+04	1.351513e+01	2.000022e+01	1.567370e-01	4.702985e+00	1.639762e+01	4.525544e+00	-7.437056e+01	3.114590e+01	205
6.826500e+04	1.351513e+01	2.000022e+01	1.574057e-01	4.720731e+00	1.641867e+01	4.542273e+00	-7.437056e+01	3.114664e+01	206
6.859800e+04	1.351013e+01	2.000022e+01	1.580741e-01	4.738461e+00	1.643966e+01	4.558988e+00	-7.437056e+01	3.114737e+01	207
6.893100e+04	1.350513e+01	2.000022e+01	1.587424e-01	4.756175e+00	1.646058e+01	4.575689e+00	-7.437056e+01	3.114811e+01	208
6.926400e+04	1.350513e+01	2.000022e+01	1.594104e-01	4.773873e+00	1.648143e+01	4.592375e+00	-7.437056e+01	3.114884e+01	209
6.959700e+04	1.350013e+01	2.000022e+01	1.600782e-01	4.791556e+00	1.650222e+01	4.609046e+00	-7.437056e+01	3.114957e+01	210
6.993000e+04	1.350013e+01	2.000022e+01	1.607458e-01	4.809222e+00	1.652293e+01	4.625703e+00	-7.437056e+01	3.115030e+01	211
7.026300e+04	1.349513e+01	2.000022e+01	1.614131e-01	4.826873e+00	1.654358e+01	4.642346e+00	-7.437056e+01	3.115103e+01	212
7.059600e+04	1.349013e+01	2.000022e+01	1.620802e-01	4.844508e+00	1.656417e+01	4.658974e+00	-7.437056e+01	3.115175e+01	213
7.092900e+04	1.349013e+01	2.000022e+01	1.627470e-01	4.862127e+00	1.658469e+01	4.675587e+00	-7.437056e+01	3.115248e+01	214
7.126200e+04	1.348513e+01	2.000022e+01	1.634137e-01	4.879730e+00	1.660514e+01	4.692186e+00	-7.437056e+01	3.115320e+01	215
7.159500e+04	1.348513e+01	2.000022e+01	1.640800e-01	4.897317e+00	1.662553e+01	4.708771e+00	-7.437056e+01	3.115393e+01	216
7.192800e+04	1.348013e+01	2.000022e+01	1.647461e-01	4.914889e+00	1.664585e+01	4.725341e+00	-7.437056e+01	3.115465e+01	217
7.226100e+04	1.347513e+01	2.000022e+01	1.654120e-01	4.932444e+00	1.666611e+01	4.741897e+00	-7.437056e+01	3.115537e+01	218
7.259400e+04	1.347513e+01	2.000022e+01	1.660776e-01	4.949984e+00	1.668631e+01	4.758438e+00	-7.437056e+01	3.115609e+01	219
7.292700e+04	1.347013e+01	2.000022e+01	1.667429e-01	4.967508e+00	1.670644e+01	4.774964e+00	-7.437056e+01	3.115681e+01	220
7.326000e+04	1.347013e+01	2.000022e+01	1.674080e-01	4.985016e+00	1.672651e+01	4.791476e+00	-7.437056e+01	3.115752e+01	221
7.359300e+04	1.346513e+01	2.000022e+01	1.680728e-01	5.002508e+00	1.674652e+01	4.807974e+00	-7.437056e+01	3.115824e+01	222
7.392600e+04	1.346513e+01	2.000022e+01	1.687373e-01	5.019985e+00	1.676646e+01	4.824457e+00	-7.437056e+01	3.115895e+01	223
7.425900e+04	1.346013e+01	2.000022e+01	1.694016e-01	5.037446e+00	1.678634e+01	4.840926e+00	-7.437056e+01	3.115966e+01	224
7.459200e+04	1.346013e+01	2.000022e+01	1.700656e-01	5.054891e+00	1.680616e+01	4.857380e+00	-7.437056e+01	3.116037e+01	225
7.492500e+04	1.345513e+01	2.000022e+01	1.707293e-01	5.072320e+00	1.682592e+01	4.873819e+00	-7.437056e+01	3.116108e+01	226
7.525800e+04	1.345013e+01	2.000022e+01	1.713928e-01	5.089733e+00	1.684562e+01	4.890244e+00	-7.437056e+01	3.116179e+01	227
7.559100e+04	1.345013e+01	2.000022e+01	1.720559e-01	5.107131e+00	1.686526e+01	4.906655e+00	-7.437056e+01	3.116250e+01	228
7.592400e+04	1.344513e+01	2.000022e+01	1.727188e-01	5.124512e+00	1.688483e+01	4.923051e+00	-7.437056e+01	3.116320e+01	229
7.625700e+04	1.344513e+01	2.000022e+01	1.733814e-01	5.141878e+00	1.690435e+01	4.939432e+00	-7.437056e+01	3.116390e+01	230
7.659000e+04	1.344013e+01	2.000022e+01	1.740437e-01	5.159229e+00	1.692381e+01	4.955799e+00	-7.437056e+01	3.116461e+01	231
7.692300e+04	1.344013e+01	2.000022e+01	1.747057e-01	5.176563e+00	1.694321e+01	4.972151e+00	-7.437056e+01	3.116531e+01	232
7.725600e+04	1.343513e+01	2.000022e+01	1.753674e-01	5.193882e+00	1.696255e+01	4.988489e+00	-7.437056e+01	3.116601e+01	233
7.758900e+04	1.343513e+01	2.000022e+01	1.760289e-01	5.211185e+00	1.698183e+01	5.004813e+00	-7.437056e+01	3.116670e+01	234
7.792200e+04	1.343013e+01	2.000022e+01	1.766900e-01	5.228473e+00	1.700105e+01	5.021122e+00	-7.437056e+01	3.116740e+01	235
7.825500e+04	1.343013e+01	2.000022e+01	1.773508e-01	5.245744e+00	1.702022e+01	5.037416e+00	-7.437056e+01	3.116809e+01	236
7.858800e+04	1.342513e+01	2.000022e+01	1.780114e-01	5.263000e+00	1.703932e+01	5.053696e+00	-7.437056e+01	3.116879e+01	237
7.892100e+04	1.342512e+01	2.000022e+01	1.786716e-01	5.280241e+00	1.705837e+01	5.069962e+00	-7.437056e+01	3.116948e+01	238
7.925400e+04	1.342012e+01	2.000022e+01	1.793315e-01	5.297466e+00	1.707737e+01	5.086213e+00	-7.437056e+01	3.117017e+01	239
7.958700e+04	1.342012e+01	2.000022e+01	1.799911e-01	5.314675e+00	1.709630e+01	5.102449e+00	-7.437056e+01	3.117085e+01	240
7.992000e+04	1.342012e+01	2.000022e+01	1.806504e-01	5.331868e+00	1.711518e+01	5.118671e+00	-7.437056e+01	3.117154e+01	241
8.025300e+04	1.341512e+01	2.000022e+01	1.813094e-01	5.349046e+00	1.713401e+01	5.134879e+00	-7.437056e+01	3.117222e+01	242
8.058600e+04	1.341512e+01	2.000022e+01	1.819681e-01	5.366208e+00	1.715278e+01	5.151072e+00	-7.437056e+01	3.117291e+01	243
8.091900e+04	1.341012e+01	2.000022e+01	1.826264e-01	5.383355e+00	1.717149e+01	5.167251e+00	-7.437056e+01	3.117359e+01	244
8.125200e+04	1.341012e+01	2.000022e+01	1.832844e-01	5.400485e+00	1.719015e+01	5.183415e+00	-7.437056e+01	3.117427e+01	245
8.158500e+04	1.340512e+01	2.000022e+01	1.839421e-01	5.417601e+00	1.720875e+01	5.199565e+00	-7.437056e+01	3.117495e+01	246
8.191800e+04	1.340512e+01	2.000022e+01	1.845995e-01	5.434701e+00	1.722730e+01	5.215700e+00	-7.437056e+01	3.117562e+01	247
8.225100e+04	1.340012e+01	2.000022e+01	1.852566e-01	5.451785e+00	1.724579e+01	5.231821e+00	-7.437056e+01	3.117630e+01	248
8.258400e+04	1.340012e+01	2.000022e+01	1.859133e-01	5.468853e+00	1.726423e+01	5.247927e+00	-7.437056e+01	3.117697e+01	249
8.291700e+04	1.340012e+01	2.000022e+01	1.865697e-01	5.485907e+00	1.728262e+01	5.264019e+00	-7.437056e+01	3.117764e+01	250
8.325000e+04	1.339512e+01	2.000022e+01	1.872257e-01	5.502944e+00	1.730095e+01	5.280097e+00	-7.437056e+01	3.117831e+01	251
8.358300e+04	1.339512e+01	2.000022e+01	1.878815e-01	5.519966e+00	1.731923e+01	5.296160e+00	-7.437056e+01	3.117898e+01	252
8.391600e+04	1.339012e+01	2.000022e+01	1.885369e-01	5.536973e+00	1.733746e+01	5.312209e+00	-7.437056e+01	3.117965e+01	253
8.424900e+04	1.339012e+01	2.000022e+01	1.891919e-01	5.553964e+00	1.735564e+01	5.328243e+00	-7.437056e+01	3.118032e+01	254
8.458200e+04	1.339012e+01	2.000022e+01	1.898466e-01	5.570940e+00	1.737376e+01	5.344263e+00	-7.437056e+01	3.118098e+01	255
8.491500e+04	1.338512e+01	2.000022e+01	1.905010e-01	5.587900e+00	1.739183e+01	5.360269e+00	-7.437056e+01	3.118164e+01	256
8.524800e+04	1.338512e+01	2.000022e+01	1.911550e-01	5.604844e+00	1.740985e+01	5.376260e+00	-7.437056e+01	3.118230e+01	257
8.558100e+04	1.338012e+01	2.000021e+01	1.918087e-01	5.621774e+00	1.742782e+01	5.392237e+00	-7.437056e+01	3.118296e+01	258
8.591400e+04	1.338012e+01	2.000021e+01	1.924620e-01	5.638687e+00	1.744574e+01	5.408199e+00	-7.437056e+01	3.118362e+01	259
8.624700e+04	1.338012e+01	2.000021e+01	1.931150e-01	5.655586e+00	1.746360e+01	5.424148e+00	-7.437056e+01	3.118427e+01	260
8.658000e+04	1.337512e+01	2.000021e+01	1.937676e-01	5.672469e+00	1.748142e+01	5.440081e+00	-7.437056e+01	3.118493e+01	261
8.691300e+04	1.337512e+01	2.000021e+01	1.944199e-01	5.689336e+00	1.749918e+01	5.456001e+00	-7.437056e+01	3.118558e+01	262
8.724600e+04	1.337012e+01	2.000021e+01	1.950718e-01	5.706188e+00	1.751690e+01	5.471906e+00	-7.437056e+01	3.118623e+01	263
8.757900e+04	1.337012e+01	2.000021e+01	1.957234e-01	5.723025e+00	1.753457e+01	5.487797e+00	-7.437056e+01	3.118688e+01	264
8.791200e+04	1.337012e+01	2.000021e+01	1.963746e-01	5.739847e+00	1.755218e+01	5.503673e+00	-7.437056e+01	3.118752e+01	265
8.824500e+04	1.336512e+01	2.000021e+01	1.970254e-01	5.756653e+00	1.756975e+01	5.519536e+00	-7.437056e+01	3.118817e+01	266
8.857800e+04	1.336512e+01	2.000021e+01	1.976759e-01	5.773444e+00	1.758727e+01	5.535383e+00	-7.437056e+01	3.118881e+01	267
8.891100e+04	1.336512e+01	2.000021e+01	1.983260e-01	5.790219e+00	1.760474e+01	5.551217e+00	-7.437056e+01	3.118946e+01	268
8.924400e+04	1.336012e+01	2.000021e+01	1.989758e-01	5.806980e+00	1.762216e+01	5.567036e+00	-7.437056e+01	3.119010e+01	269
8.957700e+04	1.336012e+01	2.000021e+01	1.996252e-01	5.823725e+00	1.763953e+01	5.582842e+00	-7.437056e+01	3.119073e+01	270
8.991000e+04	1.335512e+01	2.000021e+01	2.002742e-01	5.840454e+00	1.765685e+01	5.598632e+00	-7.437056e+01	3.119137e+01	271
9.024300e+04	1.335512e+01	2.000021e+01	2.009228e-01	5.857169e+00	1.767413e+01	5.614409e+00	-7.437056e+01	3.119201e+01	272
9.057600e+04	1.335512e+01	2.000021e+01	2.015711e-01	5.873868e+00	1.769136e+01	5.630171e+00	-7.437056e+01	3.119264e+01	273
9.090900e+04	1.335012e+01	2.000021e+01	2.022190e-01	5.890552e+00	1.770854e+01	5.645920e+00	-7.437056e+01	3.119327e+01	274
9.124200e+04	1.335012e+01	2.000021e+01	2.028665e-01	5.907221e+00	1.772567e+01	5.661653e+00	-7.437056e+01	3.119390e+01	275
9.157500e+04	1.335012e+01	2.000021e+01	2.035137e-01	5.923874e+00	1.774276e+01	5.677373e+00	-7.437056e+01	3.119453e+01	276
9.190800e+04	1.334512e+01	2.000021e+01	2.041604e-01	5.940512e+00	1.775980e+01	5.693079e+00	-7.437056e+01	3.119516e+01	277
9.224100e+04	1.334512e+01	2.000021e+01	2.048068e-01	5.957136e+00	1.777680e+01	5.708770e+00	-7.437056e+01	3.119578e+01	278
9.257400e+04	1.334512e+01	2.000021e+01	2.054528e-01	5.973744e+00	1.779375e+01	5.724447e+00	-7.437056e+01	3.119641e+01	279
9.290700e+04	1.334012e+01	2.000021e+01	2.060984e-01	5.990337e+00	1.781065e+01	5.740110e+00	-7.437056e+01	3.119703e+01	280
9.324000e+04	1.334012e+01	2.000021e+01	2.067437e-01	6.006914e+00	1.782751e+01	5.755759e+00	-7.437056e+01	3.119765e+01	281
9.357300e+04	1.334012e+01	2.000021e+01	2.073885e-01	6.023477e+00	1.784432e+01	5.771394e+00	-7.437056e+01	3.119827e+01	282
9.390600e+04	1.333512e+01	2.000021e+01	2.080330e-01	6.040025e+00	1.786109e+01	5.787015e+00	-7.437056e+01	3.119889e+01	283
9.423900e+04	1.333512e+01	2.000021e+01	2.086771e-01	6.056557e+00	1.787781e+01	5.802621e+00	-7.437056e+01	3.119950e+01	284
9.457200e+04	1.333512e+01	2.000021e+01	2.093208e-01	6.073075e+00	1.789448e+01	5.818214e+00	-7.437056e+01	3.120011e+01	285
9.490500e+04	1.333011e+01	2.000021e+01	2.099640e-01	6.089577e+00	1.791112e+01	5.833792e+00	-7.437056e+01	3.120073e+01	286
9.523800e+04	1.333011e+01	2.000021e+01	2.106069e-01	6.106064e+00	1.792770e+01	5.849356e+00	-7.437056e+01	3.120134e+01	287
9.557100e+04	1.333011e+01	2.000021e+01	2.112495e-01	6.122537e+00	1.794425e+01	5.864906e+00	-7.437056e+01	3.120195e+01	288
9.590400e+04	1.333011e+01	2.000021e+01	2.118916e-01	6.138994e+00	1.796075e+01	5.880442e+00	-7.437056e+01	3.120255e+01	289
9.623700e+04	1.332511e+01	2.000021e+01	2.125333e-01	6.155437e+00	1.797721e+01	5.895965e+00	-7.437056e+01	3.120316e+01	290
9.657000e+04	1.332511e+01	2.000021e+01	2.131746e-01	6.171864e+00	1.799362e+01	5.911473e+00	-7.437056e+01	3.120376e+01	291
9.690300e+04	1.332511e+01	2.000021e+01	2.138155e-01	6.188276e+00	1.800999e+01	5.926967e+00	-7.437056e+01	3.120436e+01	292
9.723600e+04	1.332011e+01	2.000021e+01	2.144560e-01	6.204674e+00	1.802632e+01	5.942447e+00	-7.437056e+01	3.120496e+01	293
9.756900e+04	1.332011e+01	2.000021e+01	2.150961e-01	6.221056e+00	1.804260e+01	5.957913e+00	-7.437056e+01	3.120556e+01	294
9.790200e+04	1.332011e+01	2.000021e+01	2.157358e-01	6.237424e+00	1.805884e+01	5.973365e+00	-7.437056e+01	3.120616e+01	295
9.823500e+04	1.331511e+01	2.000021e+01	2.163751e-01	6.253777e+00	1.807504e+01	5.988803e+00	-7.437056e+01	3.120675e+01	296
9.856800e+04	1.331511e+01	2.000021e+01	2.170140e-01	6.270115e+00	1.809120e+01	6.004227e+00	-7.437056e+01	3.120735e+01	297
9.890100e+04	1.331511e+01	2.000021e+01	2.176525e-01	6.286438e+00	1.810731e+01	6.019637e+00	-7.437056e+01	3.120794e+01	298
9.923400e+04	1.331511e+01	2.000021e+01	2.182906e-01	6.302746e+00	1.812338e+01	6.035033e+00	-7.437056e+01	3.120853e+01	299
9.956700e+04	1.331011e+01	2.000021e+01	2.189282e-01	6.319039e+00	1.813941e+01	6.050416e+00	-7.437056e+01	3.120912e+01	300
9.990000e+04	1.331011e+01	2.000021e+01	2.195655e-01	6.335318e+00	1.815540e+01	6.065784e+00	-7.437056e+01	3.120971e+01	301
1.002330e+05	1.331011e+01	2.000021e+01	2.202023e-01	6.351582e+00	1.817135e+01	6.081138e+00	-7.437056e+01	3.121029e+01	302
1.005660e+05	1.330511e+01	2.000021e+01	2.208388e-01	6.367831e+00	1.818726e+01	6.096479e+00	-7.437056e+01	3.121088e+01	303
1.008990e+05	1.330511e+01	2.000021e+01	2.214748e-01	6.384065e+00	1.820313e+01	6.111806e+00	-7.437056e+01	3.121146e+01	304
1.012320e+05	1.330511e+01	2.000021e+01	2.221104e-01	6.400284e+00	1.821895e+01	6.127119e+00	-7.437056e+01	3.121204e+01	305
1.015650e+05	1.330511e+01	2.000021e+01	2.227456e-01	6.416489e+00	1.823474e+01	6.142418e+00	-7.437056e+01	3.121262e+01	306
1.018980e+05	1.330011e+01	2.000021e+01	2.233803e-01	6.432679e+00	1.825049e+01	6.157703e+00	-7.437056e+01	3.121320e+01	307
1.022310e+05	1.330011e+01	2.000021e+01	2.240147e-01	6.448854e+00	1.826619e+01	6.172974e+00	-7.437056e+01	3.121377e+01	308
1.025640e+05	1.330011e+01	2.000021e+01	2.246486e-01	6.465015e+00	1.828186e+01	6.188232e+00	-7.437056e+01	3.121435e+01	309
1.028970e+05	1.330011e+01	2.000021e+01	2.252821e-01	6.481161e+00	1.829748e+01	6.203476e+00	-7.437056e+01	3.121492e+01	310
1.032300e+05	1.329511e+01	2.000021e+01	2.259152e-01	6.497292e+00	1.831307e+01	6.218706e+00	-7.437056e+01	3.121549e+01	311
1.035630e+05	1.329511e+01	2.000021e+01	2.265478e-01	6.513409e+00	1.832862e+01	6.233922e+00	-7.437056e+01	3.121606e+01	312
1.038960e+05	1.329511e+01	2.000021e+01	2.271801e-01	6.529511e+00	1.834412e+01	6.249125e+00	-7.437056e+01	3.121663e+01	313
1.042290e+05	1.329511e+01	2.000021e+01	2.278119e-01	6.545598e+00	1.835959e+01	6.264313e+00	-7.437056e+01	3.121719e+01	314
1.045620e+05	1.329011e+01	2.000021e+01	2.284433e-01	6.561671e+00	1.837502e+01	6.279489e+00	-7.437056e+01	3.121776e+01	315
1.048950e+05	1.329011e+01	2.000021e+01	2.290742e-01	6.577730e+00	1.839041e+01	6.294650e+00	-7.437056e+01	3.121832e+01	316
1.052280e+05	1.329011e+01	2.000021e+01	2.297047e-01	6.593773e+00	1.840577e+01	6.309798e+00	-7.437056e+01	3.121888e+01	317
1.055610e+05	1.329011e+01	2.000021e+01	2.303348e-01	6.609803e+00	1.842108e+01	6.324932e+00	-7.437056e+01	3.121944e+01	318
1.058940e+05	1.328511e+01	2.000021e+01	2.309645e-01	6.625817e+00	1.843636e+01	6.340052e+00	-7.437056e+01	3.122000e+01	319
1.062270e+05	1.328511e+01	2.000021e+01	2.315937e-01	6.641817e+00	1.845160e+01	6.355159e+00	-7.437056e+01	3.122055e+01	320
1.065600e+05	1.328511e+01	2.000021e+01	2.322225e-01	6.657803e+00	1.846680e+01	6.370252e+00	-7.437056e+01	3.122111e+01	321
1.068930e+05	1.328511e+01	2.000021e+01	2.328509e-01	6.673774e+00	1.848196e+01	6.385331e+00	-7.437056e+01	3.122166e+01	322
1.072260e+05	1.328011e+01	2.000021e+01	2.334788e-01	6.689731e+00	1.849709e+01	6.400397e+00	-7.437056e+01	3.122221e+01	323
1.075590e+05	1.328011e+01	2.000021e+01	2.341063e-01	6.705673e+00	1.851218e+01	6.415449e+00	-7.437056e+01	3.122276e+01	324
1.078920e+05	1.328011e+01	2.000021e+01	2.347334e-01	6.721601e+00	1.852723e+01	6.430488e+00	-7.437056e+01	3.122331e+01	325
1.082250e+05	1.328011e+01	2.000021e+01	2.353600e-01	6.737515e+00	1.854224e+01	6.445513e+00	-7.437056e+01	3.122386e+01	326
1.085580e+05	1.327511e+01	2.000021e+01	2.359862e-01	6.753414e+00	1.855722e+01	6.460524e+00	-7.437056e+01	3.122441e+01	327
1.088910e+05	1.327511e+01	2.000021e+01	2.366119e-01	6.769299e+00	1.857216e+01	6.475522e+00	-7.437056e+01	3.122495e+01	328
1.092240e+05	1.327511e+01	2.000021e+01	2.372372e-01	6.785169e+00	1.858707e+01	6.490507e+00	-7.437056e+01	3.122549e+01	329
1.095570e+05	1.327511e+01	2.000021e+01	2.378621e-01	6.801025e+00	1.860194e+01	6.505478e+00	-7.437056e+01	3.122603e+01	330
1.098900e+05	1.327511e+01	2.000021e+01	2.384865e-01	6.816867e+00	1.861677e+01	6.520435e+00	-7.437056e+01	3.122657e+01	331
1.102230e+05	1.327011e+01	2.000021e+01	2.391104e-01	6.832694e+00	1.863157e+01	6.535379e+00	-7.437056e+01	3.122711e+01	332
1.105560e+05	1.327011e+01	2.000021e+01	2.397340e-01	6.848507e+00	1.864633e+01	6.550309e+00	-7.437056e+01	3.122765e+01	333
1.108890e+05	1.327011e+01	2.000021e+01	2.403571e-01	6.864306e+00	1.866105e+01	6.565227e+00	-7.437056e+01	3.122818e+01	334
1.112220e+05	1.327011e+01	2.000021e+01	2.409797e-01	6.880091e+00	1.867574e+01	6.580130e+00	-7.437056e+01	3.122871e+01	335
1.115550e+05	1.326511e+01	2.000021e+01	2.416019e-01	6.895861e+00	1.869040e+01	6.595020e+00	-7.437056e+01	3.122925e+01	336
1.118880e+05	1.326511e+01	2.000021e+01	2.422236e-01	6.911617e+00	1.870502e+01	6.609897e+00	-7.437056e+01	3.122978e+01	337
1.122210e+05	1.326511e+01	2.000021e+01	2.428449e-01	6.927359e+00	1.871960e+01	6.624760e+00	-7.437056e+01	3.123030e+01	338
1.125540e+05	1.326511e+01	2.000021e+01	2.434658e-01	6.943087e+00	1.873415e+01	6.639610e+00	-7.437056e+01	3.123083e+01	339
1.128870e+05	1.326511e+01	2.000021e+01	2.440862e-01	6.958800e+00	1.874867e+01	6.654447e+00	-7.437056e+01	3.123136e+01	340
1.132200e+05	1.326011e+01	2.000021e+01	2.447062e-01	6.974500e+00	1.876315e+01	6.669270e+00	-7.437056e+01	3.123188e+01	341
1.135530e+05	1.326011e+01	2.000020e+01	2.453257e-01	6.990185e+00	1.877760e+01	6.684080e+00	-7.437056e+01	3.123240e+01	342
1.138860e+05	1.326011e+01	2.000020e+01	2.459447e-01	7.005856e+00	1.879201e+01	6.698877e+00	-7.437056e+01	3.123292e+01	343
1.142190e+05	1.326011e+01	2.000020e+01	2.465633e-01	7.021513e+00	1.880639e+01	6.713660e+00	-7.437056e+01	3.123344e+01	344
1.145520e+05	1.326011e+01	2.000020e+01	2.471814e-01	7.037156e+00	1.882073e+01	6.728430e+00	-7.437056e+01	3.123396e+01	345
1.148850e+05	1.325511e+01	2.000020e+01	2.477991e-01	7.052785e+00	1.883504e+01	6.743187e+00	-7.437056e+01	3.123448e+01	346
1.152180e+05	1.325511e+01	2.000020e+01	2.484164e-01	7.068400e+00	1.884932e+01	6.757931e+00	-7.437056e+01	3.123499e+01	347
1.155510e+05	1.325511e+01	2.000020e+01	2.490331e-01	7.084001e+00	1.886356e+01	6.772661e+00	-7.437056e+01	3.123551e+01	348
1.158840e+05	1.325511e+01	2.000020e+01	2.496495e-01	7.099588e+00	1.887777e+01	6.787378e+00	-7.437056e+01	3.123602e+01	349
1.162170e+05	1.325511e+01	2.000020e+01	2.502653e-01	7.115160e+00	1.889195e+01	6.802082e+00	-7.437056e+01	3.123653e+01	350
1.165500e+05	1.325011e+01	2.000020e+01	2.508807e-01	7.130719e+00	1.890609e+01	6.816772e+00	-7.437056e+01	3.123704e+01	351
1.168830e+05	1.325011e+01	2.000020e+01	2.514957e-01	7.146264e+00	1.892020e+01	6.831450e+00	-7.437056e+01	3.123754e+01	352
1.172160e+05	1.325011e+01	2.000020e+01	2.521102e-01	7.161795e+00	1.893428e+01	6.846114e+00	-7.437056e+01	3.123805e+01	353
1.175490e+05	1.325011e+01	2.000020e+01	2.527242e-01	7.177312e+00	1.894832e+01	6.860765e+00	-7.437056e+01	3.123856e+01	354
1.178820e+05	1.325011e+01	2.000020e+01	2.533378e-01	7.192815e+00	1.896234e+01	6.875403e+00	-7.437056e+01	3.123906e+01	355
1.182150e+05	1.324511e+01	2.000020e+01	2.539509e-01	7.208304e+00	1.897632e+01	6.890028e+00	-7.437056e+01	3.123956e+01	356
1.185480e+05	1.324511e+01	2.000020e+01	2.545636e-01	7.223779e+00	1.899026e+01	6.904639e+00	-7.437056e+01	3.124006e+01	357
1.188810e+05	1.324511e+01	2.000020e+01	2.551757e-01	7.239241e+00	1.900418e+01	6.919238e+00	-7.437056e+01	3.124056e+01	358
1.192140e+05	1.324511e+01	2.000020e+01	2.557875e-01	7.254688e+00	1.901806e+01	6.933823e+00	-7.437056e+01	3.124106e+01	359
1.195470e+05	1.324511e+01	2.000020e+01	2.563987e-01	7.270122e+00	1.903192e+01	6.948396e+00	-7.437056e+01	3.124155e+01	360
1.198800e+05	1.324511e+01	2.000020e+01	2.570095e-01	7.285542e+00	1.904574e+01	6.962955e+00	-7.437056e+01	3.124205e+01	361
1.200000e+05	1.324011e+01	2.000020e+01	2.576199e-01	7.296808e+00	1.904822e+01	7.030705e-03	-7.437056e+01	3.124254e+01	361
