0.000000e+00	0.000000e+00	0.000000e+00	-2.000000e+03	2.500000e-01	1.000000e+01	2.073800e-01	1.000000e+00	0.000000e+00	1
3.330000e+02	1.273514e+02	2.259186e+02	4.594987e-02	2.618529e-01	9.990975e+00	1.755370e-01	-7.348525e+01	1.008834e+02	2
6.660000e+02	0.000000e+00	2.677808e+02	2.784948e-01	2.668281e-01	9.963495e+00	3.882797e-01	-7.348525e+01	0.000000e+00	3
9.990000e+02	1.997424e+02	1.999756e+01	4.025159e-01	2.828047e-01	9.993367e+00	5.298001e-01	-7.348525e+01	3.428179e+01	4
1.332000e+03	1.049571e+02	2.000221e+01	2.399909e-01	3.011507e-01	1.003507e+01	7.052327e-01	-7.348525e+01	3.354561e+01	5
1.665000e+03	2.853537e+01	1.999976e+01	4.456315e-02	3.646183e-01	1.006228e+01	6.932200e-01	-7.348525e+01	3.234052e+01	6
1.998000e+03	2.417087e+01	2.000088e+01	3.329544e-02	4.204848e-01	1.008956e+01	7.195994e-01	-7.348525e+01	3.230327e+01	7
2.331000e+03	2.207255e+01	2.000093e+01	3.363902e-02	4.752696e-01	1.011783e+01	7.515203e-01	-7.348525e+01	3.226069e+01	8
2.664000e+03	2.068640e+01	2.000093e+01	3.374751e-02	5.293654e-01	1.014719e+01	7.852447e-01	-7.348525e+01	3.221365e+01	9
2.997000e+03	1.977094e+01	2.000092e+01	3.458387e-02	5.824783e-01	1.017770e+01	8.198296e-01	-7.348525e+01	3.216610e+01	10
3.330000e+03	1.915073e+01	2.000089e+01	3.486153e-02	6.342749e-01	1.020938e+01	8.546921e-01	-7.348525e+01	3.211932e+01	11
3.663000e+03	1.872063e+01	2.000086e+01	3.473290e-02	6.844732e-01	1.024221e+01	8.893778e-01	-7.348525e+01	3.207412e+01	12
3.996000e+03	1.841557e+01	2.000083e+01	3.521314e-02	7.328600e-01	1.027613e+01	9.235329e-01	-7.348525e+01	3.203108e+01	13
4.329000e+03	1.819054e+01	2.000079e+01	3.573431e-02	7.792908e-01	1.031107e+01	9.568947e-01	-7.348525e+01	3.199060e+01	14
4.662000e+03	1.802053e+01	2.000076e+01	3.628315e-02	8.236851e-01	1.034695e+01	9.892805e-01	-7.348525e+01	3.195292e+01	15
4.995000e+03	1.788552e+01	2.000073e+01	3.685031e-02	8.660180e-01	1.038368e+01	1.020576e+00	-7.348525e+01	3.191813e+01	16
5.328000e+03	1.777552e+01	2.000069e+01	3.742933e-02	9.063104e-01	1.042116e+01	1.050721e+00	-7.348525e+01	3.188623e+01	17
5.661000e+03	1.768051e+01	2.000066e+01	3.801581e-02	9.446199e-01	1.045931e+01	1.079700e+00	-7.348525e+01	3.185714e+01	18
5.994000e+03	1.760051e+01	2.000063e+01	3.860672e-02	9.810312e-01	1.049802e+01	1.107532e+00	-7.348525e+01	3.183076e+01	19
6.327000e+03	1.753051e+01	2.000061e+01	3.920001e-02	1.015649e+00	1.053722e+01	1.134256e+00	-7.348525e+01	3.180691e+01	20
6.660000e+03	1.746551e+01	2.000058e+01	3.979434e-02	1.048588e+00	1.057682e+01	1.159930e+00	-7.348525e+01	3.178542e+01	21
6.993000e+03	1.740551e+01	2.000056e+01	4.038883e-02	1.079973e+00	1.061675e+01	1.184622e+00	-7.348525e+01	3.176610e+01	22
7.326000e+03	1.735051e+01	2.000054e+01	4.098287e-02	1.109927e+00	1.065694e+01	1.208404e+00	-7.348525e+01	3.174878e+01	23
7.659000e+03	1.730050e+01	2.000052e+01	4.157616e-02	1.138574e+00	1.069733e+01	1.231352e+00	-7.348525e+01	3.173326e+01	24
7.992000e+03	1.725050e+01	2.000051e+01	4.216854e-02	1.166033e+00	1.073787e+01	1.253539e+00	-7.348525e+01	3.171938e+01	25
8.325000e+03	1.720550e+01	2.000049e+01	4.275997e-02	1.192418e+00	1.077850e+01	1.275036e+00	-7.348525e+01	3.170697e+01	26
8.658000e+03	1.716049e+01	2.000048e+01	4.335048e-02	1.217833e+00	1.081918e+01	1.295912e+00	-7.348525e+01	3.169588e+01	27
8.991000e+03	1.711549e+01	2.000047e+01	4.394015e-02	1.242378e+00	1.085987e+01	1.316230e+00	-7.348525e+01	3.168597e+01	28
9.324000e+03	1.707548e+01	2.000046e+01	4.452909e-02	1.266144e+00	1.090054e+01	1.336048e+00	-7.348525e+01	3.167712e+01	29
9.657000e+03	1.703548e+01	2.000045e+01	4.511743e-02	1.289213e+00	1.094116e+01	1.355421e+00	-7.348525e+01	3.166921e+01	30
9.990000e+03	1.699548e+01	2.000044e+01	4.570531e-02	1.311660e+00	1.098171e+01	1.374396e+00	-7.348525e+01	3.166213e+01	31
1.032300e+04	1.696047e+01	2.000043e+01	4.629285e-02	1.333554e+00	1.102215e+01	1.393019e+00	-7.348525e+01	3.165581e+01	32
1.065600e+04	1.692047e+01	2.000043e+01	4.688019e-02	1.354954e+00	1.106247e+01	1.411328e+00	-7.348525e+01	3.165014e+01	33
1.098900e+04	1.688546e+01	2.000042e+01	4.746745e-02	1.375915e+00	1.110265e+01	1.429360e+00	-7.348525e+01	3.164506e+01	34
1.132200e+04	1.685045e+01	2.000042e+01	4.805473e-02	1.396487e+00	1.114268e+01	1.447145e+00	-7.348525e+01	3.164050e+01	35
1.165500e+04	1.681545e+01	2.000041e+01	4.864214e-02	1.416711e+00	1.118255e+01	1.464712e+00	-7.348525e+01	3.163641e+01	36
1.198800e+04	1.678544e+01	2.000041e+01	4.922976e-02	1.436628e+00	1.122224e+01	1.482086e+00	-7.348525e+01	3.163273e+01	37
1.232100e+04	1.675044e+01	2.000041e+01	4.981768e-02	1.456269e+00	1.126175e+01	1.499289e+00	-7.348525e+01	3.162942e+01	38
1.265400e+04	1.672043e+01	2.000040e+01	5.040597e-02	1.475666e+00	1.130106e+01	1.516340e+00	-7.348525e+01	3.162643e+01	39
1.298700e+04	1.669043e+01	2.000040e+01	5.099469e-02	1.494846e+00	1.134018e+01	1.533256e+00	-7.348525e+01	3.162374e+01	40
1.332000e+04	1.666042e+01	2.000040e+01	5.158388e-02	1.513830e+00	1.137910e+01	1.550052e+00	-7.348525e+01	3.162131e+01	41
1.365300e+04	1.663042e+01	2.000039e+01	5.217359e-02	1.532640e+00	1.141781e+01	1.566742e+00	-7.348525e+01	3.161911e+01	42
1.398600e+04	1.660041e+01	2.000039e+01	5.276386e-02	1.551295e+00	1.145631e+01	1.583337e+00	-7.348525e+01	3.161712e+01	43
1.431900e+04	1.657041e+01	2.000039e+01	5.335470e-02	1.569808e+00	1.149459e+01	1.599846e+00	-7.348525e+01	3.161531e+01	44
1.465200e+04	1.654540e+01	2.000039e+01	5.394615e-02	1.588196e+00	1.153267e+01	1.616279e+00	-7.348525e+01	3.161368e+01	45
1.498500e+04	1.651540e+01	2.000039e+01	5.453822e-02	1.606470e+00	1.157052e+01	1.632644e+00	-7.348525e+01	3.161220e+01	46
1.531800e+04	1.649039e+01	2.000039e+01	5.513093e-02	1.624640e+00	1.160816e+01	1.648946e+00	-7.348525e+01	3.161086e+01	47
1.565100e+04	1.646539e+01	2.000039e+01	5.572426e-02	1.642715e+00	1.164558e+01	1.665193e+00	-7.348525e+01	3.160964e+01	48
1.598400e+04	1.644039e+01	2.000038e+01	5.631824e-02	1.660705e+00	1.168278e+01	1.681388e+00	-7.348525e+01	3.160853e+01	49
1.631700e+04	1.641038e+01	2.000038e+01	5.691286e-02	1.678617e+00	1.171976e+01	1.697537e+00	-7.348525e+01	3.160753e+01	50
1.665000e+04	1.639038e+01	2.000038e+01	5.750811e-02	1.696455e+00	1.175653e+01	1.713643e+00	-7.348525e+01	3.160662e+01	51
1.698300e+04	1.636537e+01	2.000038e+01	5.810400e-02	1.714227e+00	1.179308e+01	1.729709e+00	-7.348525e+01	3.160580e+01	52
1.731600e+04	1.634037e+01	2.000038e+01	5.870050e-02	1.731937e+00	1.182941e+01	1.745738e+00	-7.348525e+01	3.160506e+01	53
1.764900e+04	1.631536e+01	2.000038e+01	5.929761e-02	1.749588e+00	1.186553e+01	1.761733e+00	-7.348525e+01	3.160439e+01	54
1.798200e+04	1.629536e+01	2.000038e+01	5.989532e-02	1.767186e+00	1.190143e+01	1.777696e+00	-7.348525e+01	3.160379e+01	55
1.831500e+04	1.627036e+01	2.000038e+01	6.049362e-02	1.784732e+00	1.193712e+01	1.793628e+00	-7.348525e+01	3.160325e+01	56
1.864800e+04	1.625035e+01	2.000038e+01	6.109248e-02	1.802229e+00	1.197259e+01	1.809531e+00	-7.348525e+01	3.160277e+01	57
1.898100e+04	1.622535e+01	2.000038e+01	6.169190e-02	1.819681e+00	1.200786e+01	1.825407e+00	-7.348525e+01	3.160235e+01	58
1.931400e+04	1.620535e+01	2.000038e+01	6.229185e-02	1.837089e+00	1.204292e+01	1.841256e+00	-7.348525e+01	3.160198e+01	59
1.964700e+04	1.618534e+01	2.000038e+01	6.289232e-02	1.854455e+00	1.207777e+01	1.857080e+00	-7.348525e+01	3.160165e+01	60
1.998000e+04	1.616034e+01	2.000038e+01	6.349329e-02	1.871781e+00	1.211241e+01	1.872878e+00	-7.348525e+01	3.160138e+01	61
2.031300e+04	1.614033e+01	2.000038e+01	6.409475e-02	1.889068e+00	1.214685e+01	1.888653e+00	-7.348525e+01	3.160114e+01	62
2.064600e+04	1.612033e+01	2.000038e+01	6.469667e-02	1.906318e+00	1.218108e+01	1.904404e+00	-7.348525e+01	3.160094e+01	63
2.097900e+04	1.610033e+01	2.000038e+01	6.529903e-02	1.923531e+00	1.221512e+01	1.920133e+00	-7.348525e+01	3.160078e+01	64
2.131200e+04	1.608533e+01	2.000038e+01	6.590182e-02	1.940708e+00	1.224895e+01	1.935838e+00	-7.348525e+01	3.160066e+01	65
2.164500e+04	1.606532e+01	2.000038e+01	6.650502e-02	1.957850e+00	1.228259e+01	1.951521e+00	-7.348525e+01	3.160058e+01	66
2.197800e+04	1.604532e+01	2.000038e+01	6.710860e-02	1.974959e+00	1.231603e+01	1.967182e+00	-7.348525e+01	3.160052e+01	67
2.231100e+04	1.602532e+01	2.000037e+01	6.771255e-02	1.992034e+00	1.234927e+01	1.982821e+00	-7.348525e+01	3.160050e+01	68
2.264400e+04	1.601031e+01	2.000037e+01	6.831684e-02	2.009076e+00	1.238232e+01	1.998439e+00	-7.348525e+01	3.160051e+01	69
2.297700e+04	1.599031e+01	2.000037e+01	6.892147e-02	2.026086e+00	1.241518e+01	2.014035e+00	-7.348525e+01	3.160054e+01	70
2.331000e+04	1.597031e+01	2.000037e+01	6.952641e-02	2.043064e+00	1.244785e+01	2.029609e+00	-7.348525e+01	3.160061e+01	71
2.364300e+04	1.595530e+01	2.000037e+01	7.013163e-02	2.060011e+00	1.248033e+01	2.045161e+00	-7.348525e+01	3.160070e+01	72
2.397600e+04	1.594030e+01	2.000037e+01	7.073713e-02	2.076926e+00	1.251263e+01	2.060693e+00	-7.348525e+01	3.160081e+01	73
2.430900e+04	1.592030e+01	2.000037e+01	7.134288e-02	2.093810e+00	1.254473e+01	2.076202e+00	-7.348525e+01	3.160095e+01	74
2.464200e+04	1.590530e+01	2.000037e+01	7.194887e-02	2.110664e+00	1.257666e+01	2.091690e+00	-7.348525e+01	3.160111e+01	75
2.497500e+04	1.589029e+01	2.000037e+01	7.255507e-02	2.127487e+00	1.260840e+01	2.107157e+00	-7.348525e+01	3.160130e+01	76
2.530800e+04	1.587029e+01	2.000037e+01	7.316147e-02	2.144280e+00	1.263997e+01	2.122602e+00	-7.348525e+01	3.160151e+01	77
2.564100e+04	1.585529e+01	2.000037e+01	7.376805e-02	2.161043e+00	1.267135e+01	2.138026e+00	-7.348525e+01	3.160174e+01	78
2.597400e+04	1.584029e+01	2.000037e+01	7.437479e-02	2.177775e+00	1.270256e+01	2.153427e+00	-7.348525e+01	3.160198e+01	79
2.630700e+04	1.582528e+01	2.000037e+01	7.498168e-02	2.194478e+00	1.273360e+01	2.168807e+00	-7.348525e+01	3.160225e+01	80
2.664000e+04	1.581028e+01	2.000037e+01	7.558870e-02	2.211151e+00	1.276446e+01	2.184166e+00	-7.348525e+01	3.160254e+01	81
2.697300e+04	1.579528e+01	2.000037e+01	7.619583e-02	2.227795e+00	1.279514e+01	2.199502e+00	-7.348525e+01	3.160284e+01	82
2.730600e+04	1.578028e+01	2.000037e+01	7.680306e-02	2.244409e+00	1.282566e+01	2.214816e+00	-7.348525e+01	3.160317e+01	83
2.763900e+04	1.576527e+01	2.000037e+01	7.741036e-02	2.260994e+00	1.285601e+01	2.230108e+00	-7.348525e+01	3.160351e+01	84
2.797200e+04	1.575027e+01	2.000037e+01	7.801773e-02	2.277549e+00	1.288618e+01	2.245379e+00	-7.348525e+01	3.160386e+01	85
2.830500e+04	1.573527e+01	2.000037e+01	7.862514e-02	2.294075e+00	1.291620e+01	2.260626e+00	-7.348525e+01	3.160424e+01	86
2.863800e+04	1.572527e+01	2.000037e+01	7.923259e-02	2.310572e+00	1.294604e+01	2.275852e+00	-7.348525e+01	3.160462e+01	87
2.897100e+04	1.571027e+01	2.000037e+01	7.984005e-02	2.327039e+00	1.297573e+01	2.291055e+00	-7.348525e+01	3.160503e+01	88
2.930400e+04	1.569526e+01	2.000037e+01	8.044751e-02	2.343478e+00	1.300525e+01	2.306235e+00	-7.348525e+01	3.160544e+01	89
2.963700e+04	1.568526e+01	2.000037e+01	8.105496e-02	2.359887e+00	1.303461e+01	2.321393e+00	-7.348525e+01	3.160588e+01	90
2.997000e+04	1.567026e+01	2.000037e+01	8.166239e-02	2.376267e+00	1.306381e+01	2.336529e+00	-7.348525e+01	3.160632e+01	91
3.030300e+04	1.565526e+01	2.000037e+01	8.226977e-02	2.392618e+00	1.309286e+01	2.351641e+00	-7.348525e+01	3.160678e+01	92
3.063600e+04	1.564526e+01	2.000037e+01	8.287709e-02	2.408940e+00	1.312175e+01	2.366731e+00	-7.348525e+01	3.160725e+01	93
3.096900e+04	1.563025e+01	2.000037e+01	8.348435e-02	2.425233e+00	1.315048e+01	2.381797e+00	-7.348525e+01	3.160773e+01	94
3.130200e+04	1.562025e+01	2.000037e+01	8.409152e-02	2.441497e+00	1.317906e+01	2.396841e+00	-7.348525e+01	3.160823e+01	95
3.163500e+04	1.560525e+01	2.000037e+01	8.469859e-02	2.457733e+00	1.320749e+01	2.411862e+00	-7.348525e+01	3.160873e+01	96
3.196800e+04	1.559525e+01	2.000037e+01	8.530556e-02	2.473939e+00	1.323576e+01	2.426859e+00	-7.348525e+01	3.160925e+01	97
3.230100e+04	1.558525e+01	2.000037e+01	8.591240e-02	2.490116e+00	1.326389e+01	2.441833e+00	-7.348525e+01	3.160978e+01	98
3.263400e+04	1.557025e+01	2.000037e+01	8.651911e-02	2.506265e+00	1.329186e+01	2.456784e+00	-7.348525e+01	3.161032e+01	99
3.296700e+04	1.556024e+01	2.000037e+01	8.712566e-02	2.522384e+00	1.331969e+01	2.471711e+00	-7.348525e+01	3.161087e+01	100
3.330000e+04	1.555024e+01	2.000037e+01	8.773206e-02	2.538475e+00	1.334738e+01	2.486615e+00	-7.348525e+01	3.161142e+01	101
3.363300e+04	1.553524e+01	2.000037e+01	8.833829e-02	2.554537e+00	1.337492e+01	2.501496e+00	-7.348525e+01	3.161199e+01	102
3.396600e+04	1.552524e+01	2.000037e+01	8.894434e-02	2.570570e+00	1.340231e+01	2.516352e+00	-7.348525e+01	3.161257e+01	103
3.429900e+04	1.551524e+01	2.000037e+01	8.955019e-02	2.586575e+00	1.342956e+01	2.531185e+00	-7.348525e+01	3.161316e+01	104
3.463200e+04	1.550524e+01	2.000037e+01	9.015583e-02	2.602550e+00	1.345668e+01	2.545995e+00	-7.348525e+01	3.161375e+01	105
3.496500e+04	1.549524e+01	2.000037e+01	9.076126e-02	2.618497e+00	1.348365e+01	2.560780e+00	-7.348525e+01	3.161435e+01	106
3.529800e+04	1.548523e+01	2.000037e+01	9.136646e-02	2.634415e+00	1.351048e+01	2.575542e+00	-7.348525e+01	3.161496e+01	107
3.563100e+04	1.547523e+01	2.000037e+01	9.197142e-02	2.650304e+00	1.353718e+01	2.590280e+00	-7.348525e+01	3.161558e+01	108
3.596400e+04	1.546523e+01	2.000037e+01	9.257613e-02	2.666165e+00	1.356373e+01	2.604994e+00	-7.348525e+01	3.161621e+01	109
3.629700e+04	1.545523e+01	2.000037e+01	9.318058e-02	2.681997e+00	1.359016e+01	2.619683e+00	-7.348525e+01	3.161684e+01	110
3.663000e+04	1.544523e+01	2.000037e+01	9.378476e-02	2.697800e+00	1.361645e+01	2.634349e+00	-7.348525e+01	3.161748e+01	111
3.696300e+04	1.543523e+01	2.000037e+01	9.438866e-02	2.713575e+00	1.364260e+01	2.648991e+00	-7.348525e+01	3.161813e+01	112
3.729600e+04	1.542523e+01	2.000037e+01	9.499227e-02	2.729321e+00	1.366863e+01	2.663608e+00	-7.348525e+01	3.161878e+01	113
3.762900e+04	1.541522e+01	2.000037e+01	9.559559e-02	2.745039e+00	1.369452e+01	2.678201e+00	-7.348525e+01	3.161944e+01	114
3.796200e+04	1.540522e+01	2.000037e+01	9.619859e-02	2.760727e+00	1.372028e+01	2.692770e+00	-7.348525e+01	3.162011e+01	115
3.829500e+04	1.539522e+01	2.000037e+01	9.680128e-02	2.776388e+00	1.374592e+01	2.707315e+00	-7.348525e+01	3.162078e+01	116
3.862800e+04	1.538522e+01	2.000037e+01	9.740364e-02	2.792019e+00	1.377142e+01	2.721836e+00	-7.348525e+01	3.162146e+01	117
3.896100e+04	1.537522e+01	2.000037e+01	9.800566e-02	2.807622e+00	1.379680e+01	2.736332e+00	-7.348525e+01	3.162214e+01	118
3.929400e+04	1.537022e+01	2.000037e+01	9.860734e-02	2.823197e+00	1.382206e+01	2.750803e+00	-7.348525e+01	3.162283e+01	119
3.962700e+04	1.536022e+01	2.000037e+01	9.920867e-02	2.838743e+00	1.384718e+01	2.765250e+00	-7.348525e+01	3.162352e+01	120
3.996000e+04	1.535022e+01	2.000037e+01	9.980963e-02	2.854261e+00	1.387219e+01	2.779673e+00	-7.348525e+01	3.162422e+01	121
4.029300e+04	1.534021e+01	2.000037e+01	1.004102e-01	2.869750e+00	1.389707e+01	2.794072e+00	-7.348525e+01	3.162492e+01	122
4.062600e+04	1.533521e+01	2.000037e+01	1.010104e-01	2.885211e+00	1.392183e+01	2.808445e+00	-7.348525e+01	3.162562e+01	123
4.095900e+04	1.532521e+01	2.000037e+01	1.016103e-01	2.900643e+00	1.394647e+01	2.822795e+00	-7.348525e+01	3.162634e+01	124
4.129200e+04	1.531521e+01	2.000037e+01	1.022097e-01	2.916047e+00	1.397099e+01	2.837119e+00	-7.348525e+01	3.162705e+01	125
4.162500e+04	1.531021e+01	2.000037e+01	1.028088e-01	2.931423e+00	1.399539e+01	2.851419e+00	-7.348525e+01	3.162777e+01	126
4.195800e+04	1.530021e+01	2.000037e+01	1.034074e-01	2.946770e+00	1.401968e+01	2.865695e+00	-7.348525e+01	3.162849e+01	127
4.229100e+04	1.529521e+01	2.000037e+01	1.040056e-01	2.962089e+00	1.404384e+01	2.879946e+00	-7.348525e+01	3.162922e+01	128
4.262400e+04	1.528521e+01	2.000037e+01	1.046034e-01	2.977380e+00	1.406789e+01	2.894172e+00	-7.348525e+01	3.162995e+01	129
4.295700e+04	1.527521e+01	2.000037e+01	1.052007e-01	2.992642e+00	1.409183e+01	2.908373e+00	-7.348525e+01	3.163068e+01	130
4.329000e+04	1.527021e+01	2.000037e+01	1.057977e-01	3.007876e+00	1.411565e+01	2.922550e+00	-7.348525e+01	3.163142e+01	131
4.362300e+04	1.526020e+01	2.000037e+01	1.063941e-01	3.023082e+00	1.413935e+01	2.936702e+00	-7.348525e+01	3.163216e+01	132
4.395600e+04	1.525520e+01	2.000037e+01	1.069902e-01	3.038260e+00	1.416295e+01	2.950830e+00	-7.348525e+01	3.163290e+01	133
4.428900e+04	1.524520e+01	2.000037e+01	1.075857e-01	3.053410e+00	1.418643e+01	2.964933e+00	-7.348525e+01	3.163365e+01	134
4.462200e+04	1.524020e+01	2.000037e+01	1.081808e-01	3.068531e+00	1.420980e+01	2.979011e+00	-7.348525e+01	3.163439e+01	135
4.495500e+04	1.523020e+01	2.000037e+01	1.087755e-01	3.083625e+00	1.423307e+01	2.993064e+00	-7.348525e+01	3.163515e+01	136
4.528800e+04	1.522520e+01	2.000037e+01	1.093696e-01	3.098690e+00	1.425622e+01	3.007093e+00	-7.348525e+01	3.163590e+01	137
4.562100e+04	1.522020e+01	2.000037e+01	1.099633e-01	3.113727e+00	1.427926e+01	3.021096e+00	-7.348525e+01	3.163665e+01	138
4.595400e+04	1.521020e+01	2.000037e+01	1.105565e-01	3.128736e+00	1.430220e+01	3.035076e+00	-7.348525e+01	3.163741e+01	139
4.628700e+04	1.520520e+01	2.000037e+01	1.111492e-01	3.143718e+00	1.432503e+01	3.049030e+00	-7.348525e+01	3.163817e+01	140
4.662000e+04	1.520020e+01	2.000037e+01	1.117414e-01	3.158671e+00	1.434775e+01	3.062959e+00	-7.348525e+01	3.163893e+01	141
4.695300e+04	1.519019e+01	2.000037e+01	1.123330e-01	3.173597e+00	1.437037e+01	3.076864e+00	-7.348525e+01	3.163970e+01	142
4.728600e+04	1.518519e+01	2.000037e+01	1.129242e-01	3.188494e+00	1.439289e+01	3.090744e+00	-7.348525e+01	3.164046e+01	143
4.761900e+04	1.518019e+01	2.000037e+01	1.135149e-01	3.203364e+00	1.441530e+01	3.104600e+00	-7.348525e+01	3.164123e+01	144
4.795200e+04	1.517019e+01	2.000037e+01	1.141050e-01	3.218206e+00	1.443761e+01	3.118430e+00	-7.348525e+01	3.164200e+01	145
4.828500e+04	1.516519e+01	2.000037e+01	1.146946e-01	3.233020e+00	1.445982e+01	3.132236e+00	-7.348525e+01	3.164277e+01	146
4.861800e+04	1.516019e+01	2.000037e+01	1.152837e-01	3.247806e+00	1.448192e+01	3.146017e+00	-7.348525e+01	3.164354e+01	147
4.895100e+04	1.515019e+01	2.000037e+01	1.158722e-01	3.262565e+00	1.450393e+01	3.159773e+00	-7.348525e+01	3.164431e+01	148
4.928400e+04	1.514519e+01	2.000037e+01	1.164602e-01	3.277296e+00	1.452583e+01	3.173505e+00	-7.348525e+01	3.164508e+01	149
4.961700e+04	1.514019e+01	2.000037e+01	1.170476e-01	3.291999e+00	1.454764e+01	3.187212e+00	-7.348525e+01	3.164586e+01	150
4.995000e+04	1.513519e+01	2.000037e+01	1.176345e-01	3.306675e+00	1.456935e+01	3.200894e+00	-7.348525e+01	3.164663e+01	151
5.028300e+04	1.513019e+01	2.000037e+01	1.182208e-01	3.321323e+00	1.459096e+01	3.214551e+00	-7.348525e+01	3.164741e+01	152
5.061600e+04	1.512019e+01	2.000037e+01	1.188066e-01	3.335943e+00	1.461247e+01	3.228184e+00	-7.348525e+01	3.164819e+01	153
5.094900e+04	1.511519e+01	2.000037e+01	1.193918e-01	3.350536e+00	1.463389e+01	3.241792e+00	-7.348525e+01	3.164896e+01	154
5.128200e+04	1.511018e+01	2.000037e+01	1.199764e-01	3.365102e+00	1.465521e+01	3.255375e+00	-7.348525e+01	3.164974e+01	155
5.161500e+04	1.510518e+01	2.000037e+01	1.205605e-01	3.379640e+00	1.467644e+01	3.268934e+00	-7.348525e+01	3.165052e+01	156
5.194800e+04	1.510018e+01	2.000037e+01	1.211439e-01	3.394150e+00	1.469757e+01	3.282468e+00	-7.348525e+01	3.165130e+01	157
5.228100e+04	1.509518e+01	2.000037e+01	1.217268e-01	3.408634e+00	1.471861e+01	3.295977e+00	-7.348525e+01	3.165208e+01	158
5.261400e+04	1.509018e+01	2.000037e+01	1.223091e-01	3.423090e+00	1.473956e+01	3.309462e+00	-7.348525e+01	3.165286e+01	159
5.294700e+04	1.508518e+01	2.000037e+01	1.228908e-01	3.437519e+00	1.476041e+01	3.322922e+00	-7.348525e+01	3.165364e+01	160
5.328000e+04	1.507518e+01	2.000037e+01	1.234719e-01	3.451920e+00	1.478118e+01	3.336357e+00	-7.348525e+01	3.165443e+01	161
5.361300e+04	1.507018e+01	2.000037e+01	1.240524e-01	3.466294e+00	1.480185e+01	3.349768e+00	-7.348525e+01	3.165521e+01	162
5.394600e+04	1.506518e+01	2.000037e+01	1.246323e-01	3.480641e+00	1.482243e+01	3.363155e+00	-7.348525e+01	3.165599e+01	163
5.427900e+04	1.506018e+01	2.000037e+01	1.252116e-01	3.494961e+00	1.484293e+01	3.376516e+00	-7.348525e+01	3.165677e+01	164
5.461200e+04	1.505518e+01	2.000038e+01	1.257903e-01	3.509254e+00	1.486333e+01	3.389854e+00	-7.348525e+01	3.165755e+01	165
5.494500e+04	1.505018e+01	2.000038e+01	1.263684e-01	3.523520e+00	1.488365e+01	3.403166e+00	-7.348525e+01	3.165833e+01	166
5.527800e+04	1.504518e+01	2.000038e+01	1.269459e-01	3.537759e+00	1.490388e+01	3.416455e+00	-7.348525e+01	3.165912e+01	167
5.561100e+04	1.504018e+01	2.000038e+01	1.275227e-01	3.551971e+00	1.492402e+01	3.429719e+00	-7.348525e+01	3.165990e+01	168
5.594400e+04	1.503518e+01	2.000038e+01	1.280989e-01	3.566156e+00	1.494407e+01	3.442958e+00	-7.348525e+01	3.166068e+01	169
5.627700e+04	1.503017e+01	2.000038e+01	1.286745e-01	3.580314e+00	1.496404e+01	3.456173e+00	-7.348525e+01	3.166146e+01	170
5.661000e+04	1.502517e+01	2.000038e+01	1.292494e-01	3.594445e+00	1.498393e+01	3.469363e+00	-7.348525e+01	3.166224e+01	171
5.694300e+04	1.502017e+01	2.000038e+01	1.298237e-01	3.608549e+00	1.500373e+01	3.482530e+00	-7.348525e+01	3.166302e+01	172
5.727600e+04	1.501517e+01	2.000038e+01	1.303974e-01	3.622627e+00	1.502344e+01	3.495671e+00	-7.348525e+01	3.166380e+01	173
5.760900e+04	1.501517e+01	2.000038e+01	1.309704e-01	3.636677e+00	1.504307e+01	3.508789e+00	-7.348525e+01	3.166458e+01	174
5.794200e+04	1.501017e+01	2.000038e+01	1.315428e-01	3.650702e+00	1.506262e+01	3.521882e+00	-7.348525e+01	3.166536e+01	175
5.827500e+04	1.500517e+01	2.000038e+01	1.321146e-01	3.664699e+00	1.508209e+01	3.534951e+00	-7.348525e+01	3.166614e+01	176
5.860800e+04	1.500017e+01	2.000038e+01	1.326857e-01	3.678670e+00	1.510147e+01	3.547995e+00	-7.348525e+01	3.166692e+01	177
5.894100e+04	1.499517e+01	2.000038e+01	1.332561e-01	3.692615e+00	1.512078e+01	3.561016e+00	-7.348525e+01	3.166769e+01	178
5.927400e+04	1.499017e+01	2.000038e+01	1.338259e-01	3.706532e+00	1.514000e+01	3.574012e+00	-7.348525e+01	3.166847e+01	179
5.960700e+04	1.498517e+01	2.000038e+01	1.343950e-01	3.720424e+00	1.515914e+01	3.586984e+00	-7.348525e+01	3.166925e+01	180
5.994000e+04	1.498017e+01	2.000038e+01	1.349635e-01	3.734289e+00	1.517821e+01	3.599932e+00	-7.348525e+01	3.167002e+01	181
6.027300e+04	1.497517e+01	2.000038e+01	1.355313e-01	3.748127e+00	1.519719e+01	3.612856e+00	-7.348525e+01	3.167080e+01	182
6.060600e+04	1.497517e+01	2.000038e+01	1.360984e-01	3.761940e+00	1.521610e+01	3.625755e+00	-7.348525e+01	3.167157e+01	183
6.093900e+04	1.497017e+01	2.000038e+01	1.366649e-01	3.775726e+00	1.523492e+01	3.638631e+00	-7.348525e+01	3.167234e+01	184
6.127200e+04	1.496517e+01	2.000038e+01	1.372307e-01	3.789485e+00	1.525367e+01	3.651482e+00	-7.348525e+01	3.167312e+01	185
6.160500e+04	1.496017e+01	2.000038e+01	1.377958e-01	3.803219e+00	1.527235e+01	3.664310e+00	-7.348525e+01	3.167389e+01	186
6.193800e+04	1.495517e+01	2.000038e+01	1.383603e-01	3.816926e+00	1.529094e+01	3.677113e+00	-7.348525e+01	3.167466e+01	187
6.227100e+04	1.495017e+01	2.000038e+01	1.389240e-01	3.830607e+00	1.530946e+01	3.689893e+00	-7.348525e+01	3.167543e+01	188
6.260400e+04	1.495016e+01	2.000038e+01	1.394871e-01	3.844263e+00	1.532791e+01	3.702649e+00	-7.348525e+01	3.167619e+01	189
6.293700e+04	1.494516e+01	2.000038e+01	1.400495e-01	3.857892e+00	1.534628e+01	3.715381e+00	-7.348525e+01	3.167696e+01	190
6.327000e+04	1.494016e+01	2.000038e+01	1.406112e-01	3.871495e+00	1.536457e+01	3.728089e+00	-7.348525e+01	3.167773e+01	191
6.360300e+04	1.493516e+01	2.000038e+01	1.411723e-01	3.885072e+00	1.538279e+01	3.740773e+00	-7.348525e+01	3.167849e+01	192
6.393600e+04	1.493516e+01	2.000038e+01	1.417326e-01	3.898624e+00	1.540094e+01	3.753433e+00	-7.348525e+01	3.167926e+01	193
6.426900e+04	1.493016e+01	2.000038e+01	1.422923e-01	3.912149e+00	1.541902e+01	3.766070e+00	-7.348525e+01	3.168002e+01	194
6.460200e+04	1.492516e+01	2.000038e+01	1.428513e-01	3.925649e+00	1.543702e+01	3.778683e+00	-7.348525e+01	3.168078e+01	195
6.493500e+04	1.492016e+01	2.000038e+01	1.434095e-01	3.939123e+00	1.545495e+01	3.791272e+00	-7.348525e+01	3.168154e+01	196
6.526800e+04	1.492016e+01	2.000038e+01	1.439671e-01	3.952571e+00	1.547281e+01	3.803837e+00	-7.348525e+01	3.168230e+01	197
6.560100e+04	1.491516e+01	2.000038e+01	1.445240e-01	3.965993e+00	1.549060e+01	3.816379e+00	-7.348525e+01	3.168306e+01	198
6.593400e+04	1.491016e+01	2.000038e+01	1.450802e-01	3.979390e+00	1.550831e+01	3.828898e+00	-7.348525e+01	3.168381e+01	199
6.626700e+04	1.490516e+01	2.000038e+01	1.456357e-01	3.992762e+00	1.552596e+01	3.841392e+00	-7.348525e+01	3.168457e+01	200
6.660000e+04	1.490516e+01	2.000038e+01	1.461904e-01	4.006108e+00	1.554353e+01	3.853864e+00	-7.348525e+01	3.168532e+01	201
6.693300e+04	1.490016e+01	2.000038e+01	1.467445e-01	4.019428e+00	1.556104e+01	3.866311e+00	-7.348525e+01	3.168608e+01	202
6.726600e+04	1.489516e+01	2.000038e+01	1.472979e-01	4.032723e+00	1.557848e+01	3.878736e+00	-7.348525e+01	3.168683e+01	203
6.759900e+04	1.489516e+01	2.000038e+01	1.478505e-01	4.045993e+00	1.559585e+01	3.891137e+00	-7.348525e+01	3.168758e+01	204
6.793200e+04	1.489016e+01	2.000038e+01	1.484025e-01	4.059237e+00	1.561315e+01	3.903514e+00	-7.348525e+01	3.168833e+01	205
6.826500e+04	1.488516e+01	2.000038e+01	1.489537e-01	4.072456e+00	1.563038e+01	3.915868e+00	-7.348525e+01	3.168907e+01	206
6.859800e+04	1.488516e+01	2.000038e+01	1.495042e-01	4.085649e+00	1.564755e+01	3.928199e+00	-7.348525e+01	3.168982e+01	207
6.893100e+04	1.488016e+01	2.000038e+01	1.500540e-01	4.098818e+00	1.566465e+01	3.940507e+00	-7.348525e+01	3.169056e+01	208
6.926400e+04	1.487516e+01	2.000038e+01	1.506031e-01	4.111961e+00	1.568168e+01	3.952791e+00	-7.348525e+01	3.169131e+01	209
6.959700e+04	1.487516e+01	2.000038e+01	1.511515e-01	4.125080e+00	1.569865e+01	3.965052e+00	-7.348525e+01	3.169205e+01	210
6.993000e+04	1.487016e+01	2.000038e+01	1.516992e-01	4.138173e+00	1.571555e+01	3.977291e+00	-7.348525e+01	3.169279e+01	211
7.026300e+04	1.487016e+01	2.000038e+01	1.522461e-01	4.151241e+00	1.573238e+01	3.989505e+00	-7.348525e+01	3.169353e+01	212
7.059600e+04	1.486515e+01	2.000038e+01	1.527923e-01	4.164284e+00	1.574915e+01	4.001697e+00	-7.348525e+01	3.169426e+01	213
7.092900e+04	1.486015e+01	2.000038e+01	1.533378e-01	4.177302e+00	1.576586e+01	4.013866e+00	-7.348525e+01	3.169500e+01	214
7.126200e+04	1.486015e+01	2.000038e+01	1.538826e-01	4.190296e+00	1.578250e+01	4.026012e+00	-7.348525e+01	3.169573e+01	215
7.159500e+04	1.485515e+01	2.000038e+01	1.544267e-01	4.203265e+00	1.579908e+01	4.038135e+00	-7.348525e+01	3.169647e+01	216
7.192800e+04	1.485015e+01	2.000038e+01	1.549700e-01	4.216208e+00	1.581560e+01	4.050235e+00	-7.348525e+01	3.169720e+01	217
7.226100e+04	1.485015e+01	2.000038e+01	1.555126e-01	4.229128e+00	1.583205e+01	4.062312e+00	-7.348525e+01	3.169793e+01	218
7.259400e+04	1.484515e+01	2.000038e+01	1.560545e-01	4.242022e+00	1.584844e+01	4.074366e+00	-7.348525e+01	3.169865e+01	219
7.292700e+04	1.484515e+01	2.000038e+01	1.565956e-01	4.254892e+00	1.586477e+01	4.086397e+00	-7.348525e+01	3.169938e+01	220
7.326000e+04	1.484015e+01	2.000038e+01	1.571360e-01	4.267737e+00	1.588104e+01	4.098406e+00	-7.348525e+01	3.170011e+01	221
7.359300e+04	1.484015e+01	2.000038e+01	1.576757e-01	4.280558e+00	1.589724e+01	4.110391e+00	-7.348525e+01	3.170083e+01	222
7.392600e+04	1.483515e+01	2.000038e+01	1.582147e-01	4.293354e+00	1.591338e+01	4.122354e+00	-7.348525e+01	3.170155e+01	223
7.425900e+04	1.483015e+01	2.000038e+01	1.587529e-01	4.306126e+00	1.592947e+01	4.134295e+00	-7.348525e+01	3.170227e+01	224
7.459200e+04	1.483015e+01	2.000038e+01	1.592904e-01	4.318873e+00	1.594549e+01	4.146213e+00	-7.348525e+01	3.170299e+01	225
7.492500e+04	1.482515e+01	2.000038e+01	1.598272e-01	4.331596e+00	1.596145e+01	4.158108e+00	-7.348525e+01	3.170370e+01	226
7.525800e+04	1.482515e+01	2.000038e+01	1.603632e-01	4.344295e+00	1.597736e+01	4.169981e+00	-7.348525e+01	3.170442e+01	227
7.559100e+04	1.482015e+01	2.000038e+01	1.608985e-01	4.356969e+00	1.599320e+01	4.181831e+00	-7.348525e+01	3.170513e+01	228
7.592400e+04	1.482015e+01	2.000038e+01	1.614330e-01	4.369620e+00	1.600899e+01	4.193658e+00	-7.348525e+01	3.170584e+01	229
7.625700e+04	1.481515e+01	2.000038e+01	1.619668e-01	4.382246e+00	1.602471e+01	4.205464e+00	-7.348525e+01	3.170655e+01	230
7.659000e+04	1.481515e+01	2.000038e+01	1.624999e-01	4.394848e+00	1.604038e+01	4.217247e+00	-7.348525e+01	3.170726e+01	231
7.692300e+04	1.481015e+01	2.000038e+01	1.630322e-01	4.407426e+00	1.605599e+01	4.229007e+00	-7.348525e+01	3.170797e+01	232
7.725600e+04	1.481015e+01	2.000038e+01	1.635638e-01	4.419980e+00	1.607154e+01	4.240745e+00	-7.348525e+01	3.170867e+01	233
7.758900e+04	1.480515e+01	2.000038e+01	1.640947e-01	4.432510e+00	1.608704e+01	4.252461e+00	-7.348525e+01	3.170937e+01	234
7.792200e+04	1.480515e+01	2.000038e+01	1.646248e-01	4.445016e+00	1.610248e+01	4.264155e+00	-7.348525e+01	3.171007e+01	235
7.825500e+04	1.480015e+01	2.000038e+01	1.651542e-01	4.457498e+00	1.611786e+01	4.275827e+00	-7.348525e+01	3.171077e+01	236
7.858800e+04	1.480015e+01	2.000038e+01	1.656828e-01	4.469957e+00	1.613319e+01	4.287476e+00	-7.348525e+01	3.171147e+01	237
7.892100e+04	1.479515e+01	2.000038e+01	1.662107e-01	4.482391e+00	1.614846e+01	4.299103e+00	-7.348525e+01	3.171217e+01	238
7.925400e+04	1.479515e+01	2.000038e+01	1.667379e-01	4.494802e+00	1.616367e+01	4.310709e+00	-7.348525e+01	3.171286e+01	239
7.958700e+04	1.479015e+01	2.000038e+01	1.672643e-01	4.507189e+00	1.617883e+01	4.322292e+00	-7.348525e+01	3.171355e+01	240
7.992000e+04	1.479015e+01	2.000038e+01	1.677899e-01	4.519553e+00	1.619394e+01	4.333853e+00	-7.348525e+01	3.171424e+01	241
8.025300e+04	1.478515e+01	2.000038e+01	1.683148e-01	4.531893e+00	1.620899e+01	4.345392e+00	-7.348525e+01	3.171493e+01	242
8.058600e+04	1.478515e+01	2.000038e+01	1.688390e-01	4.544209e+00	1.622398e+01	4.356910e+00	-7.348525e+01	3.171562e+01	243
8.091900e+04	1.478014e+01	2.000038e+01	1.693624e-01	4.556502e+00	1.623893e+01	4.368405e+00	-7.348525e+01	3.171631e+01	244
8.125200e+04	1.478014e+01	2.000038e+01	1.698851e-01	4.568772e+00	1.625381e+01	4.379879e+00	-7.348525e+01	3.171699e+01	245
8.158500e+04	1.477514e+01	2.000038e+01	1.704071e-01	4.581018e+00	1.626865e+01	4.391331e+00	-7.348525e+01	3.171767e+01	246
8.191800e+04	1.477514e+01	2.000038e+01	1.709282e-01	4.593241e+00	1.628343e+01	4.402761e+00	-7.348525e+01	3.171835e+01	247
8.225100e+04	1.477014e+01	2.000038e+01	1.714487e-01	4.605441e+00	1.629816e+01	4.414170e+00	-7.348525e+01	3.171903e+01	248
8.258400e+04	1.477014e+01	2.000038e+01	1.719684e-01	4.617617e+00	1.631283e+01	4.425557e+00	-7.348525e+01	3.171971e+01	249
8.291700e+04	1.477014e+01	2.000038e+01	1.724873e-01	4.629770e+00	1.632746e+01	4.436922e+00	-7.348525e+01	3.172038e+01	250
8.325000e+04	1.476514e+01	2.000038e+01	1.730055e-01	4.641900e+00	1.634203e+01	4.448266e+00	-7.348525e+01	3.172105e+01	251
8.358300e+04	1.476514e+01	2.000038e+01	1.735230e-01	4.654007e+00	1.635655e+01	4.459588e+00	-7.348525e+01	3.172173e+01	252
8.391600e+04	1.476014e+01	2.000038e+01	1.740397e-01	4.666091e+00	1.637102e+01	4.470889e+00	-7.348525e+01	3.172239e+01	253
8.424900e+04	1.476014e+01	2.000038e+01	1.745556e-01	4.678151e+00	1.638544e+01	4.482168e+00	-7.348525e+01	3.172306e+01	254
8.458200e+04	1.475514e+01	2.000038e+01	1.750708e-01	4.690189e+00	1.639981e+01	4.493426e+00	-7.348525e+01	3.172373e+01	255
8.491500e+04	1.475514e+01	2.000038e+01	1.755853e-01	4.702204e+00	1.641412e+01	4.504662e+00	-7.348525e+01	3.172439e+01	256
8.524800e+04	1.475514e+01	2.000038e+01	1.760990e-01	4.714196e+00	1.642839e+01	4.515877e+00	-7.348525e+01	3.172505e+01	257
8.558100e+04	1.475014e+01	2.000038e+01	1.766120e-01	4.726165e+00	1.644260e+01	4.527071e+00	-7.348525e+01	3.172571e+01	258
8.591400e+04	1.475014e+01	2.000038e+01	1.771242e-01	4.738112e+00	1.645677e+01	4.538244e+00	-7.348525e+01	3.172637e+01	259
8.624700e+04	1.474514e+01	2.000038e+01	1.776356e-01	4.750036e+00	1.647089e+01	4.549395e+00	-7.348525e+01	3.172703e+01	260
8.658000e+04	1.474514e+01	2.000038e+01	1.781463e-01	4.761937e+00	1.648496e+01	4.560525e+00	-7.348525e+01	3.172768e+01	261
8.691300e+04	1.474514e+01	2.000038e+01	1.786563e-01	4.773815e+00	1.649898e+01	4.571634e+00	-7.348525e+01	3.172834e+01	262
8.724600e+04	1.474014e+01	2.000038e+01	1.791655e-01	4.785671e+00	1.651295e+01	4.582722e+00	-7.348525e+01	3.172899e+01	263
8.757900e+04	1.474014e+01	2.000038e+01	1.796740e-01	4.797504e+00	1.652687e+01	4.593789e+00	-7.348525e+01	3.172964e+01	264
8.791200e+04	1.473514e+01	2.000038e+01	1.801817e-01	4.809315e+00	1.654074e+01	4.604835e+00	-7.348525e+01	3.173029e+01	265
8.824500e+04	1.473514e+01	2.000038e+01	1.806886e-01	4.821103e+00	1.655457e+01	4.615861e+00	-7.348525e+01	3.173093e+01	266
8.857800e+04	1.473514e+01	2.000038e+01	1.811949e-01	4.832869e+00	1.656835e+01	4.626865e+00	-7.348525e+01	3.173158e+01	267
8.891100e+04	1.473014e+01	2.000038e+01	1.817003e-01	4.844613e+00	1.658208e+01	4.637848e+00	-7.348525e+01	3.173222e+01	268
8.924400e+04	1.473014e+01	2.000038e+01	1.822050e-01	4.856334e+00	1.659576e+01	4.648810e+00	-7.348525e+01	3.173286e+01	269
8.957700e+04	1.473014e+01	2.000038e+01	1.827090e-01	4.868033e+00	1.660940e+01	4.659752e+00	-7.348525e+01	3.173350e+01	270
8.991000e+04	1.472514e+01	2.000038e+01	1.832122e-01	4.879710e+00	1.662299e+01	4.670673e+00	-7.348525e+01	3.173414e+01	271
9.024300e+04	1.472514e+01	2.000038e+01	1.837147e-01	4.891365e+00	1.663654e+01	4.681573e+00	-7.348525e+01	3.173477e+01	272
9.057600e+04	1.472014e+01	2.000038e+01	1.842164e-01	4.902997e+00	1.665004e+01	4.692453e+00	-7.348525e+01	3.173540e+01	273
9.090900e+04	1.472014e+01	2.000038e+01	1.847173e-01	4.914608e+00	1.666349e+01	4.703312e+00	-7.348525e+01	3.173604e+01	274
9.124200e+04	1.472014e+01	2.000038e+01	1.852175e-01	4.926196e+00	1.667690e+01	4.714150e+00	-7.348525e+01	3.173667e+01	275
9.157500e+04	1.471514e+01	2.000038e+01	1.857170e-01	4.937762e+00	1.669026e+01	4.724968e+00	-7.348525e+01	3.173729e+01	276
9.190800e+04	1.471514e+01	2.000038e+01	1.862157e-01	4.949307e+00	1.670357e+01	4.735765e+00	-7.348525e+01	3.173792e+01	277
9.224100e+04	1.471514e+01	2.000038e+01	1.867137e-01	4.960830e+00	1.671685e+01	4.746542e+00	-7.348525e+01	3.173854e+01	278
9.257400e+04	1.471014e+01	2.000038e+01	1.872109e-01	4.972330e+00	1.673007e+01	4.757299e+00	-7.348525e+01	3.173917e+01	279
9.290700e+04	1.471014e+01	2.000038e+01	1.877074e-01	4.983809e+00	1.674326e+01	4.768035e+00	-7.348525e+01	3.173979e+01	280
9.324000e+04	1.471014e+01	2.000038e+01	1.882031e-01	4.995267e+00	1.675639e+01	4.778751e+00	-7.348525e+01	3.174041e+01	281
9.357300e+04	1.470514e+01	2.000038e+01	1.886980e-01	5.006702e+00	1.676949e+01	4.789446e+00	-7.348525e+01	3.174102e+01	282
9.390600e+04	1.470514e+01	2.000038e+01	1.891923e-01	5.018116e+00	1.678254e+01	4.800121e+00	-7.348525e+01	3.174164e+01	283
9.423900e+04	1.470514e+01	2.000038e+01	1.896857e-01	5.029508e+00	1.679555e+01	4.810776e+00	-7.348525e+01	3.174225e+01	284
9.457200e+04	1.470014e+01	2.000038e+01	1.901784e-01	5.040879e+00	1.680851e+01	4.821411e+00	-7.348525e+01	3.174287e+01	285
9.490500e+04	1.470014e+01	2.000038e+01	1.906704e-01	5.052228e+00	1.682143e+01	4.832026e+00	-7.348525e+01	3.174348e+01	286
9.523800e+04	1.470014e+01	2.000038e+01	1.911616e-01	5.063556e+00	1.683431e+01	4.842621e+00	-7.348525e+01	3.174408e+01	287
9.557100e+04	1.469513e+01	2.000038e+01	1.916521e-01	5.074862e+00	1.684714e+01	4.853195e+00	-7.348525e+01	3.174469e+01	288
9.590400e+04	1.469513e+01	2.000038e+01	1.921418e-01	5.086147e+00	1.685994e+01	4.863750e+00	-7.348525e+01	3.174530e+01	289
9.623700e+04	1.469513e+01	2.000038e+01	1.926308e-01	5.097411e+00	1.687269e+01	4.874284e+00	-7.348525e+01	3.174590e+01	290
9.657000e+04	1.469013e+01	2.000038e+01	1.931191e-01	5.108653e+00	1.688540e+01	4.884799e+00	-7.348525e+01	3.174650e+01	291
9.690300e+04	1.469013e+01	2.000038e+01	1.936066e-01	5.119874e+00	1.689806e+01	4.895294e+00	-7.348525e+01	3.174710e+01	292
9.723600e+04	1.469013e+01	2.000038e+01	1.940933e-01	5.131074e+00	1.691069e+01	4.905769e+00	-7.348525e+01	3.174770e+01	293
9.756900e+04	1.469013e+01	2.000038e+01	1.945793e-01	5.142253e+00	1.692327e+01	4.916224e+00	-7.348525e+01	3.174829e+01	294
9.790200e+04	1.468513e+01	2.000038e+01	1.950645e-01	5.153410e+00	1.693581e+01	4.926660e+00	-7.348525e+01	3.174889e+01	295
9.823500e+04	1.468513e+01	2.000038e+01	1.955491e-01	5.164547e+00	1.694832e+01	4.937075e+00	-7.348525e+01	3.174948e+01	296
9.856800e+04	1.468513e+01	2.000038e+01	1.960328e-01	5.175662e+00	1.696078e+01	4.947471e+00	-7.348525e+01	3.175007e+01	297
9.890100e+04	1.468013e+01	2.000038e+01	1.965158e-01	5.186757e+00	1.697320e+01	4.957848e+00	-7.348525e+01	3.175066e+01	298
9.923400e+04	1.468013e+01	2.000038e+01	1.969981e-01	5.197830e+00	1.698558e+01	4.968205e+00	-7.348525e+01	3.175125e+01	299
9.956700e+04	1.468013e+01	2.000038e+01	1.974796e-01	5.208883e+00	1.699792e+01	4.978542e+00	-7.348525e+01	3.175183e+01	300
9.990000e+04	1.468013e+01	2.000038e+01	1.979604e-01	5.219915e+00	1.701022e+01	4.988860e+00	-7.348525e+01	3.175242e+01	301
1.002330e+05	1.467513e+01	2.000038e+01	1.984405e-01	5.230926e+00	1.702248e+01	4.999158e+00	-7.348525e+01	3.175300e+01	302
1.005660e+05	1.467513e+01	2.000038e+01	1.989198e-01	5.241916e+00	1.703470e+01	5.009437e+00	-7.348525e+01	3.175358e+01	303
1.008990e+05	1.467513e+01	2.000038e+01	1.993983e-01	5.252886e+00	1.704688e+01	5.019696e+00	-7.348525e+01	3.175416e+01	304
1.012320e+05	1.467013e+01	2.000038e+01	1.998761e-01	5.263834e+00	1.705902e+01	5.029937e+00	-7.348525e+01	3.175474e+01	305
1.015650e+05	1.467013e+01	2.000038e+01	2.003532e-01	5.274763e+00	1.707113e+01	5.040157e+00	-7.348525e+01	3.175531e+01	306
1.018980e+05	1.467013e+01	2.000038e+01	2.008296e-01	5.285670e+00	1.708319e+01	5.050359e+00	-7.348525e+01	3.175588e+01	307
1.022310e+05	1.467013e+01	2.000038e+01	2.013051e-01	5.296558e+00	1.709522e+01	5.060541e+00	-7.348525e+01	3.175646e+01	308
1.025640e+05	1.466513e+01	2.000038e+01	2.017800e-01	5.307424e+00	1.710720e+01	5.070704e+00	-7.348525e+01	3.175703e+01	309
1.028970e+05	1.466513e+01	2.000038e+01	2.022541e-01	5.318270e+00	1.711915e+01	5.080848e+00	-7.348525e+01	3.175760e+01	310
1.032300e+05	1.466513e+01	2.000038e+01	2.027275e-01	5.329096e+00	1.713106e+01	5.090973e+00	-7.348525e+01	3.175816e+01	311
1.035630e+05	1.466513e+01	2.000038e+01	2.032001e-01	5.339902e+00	1.714294e+01	5.101079e+00	-7.348525e+01	3.175873e+01	312
1.038960e+05	1.466013e+01	2.000038e+01	2.036720e-01	5.350687e+00	1.715477e+01	5.111166e+00	-7.348525e+01	3.175929e+01	313
1.042290e+05	1.466013e+01	2.000038e+01	2.041432e-01	5.361452e+00	1.716657e+01	5.121233e+00	-7.348525e+01	3.175985e+01	314
1.045620e+05	1.466013e+01	2.000039e+01	2.046136e-01	5.372196e+00	1.717833e+01	5.131282e+00	-7.348525e+01	3.176041e+01	315
1.048950e+05	1.465513e+01	2.000039e+01	2.050833e-01	5.382921e+00	1.719006e+01	5.141312e+00	-7.348525e+01	3.176097e+01	316
1.052280e+05	1.465513e+01	2.000039e+01	2.055522e-01	5.393625e+00	1.720174e+01	5.151323e+00	-7.348525e+01	3.176153e+01	317
1.055610e+05	1.465513e+01	2.000039e+01	2.060205e-01	5.404309e+00	1.721339e+01	5.161315e+00	-7.348525e+01	3.176208e+01	318
1.058940e+05	1.465513e+01	2.000039e+01	2.064879e-01	5.414974e+00	1.722501e+01	5.171289e+00	-7.348525e+01	3.176264e+01	319
1.062270e+05	1.465013e+01	2.000039e+01	2.069547e-01	5.425618e+00	1.723658e+01	5.181243e+00	-7.348525e+01	3.176319e+01	320
1.065600e+05	1.465013e+01	2.000039e+01	2.074207e-01	5.436242e+00	1.724812e+01	5.191179e+00	-7.348525e+01	3.176374e+01	321
1.068930e+05	1.465013e+01	2.000039e+01	2.078860e-01	5.446846e+00	1.725963e+01	5.201097e+00	-7.348525e+01	3.176429e+01	322
1.072260e+05	1.465013e+01	2.000039e+01	2.083505e-01	5.457430e+00	1.727110e+01	5.210995e+00	-7.348525e+01	3.176483e+01	323
1.075590e+05	1.465013e+01	2.000039e+01	2.088143e-01	5.467995e+00	1.728253e+01	5.220875e+00	-7.348525e+01	3.176538e+01	324
1.078920e+05	1.464513e+01	2.000039e+01	2.092774e-01	5.478540e+00	1.729393e+01	5.230737e+00	-7.348525e+01	3.176592e+01	325
1.082250e+05	1.464513e+01	2.000039e+01	2.097397e-01	5.489065e+00	1.730529e+01	5.240580e+00	-7.348525e+01	3.176646e+01	326
1.085580e+05	1.464513e+01	2.000039e+01	2.102014e-01	5.499570e+00	1.731661e+01	5.250404e+00	-7.348525e+01	3.176700e+01	327
1.088910e+05	1.464513e+01	2.000039e+01	2.106622e-01	5.510055e+00	1.732791e+01	5.260210e+00	-7.348525e+01	3.176754e+01	328
1.092240e+05	1.464013e+01	2.000039e+01	2.111224e-01	5.520521e+00	1.733916e+01	5.269998e+00	-7.348525e+01	3.176808e+01	329
1.095570e+05	1.464013e+01	2.000039e+01	2.115818e-01	5.530968e+00	1.735039e+01	5.279767e+00	-7.348525e+01	3.176861e+01	330
1.098900e+05	1.464013e+01	2.000039e+01	2.120405e-01	5.541395e+00	1.736157e+01	5.289518e+00	-7.348525e+01	3.176915e+01	331
1.102230e+05	1.464013e+01	2.000039e+01	2.124985e-01	5.551802e+00	1.737273e+01	5.299251e+00	-7.348525e+01	3.176968e+01	332
1.105560e+05	1.463513e+01	2.000039e+01	2.129557e-01	5.562190e+00	1.738384e+01	5.308965e+00	-7.348525e+01	3.177021e+01	333
1.108890e+05	1.463513e+01	2.000039e+01	2.134123e-01	5.572558e+00	1.739493e+01	5.318661e+00	-7.348525e+01	3.177074e+01	334
1.112220e+05	1.463513e+01	2.000039e+01	2.138681e-01	5.582907e+00	1.740598e+01	5.328339e+00	-7.348525e+01	3.177126e+01	335
1.115550e+05	1.463513e+01	2.000039e+01	2.143231e-01	5.593237e+00	1.741700e+01	5.337999e+00	-7.348525e+01	3.177179e+01	336
1.118880e+05	1.463513e+01	2.000039e+01	2.147775e-01	5.603547e+00	1.742798e+01	5.347641e+00	-7.348525e+01	3.177231e+01	337
1.122210e+05	1.463013e+01	2.000039e+01	2.152311e-01	5.613838e+00	1.743893e+01	5.357265e+00	-7.348525e+01	3.177284e+01	338
1.125540e+05	1.463013e+01	2.000039e+01	2.156840e-01	5.624110e+00	1.744984e+01	5.366870e+00	-7.348525e+01	3.177336e+01	339
1.128870e+05	1.463013e+01	2.000039e+01	2.161361e-01	5.634363e+00	1.746073e+01	5.376458e+00	-7.348525e+01	3.177388e+01	340
1.132200e+05	1.463013e+01	2.000039e+01	2.165876e-01	5.644597e+00	1.747158e+01	5.386028e+00	-7.348525e+01	3.177439e+01	341
1.135530e+05	1.463013e+01	2.000039e+01	2.170383e-01	5.654811e+00	1.748240e+01	5.395580e+00	-7.348525e+01	3.177491e+01	342
1.138860e+05	1.462513e+01	2.000039e+01	2.174883e-01	5.665007e+00	1.749318e+01	5.405114e+00	-7.348525e+01	3.177543e+01	343
1.142190e+05	1.462513e+01	2.000039e+01	2.179376e-01	5.675183e+00	1.750393e+01	5.414630e+00	-7.348525e+01	3.177594e+01	344
1.145520e+05	1.462513e+01	2.000039e+01	2.183862e-01	5.685341e+00	1.751465e+01	5.424129e+00	-7.348525e+01	3.177645e+01	345
1.148850e+05	1.462513e+01	2.000039e+01	2.188340e-01	5.695479e+00	1.752534e+01	5.433609e+00	-7.348525e+01	3.177696e+01	346
1.152180e+05	1.462013e+01	2.000039e+01	2.192812e-01	5.705599e+00	1.753599e+01	5.443072e+00	-7.348525e+01	3.177747e+01	347
1.155510e+05	1.462013e+01	2.000039e+01	2.197276e-01	5.715700e+00	1.754662e+01	5.452518e+00	-7.348525e+01	3.177797e+01	348
1.158840e+05	1.462013e+01	2.000039e+01	2.201733e-01	5.725782e+00	1.755721e+01	5.461945e+00	-7.348525e+01	3.177848e+01	349
1.162170e+05	1.462013e+01	2.000039e+01	2.206183e-01	5.735845e+00	1.756777e+01	5.471355e+00	-7.348525e+01	3.177898e+01	350
1.165500e+05	1.462013e+01	2.000039e+01	2.210625e-01	5.745890e+00	1.757829e+01	5.480748e+00	-7.348525e+01	3.177949e+01	351
1.168830e+05	1.462013e+01	2.000039e+01	2.215061e-01	5.755915e+00	1.758879e+01	5.490123e+00	-7.348525e+01	3.177999e+01	352
1.172160e+05	1.461512e+01	2.000039e+01	2.219489e-01	5.765923e+00	1.759926e+01	5.499480e+00	-7.348525e+01	3.178049e+01	353
1.175490e+05	1.461512e+01	2.000039e+01	2.223910e-01	5.775911e+00	1.760969e+01	5.508820e+00	-7.348525e+01	3.178098e+01	354
1.178820e+05	1.461512e+01	2.000039e+01	2.228324e-01	5.785881e+00	1.762009e+01	5.518143e+00	-7.348525e+01	3.178148e+01	355
1.182150e+05	1.461512e+01	2.000039e+01	2.232731e-01	5.795833e+00	1.763046e+01	5.527448e+00	-7.348525e+01	3.178197e+01	356
1.185480e+05	1.461512e+01	2.000039e+01	2.237131e-01	5.805766e+00	1.764081e+01	5.536736e+00	-7.348525e+01	3.178247e+01	357
1.188810e+05	1.461012e+01	2.000039e+01	2.241524e-01	5.815680e+00	1.765112e+01	5.546007e+00	-7.348525e+01	3.178296e+01	358
1.192140e+05	1.461012e+01	2.000039e+01	2.245910e-01	5.825577e+00	1.766140e+01	5.555260e+00	-7.348525e+01	3.178345e+01	359
1.195470e+05	1.461012e+01	2.000039e+01	2.250288e-01	5.835454e+00	1.767165e+01	5.564496e+00	-7.348525e+01	3.178394e+01	360
1.198800e+05	1.461012e+01	2.000039e+01	2.254660e-01	5.845314e+00	1.768187e+01	5.573715e+00	-7.348525e+01	3.178442e+01	361
1.200000e+05	1.461012e+01	2.000039e+01	2.259024e-01	5.854853e+00	1.768323e+01	5.620035e-03	-7.348525e+01	3.178491e+01	361
