0.000000e+00	0.000000e+00	0.000000e+00	-2.000000e+03	2.500000e-01	1.000000e+01	2.073800e-01	1.000000e+00	0.000000e+00	1
1.000000e+03	7.850260e+01	3.093179e+02	6.935653e-02	2.444897e-01	1.000696e+01	1.515012e-01	-7.735597e+01	1.083244e+02	2
2.000000e+03	1.403563e+02	3.982723e+02	6.181408e-02	2.334472e-01	1.001823e+01	1.443736e-01	-7.754256e+01	1.196946e+02	3
3.000000e+03	7.761592e+01	3.989182e+02	3.554028e-02	2.207142e-01	1.001812e+01	1.354281e-01	-7.776873e+01	1.198992e+02	4
4.000000e+03	6.243252e+01	3.995661e+02	2.818515e-02	2.104857e-01	1.001171e+01	1.279751e-01	-7.792643e+01	1.200620e+02	5
5.000000e+03	5.807014e+01	4.001269e+02	2.500764e-02	2.022864e-01	1.000177e+01	1.220758e-01	-7.803557e+01	1.201857e+02	6
6.000000e+03	5.612905e+01	4.002365e+02	2.303430e-02	1.955576e-01	9.989474e+00	1.174187e-01	-7.811222e+01	1.202790e+02	7
7.000000e+03	5.503840e+01	4.005874e+02	2.167676e-02	1.899186e-01	9.975534e+00	1.136844e-01	-7.816724e+01	1.203461e+02	8
8.000000e+03	5.433297e+01	4.006769e+02	2.069514e-02	1.851120e-01	9.960398e+00	1.106235e-01	-7.820760e+01	1.203935e+02	9
9.000000e+03	5.383765e+01	4.005781e+02	1.995640e-02	1.809571e-01	9.944370e+00	1.080582e-01	-7.823774e+01	1.204288e+02	10
1.000000e+04	5.347241e+01	4.009301e+02	1.938052e-02	1.773218e-01	9.927661e+00	1.058646e-01	-7.826055e+01	1.204548e+02	11
1.100000e+04	5.320222e+01	4.009024e+02	1.891795e-02	1.741073e-01	9.910421e+00	1.039562e-01	-7.827794e+01	1.204752e+02	12
1.200000e+04	5.299207e+01	4.008220e+02	1.853704e-02	1.712378e-01	9.892764e+00	1.022713e-01	-7.829123e+01	1.204922e+02	13
1.300000e+04	5.284195e+01	4.010752e+02	1.821669e-02	1.686545e-01	9.874774e+00	1.007650e-01	-7.830133e+01	1.205063e+02	14
1.400000e+04	5.272685e+01	4.012080e+02	1.794273e-02	1.663106e-01	9.856517e+00	9.940384e-02	-7.830890e+01	1.205187e+02	15
1.500000e+04	5.265177e+01	4.012853e+02	1.770530e-02	1.641688e-01	9.838044e+00	9.816236e-02	-7.831443e+01	1.205299e+02	16
1.600000e+04	5.260671e+01	4.013418e+02	1.749720e-02	1.621990e-01	9.819399e+00	9.702083e-02	-7.831831e+01	1.205404e+02	17
1.700000e+04	5.258165e+01	4.013945e+02	1.731302e-02	1.603765e-01	9.800614e+00	9.596367e-02	-7.832081e+01	1.205505e+02	18
1.800000e+04	5.258161e+01	4.014504e+02	1.714862e-02	1.586809e-01	9.781717e+00	9.497840e-02	-7.832216e+01	1.205603e+02	19
1.900000e+04	5.260157e+01	4.015105e+02	1.700077e-02	1.570954e-01	9.762733e+00	9.405488e-02	-7.832254e+01	1.205699e+02	20
2.000000e+04	5.263655e+01	4.015726e+02	1.686692e-02	1.556057e-01	9.743680e+00	9.318480e-02	-7.832254e+01	1.205794e+02	21
2.100000e+04	5.268653e+01	4.016328e+02	1.674499e-02	1.542000e-01	9.724575e+00	9.236125e-02	-7.832254e+01	1.205889e+02	22
2.200000e+04	5.274651e+01	4.016865e+02	1.663329e-02	1.528680e-01	9.705433e+00	9.157845e-02	-7.832254e+01	1.205984e+02	23
2.300000e+04	5.282150e+01	4.017285e+02	1.653041e-02	1.516012e-01	9.686264e+00	9.083155e-02	-7.832254e+01	1.206080e+02	24
2.400000e+04	5.290149e+01	4.017541e+02	1.643518e-02	1.503921e-01	9.667081e+00	9.011639e-02	-7.832254e+01	1.206175e+02	25
2.500000e+04	5.299649e+01	4.017586e+02	1.634658e-02	1.492344e-01	9.647891e+00	8.942945e-02	-7.832254e+01	1.206272e+02	26
2.600000e+04	5.309148e+01	4.017377e+02	1.626377e-02	1.481225e-01	9.628703e+00	8.876769e-02	-7.832254e+01	1.206372e+02	27
2.700000e+04	5.320149e+01	4.016878e+02	1.618599e-02	1.470517e-01	9.609524e+00	8.812850e-02	-7.832254e+01	1.206472e+02	28
2.800000e+04	5.331649e+01	4.017225e+02	1.611264e-02	1.460177e-01	9.590359e+00	8.750959e-02	-7.832254e+01	1.206572e+02	29
2.900000e+04	5.343149e+01	4.018918e+02	1.604319e-02	1.450170e-01	9.571214e+00	8.690900e-02	-7.832254e+01	1.206671e+02	30
3.000000e+04	5.355150e+01	4.020324e+02	1.597721e-02	1.440464e-01	9.552094e+00	8.632500e-02	-7.832254e+01	1.206771e+02	31
3.100000e+04	5.368151e+01	4.021410e+02	1.591433e-02	1.431031e-01	9.533002e+00	8.575608e-02	-7.832254e+01	1.206869e+02	32
3.200000e+04	5.380652e+01	4.022144e+02	1.585423e-02	1.421845e-01	9.513943e+00	8.520093e-02	-7.832254e+01	1.206967e+02	33
3.300000e+04	5.394153e+01	4.022499e+02	1.579661e-02	1.412886e-01	9.494918e+00	8.465838e-02	-7.832254e+01	1.207065e+02	34
3.400000e+04	5.407654e+01	4.022453e+02	1.574119e-02	1.404135e-01	9.475933e+00	8.412739e-02	-7.832254e+01	1.207162e+02	35
3.500000e+04	5.421655e+01	4.021987e+02	1.568768e-02	1.395574e-01	9.456988e+00	8.360705e-02	-7.832254e+01	1.207262e+02	36
3.600000e+04	5.435656e+01	4.021085e+02	1.563585e-02	1.387188e-01	9.438086e+00	8.309655e-02	-7.832254e+01	1.207362e+02	37
3.700000e+04	5.450157e+01	4.022405e+02	1.558554e-02	1.378963e-01	9.419229e+00	8.259516e-02	-7.832254e+01	1.207461e+02	38
3.800000e+04	5.464659e+01	4.024078e+02	1.553662e-02	1.370888e-01	9.400419e+00	8.210224e-02	-7.832254e+01	1.207560e+02	39
3.900000e+04	5.479160e+01	4.025301e+02	1.548900e-02	1.362952e-01	9.381658e+00	8.161722e-02	-7.832254e+01	1.207657e+02	40
4.000000e+04	5.493661e+01	4.026059e+02	1.544260e-02	1.355145e-01	9.362947e+00	8.113960e-02	-7.832254e+01	1.207752e+02	41
4.100000e+04	5.508663e+01	4.026345e+02	1.539732e-02	1.347460e-01	9.344286e+00	8.066892e-02	-7.832254e+01	1.207847e+02	42
4.200000e+04	5.523664e+01	4.026151e+02	1.535301e-02	1.339888e-01	9.325678e+00	8.020478e-02	-7.832254e+01	1.207941e+02	43
4.300000e+04	5.538665e+01	4.025471e+02	1.530952e-02	1.332423e-01	9.307124e+00	7.974680e-02	-7.832254e+01	1.208034e+02	44
4.400000e+04	5.554167e+01	4.024685e+02	1.526678e-02	1.325057e-01	9.288623e+00	7.929465e-02	-7.832254e+01	1.208131e+02	45
4.500000e+04	5.569168e+01	4.026690e+02	1.522473e-02	1.317787e-01	9.270178e+00	7.884801e-02	-7.832254e+01	1.208226e+02	46
4.600000e+04	5.584169e+01	4.028195e+02	1.518338e-02	1.310606e-01	9.251789e+00	7.840664e-02	-7.832254e+01	1.208320e+02	47
4.700000e+04	5.599670e+01	4.029197e+02	1.514273e-02	1.303511e-01	9.233455e+00	7.797029e-02	-7.832254e+01	1.208412e+02	48
4.800000e+04	5.615172e+01	4.029691e+02	1.510273e-02	1.296497e-01	9.215179e+00	7.753874e-02	-7.832254e+01	1.208503e+02	49
4.900000e+04	5.630173e+01	4.029677e+02	1.506333e-02	1.289561e-01	9.196961e+00	7.711181e-02	-7.832254e+01	1.208593e+02	50
5.000000e+04	5.645674e+01	4.029155e+02	1.502440e-02	1.282700e-01	9.178800e+00	7.668929e-02	-7.832254e+01	1.208682e+02	51
5.100000e+04	5.661175e+01	4.028148e+02	1.498590e-02	1.275909e-01	9.160697e+00	7.627103e-02	-7.832254e+01	1.208769e+02	52
5.200000e+04	5.677176e+01	4.029251e+02	1.494780e-02	1.269187e-01	9.142654e+00	7.585687e-02	-7.832254e+01	1.208859e+02	53
5.300000e+04	5.692678e+01	4.030936e+02	1.491014e-02	1.262531e-01	9.124669e+00	7.544668e-02	-7.832254e+01	1.208949e+02	54
5.400000e+04	5.708179e+01	4.032100e+02	1.487293e-02	1.255939e-01	9.106743e+00	7.504033e-02	-7.832254e+01	1.209037e+02	55
5.500000e+04	5.723680e+01	4.032743e+02	1.483620e-02	1.249409e-01	9.088877e+00	7.463772e-02	-7.832254e+01	1.209125e+02	56
5.600000e+04	5.739181e+01	4.032869e+02	1.479989e-02	1.242939e-01	9.071071e+00	7.423875e-02	-7.832254e+01	1.209211e+02	57
5.700000e+04	5.754682e+01	4.032480e+02	1.476392e-02	1.236527e-01	9.053325e+00	7.384332e-02	-7.832254e+01	1.209295e+02	58
5.800000e+04	5.770683e+01	4.031578e+02	1.472823e-02	1.230172e-01	9.035639e+00	7.345133e-02	-7.832254e+01	1.209378e+02	59
5.900000e+04	5.786684e+01	4.031661e+02	1.469281e-02	1.223871e-01	9.018013e+00	7.306269e-02	-7.832254e+01	1.209459e+02	60
6.000000e+04	5.802185e+01	4.033484e+02	1.465772e-02	1.217625e-01	9.000447e+00	7.267734e-02	-7.832254e+01	1.209542e+02	61
6.100000e+04	5.817686e+01	4.034780e+02	1.462298e-02	1.211431e-01	8.982942e+00	7.229521e-02	-7.832254e+01	1.209627e+02	62
6.200000e+04	5.833687e+01	4.035559e+02	1.458863e-02	1.205288e-01	8.965498e+00	7.191624e-02	-7.832254e+01	1.209710e+02	63
6.300000e+04	5.849187e+01	4.035817e+02	1.455463e-02	1.199197e-01	8.948114e+00	7.154038e-02	-7.832254e+01	1.209792e+02	64
6.400000e+04	5.865188e+01	4.035560e+02	1.452090e-02	1.193154e-01	8.930790e+00	7.116756e-02	-7.832254e+01	1.209872e+02	65
6.500000e+04	5.880689e+01	4.034792e+02	1.448739e-02	1.187161e-01	8.913528e+00	7.079772e-02	-7.832254e+01	1.209951e+02	66
6.600000e+04	5.896690e+01	4.033831e+02	1.445410e-02	1.181215e-01	8.896326e+00	7.043082e-02	-7.832254e+01	1.210029e+02	67
6.700000e+04	5.912691e+01	4.035787e+02	1.442108e-02	1.175315e-01	8.879185e+00	7.006681e-02	-7.832254e+01	1.210105e+02	68
6.800000e+04	5.928191e+01	4.037221e+02	1.438836e-02	1.169462e-01	8.862104e+00	6.970565e-02	-7.832254e+01	1.210181e+02	69
6.900000e+04	5.943692e+01	4.038137e+02	1.435599e-02	1.163655e-01	8.845085e+00	6.934730e-02	-7.832254e+01	1.210260e+02	70
7.000000e+04	5.959693e+01	4.038539e+02	1.432393e-02	1.157892e-01	8.828126e+00	6.899174e-02	-7.832254e+01	1.210338e+02	71
7.100000e+04	5.975694e+01	4.038429e+02	1.429213e-02	1.152174e-01	8.811227e+00	6.863892e-02	-7.832254e+01	1.210415e+02	72
7.200000e+04	5.991194e+01	4.037814e+02	1.426052e-02	1.146500e-01	8.794390e+00	6.828880e-02	-7.832254e+01	1.210490e+02	73
7.300000e+04	6.006695e+01	4.036697e+02	1.422910e-02	1.140868e-01	8.777613e+00	6.794134e-02	-7.832254e+01	1.210564e+02	74
7.400000e+04	6.023195e+01	4.037801e+02	1.419792e-02	1.135279e-01	8.760897e+00	6.759652e-02	-7.832254e+01	1.210636e+02	75
7.500000e+04	6.038696e+01	4.039387e+02	1.416701e-02	1.129732e-01	8.744241e+00	6.725431e-02	-7.832254e+01	1.210707e+02	76
7.600000e+04	6.054696e+01	4.040460e+02	1.413643e-02	1.124227e-01	8.727646e+00	6.691468e-02	-7.832254e+01	1.210777e+02	77
7.700000e+04	6.070697e+01	4.041024e+02	1.410615e-02	1.118764e-01	8.711112e+00	6.657762e-02	-7.832254e+01	1.210850e+02	78
7.800000e+04	6.086197e+01	4.041084e+02	1.407612e-02	1.113341e-01	8.694637e+00	6.624309e-02	-7.832254e+01	1.210923e+02	79
7.900000e+04	6.102198e+01	4.040644e+02	1.404627e-02	1.107959e-01	8.678224e+00	6.591107e-02	-7.832254e+01	1.210995e+02	80
8.000000e+04	6.118198e+01	4.039709e+02	1.401660e-02	1.102616e-01	8.661870e+00	6.558152e-02	-7.832254e+01	1.211065e+02	81
8.100000e+04	6.134199e+01	4.039480e+02	1.398714e-02	1.097313e-01	8.645577e+00	6.525442e-02	-7.832254e+01	1.211134e+02	82
8.200000e+04	6.150199e+01	4.041239e+02	1.395794e-02	1.092050e-01	8.629345e+00	6.492976e-02	-7.832254e+01	1.211201e+02	83
8.300000e+04	6.166200e+01	4.042493e+02	1.392905e-02	1.086825e-01	8.613172e+00	6.460751e-02	-7.832254e+01	1.211267e+02	84
8.400000e+04	6.181700e+01	4.043245e+02	1.390047e-02	1.081639e-01	8.597059e+00	6.428766e-02	-7.832254e+01	1.211333e+02	85
8.500000e+04	6.197700e+01	4.043499e+02	1.387213e-02	1.076491e-01	8.581007e+00	6.397019e-02	-7.832254e+01	1.211399e+02	86
8.600000e+04	6.213701e+01	4.043261e+02	1.384397e-02	1.071382e-01	8.565014e+00	6.365507e-02	-7.832254e+01	1.211467e+02	87
8.700000e+04	6.229701e+01	4.042535e+02	1.381598e-02	1.066310e-01	8.549081e+00	6.334228e-02	-7.832254e+01	1.211534e+02	88
8.800000e+04	6.245201e+01	4.041326e+02	1.378818e-02	1.061275e-01	8.533208e+00	6.303179e-02	-7.832254e+01	1.211599e+02	89
8.900000e+04	6.261702e+01	4.042734e+02	1.376064e-02	1.056277e-01	8.517395e+00	6.272360e-02	-7.832254e+01	1.211663e+02	90
9.000000e+04	6.277702e+01	4.044194e+02	1.373340e-02	1.051316e-01	8.501642e+00	6.241768e-02	-7.832254e+01	1.211726e+02	91
9.100000e+04	6.293702e+01	4.045161e+02	1.370645e-02	1.046391e-01	8.485948e+00	6.211403e-02	-7.832254e+01	1.211788e+02	92
9.200000e+04	6.309703e+01	4.045637e+02	1.367976e-02	1.041503e-01	8.470313e+00	6.181263e-02	-7.832254e+01	1.211848e+02	93
9.300000e+04	6.325703e+01	4.045628e+02	1.365325e-02	1.036651e-01	8.454738e+00	6.151345e-02	-7.832254e+01	1.211907e+02	94
9.400000e+04	6.341703e+01	4.045138e+02	1.362690e-02	1.031834e-01	8.439222e+00	6.121647e-02	-7.832254e+01	1.211970e+02	95
9.500000e+04	6.357703e+01	4.044172e+02	1.360075e-02	1.027052e-01	8.423765e+00	6.092168e-02	-7.832254e+01	1.212032e+02	96
9.600000e+04	6.374204e+01	4.043820e+02	1.357483e-02	1.022306e-01	8.408368e+00	6.062906e-02	-7.832254e+01	1.212093e+02	97
9.700000e+04	6.390204e+01	4.045514e+02	1.354919e-02	1.017595e-01	8.393030e+00	6.033860e-02	-7.832254e+01	1.212153e+02	98
9.800000e+04	6.406704e+01	4.046722e+02	1.352386e-02	1.012918e-01	8.377750e+00	6.005030e-02	-7.832254e+01	1.212211e+02	99
9.900000e+04	6.422705e+01	4.047447e+02	1.349879e-02	1.008276e-01	8.362530e+00	5.976412e-02	-7.832254e+01	1.212269e+02	100
1.000000e+05	6.438705e+01	4.047695e+02	1.347390e-02	1.003668e-01	8.347368e+00	5.948006e-02	-7.832254e+01	1.212325e+02	101
1.010000e+05	6.454705e+01	4.047469e+02	1.344918e-02	9.990937e-02	8.332265e+00	5.919809e-02	-7.832254e+01	1.212379e+02	102
1.020000e+05	6.471205e+01	4.046774e+02	1.342464e-02	9.945532e-02	8.317220e+00	5.891820e-02	-7.832254e+01	1.212435e+02	103
1.030000e+05	6.487205e+01	4.045616e+02	1.340033e-02	9.900461e-02	8.302234e+00	5.864037e-02	-7.832254e+01	1.212492e+02	104
1.040000e+05	6.503706e+01	4.046392e+02	1.337629e-02	9.855722e-02	8.287307e+00	5.836459e-02	-7.832254e+01	1.212549e+02	105
1.050000e+05	6.520206e+01	4.047869e+02	1.335255e-02	9.811314e-02	8.272438e+00	5.809086e-02	-7.832254e+01	1.212604e+02	106
1.060000e+05	6.536206e+01	4.048871e+02	1.332907e-02	9.767236e-02	8.257627e+00	5.781916e-02	-7.832254e+01	1.212658e+02	107
1.070000e+05	6.552706e+01	4.049403e+02	1.330580e-02	9.723484e-02	8.242875e+00	5.754948e-02	-7.832254e+01	1.212711e+02	108
1.080000e+05	6.569207e+01	4.049469e+02	1.328269e-02	9.680055e-02	8.228180e+00	5.728179e-02	-7.832254e+01	1.212763e+02	109
1.090000e+05	6.585207e+01	4.049072e+02	1.325975e-02	9.636947e-02	8.213544e+00	5.701607e-02	-7.832254e+01	1.212814e+02	110
1.100000e+05	6.601707e+01	4.048220e+02	1.323703e-02	9.594157e-02	8.198965e+00	5.675232e-02	-7.832254e+01	1.212863e+02	111
1.110000e+05	6.618207e+01	4.046915e+02	1.321457e-02	9.551685e-02	8.184444e+00	5.649053e-02	-7.832254e+01	1.212914e+02	112
1.120000e+05	6.635208e+01	4.048534e+02	1.319241e-02	9.509528e-02	8.169981e+00	5.623069e-02	-7.832254e+01	1.212967e+02	113
1.130000e+05	6.651708e+01	4.049840e+02	1.317053e-02	9.467686e-02	8.155576e+00	5.597278e-02	-7.832254e+01	1.213018e+02	114
1.140000e+05	6.668208e+01	4.050683e+02	1.314885e-02	9.426156e-02	8.141228e+00	5.571679e-02	-7.832254e+01	1.213068e+02	115
1.150000e+05	6.684708e+01	4.051067e+02	1.312733e-02	9.384935e-02	8.126938e+00	5.546271e-02	-7.832254e+01	1.213117e+02	116
1.160000e+05	6.701209e+01	4.050996e+02	1.310597e-02	9.344020e-02	8.112705e+00	5.521051e-02	-7.832254e+01	1.213165e+02	117
1.170000e+05	6.717709e+01	4.050475e+02	1.308479e-02	9.303408e-02	8.098529e+00	5.496018e-02	-7.832254e+01	1.213211e+02	118
1.180000e+05	6.734209e+01	4.049509e+02	1.306384e-02	9.263099e-02	8.084410e+00	5.471171e-02	-7.832254e+01	1.213256e+02	119
1.190000e+05	6.751209e+01	4.048640e+02	1.304314e-02	9.223090e-02	8.070349e+00	5.446509e-02	-7.832254e+01	1.213300e+02	120
1.200000e+05	6.768210e+01	4.050276e+02	1.302275e-02	9.183381e-02	8.056345e+00	5.422032e-05	-7.832254e+01	1.213347e+02	120
