0.000000e+00	0.000000e+00	0.000000e+00	-2.000000e+03	2.500000e-01	1.000000e+01	2.073800e-01	1.000000e+00	0.000000e+00	1
2.000000e+03	7.850260e+01	3.093179e+02	8.212712e-02	2.253770e-01	1.000086e+01	1.387306e-01	-7.769646e+01	1.083244e+02	2
4.000000e+03	6.071676e+01	3.995448e+02	3.644423e-02	2.023283e-01	9.981220e+00	1.221264e-01	-7.803611e+01	1.198365e+02	3
6.000000e+03	5.404314e+01	4.002624e+02	2.755912e-02	1.872595e-01	9.949773e+00	1.119977e-01	-7.819353e+01	1.201562e+02	4
8.000000e+03	5.227709e+01	4.008410e+02	2.331760e-02	1.764208e-01	9.912711e+00	1.053843e-01	-7.827431e+01	1.202965e+02	5
1.000000e+04	5.143655e+01	4.008001e+02	2.100974e-02	1.681816e-01	9.872562e+00	1.006217e-01	-7.831964e+01	1.203628e+02	6
1.200000e+04	5.095122e+01	4.012303e+02	1.957463e-02	1.616619e-01	9.830552e+00	9.693596e-02	-7.834602e+01	1.203991e+02	7
1.400000e+04	5.067101e+01	4.011374e+02	1.858816e-02	1.563324e-01	9.787359e+00	9.393857e-02	-7.836102e+01	1.204230e+02	8
1.600000e+04	5.053586e+01	4.014574e+02	1.786306e-02	1.518548e-01	9.743401e+00	9.141182e-02	-7.836861e+01	1.204423e+02	9
1.800000e+04	5.050076e+01	4.016275e+02	1.730540e-02	1.480035e-01	9.698953e+00	8.922230e-02	-7.837111e+01	1.204604e+02	10
2.000000e+04	5.054069e+01	4.017313e+02	1.686188e-02	1.446229e-01	9.654204e+00	8.728285e-02	-7.837111e+01	1.204786e+02	11
2.200000e+04	5.064565e+01	4.017654e+02	1.649943e-02	1.416030e-01	9.609293e+00	8.553385e-02	-7.837111e+01	1.204974e+02	12
2.400000e+04	5.080063e+01	4.018091e+02	1.619622e-02	1.388642e-01	9.564319e+00	8.393306e-02	-7.837111e+01	1.205168e+02	13
2.600000e+04	5.099062e+01	4.021292e+02	1.593726e-02	1.363479e-01	9.519358e+00	8.244982e-02	-7.837111e+01	1.205368e+02	14
2.800000e+04	5.120562e+01	4.023515e+02	1.571204e-02	1.340102e-01	9.474467e+00	8.106141e-02	-7.837111e+01	1.205578e+02	15
3.000000e+04	5.144563e+01	4.024321e+02	1.551296e-02	1.318180e-01	9.429691e+00	7.975068e-02	-7.837111e+01	1.205797e+02	16
3.200000e+04	5.170564e+01	4.023383e+02	1.533410e-02	1.297459e-01	9.385063e+00	7.850452e-02	-7.837111e+01	1.206017e+02	17
3.400000e+04	5.198566e+01	4.026069e+02	1.517108e-02	1.277741e-01	9.340611e+00	7.731278e-02	-7.837111e+01	1.206236e+02	18
3.600000e+04	5.227067e+01	4.028458e+02	1.502089e-02	1.258873e-01	9.296355e+00	7.616753e-02	-7.837111e+01	1.206461e+02	19
3.800000e+04	5.256069e+01	4.028694e+02	1.488119e-02	1.240733e-01	9.252314e+00	7.506252e-02	-7.837111e+01	1.206689e+02	20
4.000000e+04	5.286571e+01	4.028045e+02	1.474973e-02	1.223224e-01	9.208500e+00	7.399275e-02	-7.837111e+01	1.206912e+02	21
4.200000e+04	5.317573e+01	4.031640e+02	1.462510e-02	1.206270e-01	9.164924e+00	7.295420e-02	-7.837111e+01	1.207131e+02	22
4.400000e+04	5.348575e+01	4.032835e+02	1.450645e-02	1.189807e-01	9.121595e+00	7.194367e-02	-7.837111e+01	1.207357e+02	23
4.600000e+04	5.380077e+01	4.031581e+02	1.439264e-02	1.173787e-01	9.078518e+00	7.095850e-02	-7.837111e+01	1.207579e+02	24
4.800000e+04	5.412078e+01	4.034401e+02	1.428279e-02	1.158166e-01	9.035701e+00	6.999652e-02	-7.837111e+01	1.207794e+02	25
5.000000e+04	5.444080e+01	4.036389e+02	1.417668e-02	1.142911e-01	8.993146e+00	6.905596e-02	-7.837111e+01	1.208007e+02	26
5.200000e+04	5.476082e+01	4.035837e+02	1.407380e-02	1.127995e-01	8.950858e+00	6.813532e-02	-7.837111e+01	1.208225e+02	27
5.400000e+04	5.509083e+01	4.036848e+02	1.397346e-02	1.113393e-01	8.908840e+00	6.723336e-02	-7.837111e+01	1.208436e+02	28
5.600000e+04	5.541585e+01	4.039540e+02	1.387570e-02	1.099086e-01	8.867092e+00	6.634902e-02	-7.837111e+01	1.208640e+02	29
5.800000e+04	5.574086e+01	4.039653e+02	1.378034e-02	1.085057e-01	8.825617e+00	6.548142e-02	-7.837111e+01	1.208847e+02	30
6.000000e+04	5.607087e+01	4.038970e+02	1.368683e-02	1.071292e-01	8.784417e+00	6.462977e-02	-7.837111e+01	1.209052e+02	31
6.200000e+04	5.640088e+01	4.042334e+02	1.359523e-02	1.057779e-01	8.743491e+00	6.379340e-02	-7.837111e+01	1.209250e+02	32
6.400000e+04	5.673089e+01	4.043110e+02	1.350560e-02	1.044507e-01	8.702841e+00	6.297176e-02	-7.837111e+01	1.209442e+02	33
6.600000e+04	5.705589e+01	4.041334e+02	1.341747e-02	1.031467e-01	8.662466e+00	6.216431e-02	-7.837111e+01	1.209641e+02	34
6.800000e+04	5.739090e+01	4.044765e+02	1.333085e-02	1.018652e-01	8.622368e+00	6.137059e-02	-7.837111e+01	1.209833e+02	35
7.000000e+04	5.772091e+01	4.046219e+02	1.324596e-02	1.006053e-01	8.582545e+00	6.059023e-02	-7.837111e+01	1.210019e+02	36
7.200000e+04	5.805091e+01	4.045133e+02	1.316239e-02	9.936638e-02	8.542998e+00	5.982283e-02	-7.837111e+01	1.210202e+02	37
7.400000e+04	5.838591e+01	4.046797e+02	1.308008e-02	9.814794e-02	8.503727e+00	5.906806e-02	-7.837111e+01	1.210388e+02	38
7.600000e+04	5.871592e+01	4.048962e+02	1.299932e-02	9.694943e-02	8.464731e+00	5.832564e-02	-7.837111e+01	1.210568e+02	39
7.800000e+04	5.904592e+01	4.048603e+02	1.291984e-02	9.577038e-02	8.426010e+00	5.759526e-02	-7.837111e+01	1.210741e+02	40
8.000000e+04	5.938092e+01	4.048386e+02	1.284144e-02	9.461029e-02	8.387564e+00	5.687666e-02	-7.837111e+01	1.210917e+02	41
8.200000e+04	5.971592e+01	4.051298e+02	1.276444e-02	9.346879e-02	8.349391e+00	5.616960e-02	-7.837111e+01	1.211090e+02	42
8.400000e+04	6.004591e+01	4.051710e+02	1.268872e-02	9.234549e-02	8.311491e+00	5.547386e-02	-7.837111e+01	1.211258e+02	43
8.600000e+04	6.038091e+01	4.049670e+02	1.261397e-02	9.124000e-02	8.273863e+00	5.478920e-02	-7.837111e+01	1.211419e+02	44
8.800000e+04	6.072091e+01	4.053174e+02	1.254049e-02	9.015199e-02	8.236508e+00	5.411542e-02	-7.837111e+01	1.211586e+02	45
9.000000e+04	6.105091e+01	4.054401e+02	1.246830e-02	8.908114e-02	8.199423e+00	5.345232e-02	-7.837111e+01	1.211748e+02	46
9.200000e+04	6.138591e+01	4.053200e+02	1.239704e-02	8.802712e-02	8.162609e+00	5.279971e-02	-7.837111e+01	1.211903e+02	47
9.400000e+04	6.172590e+01	4.054529e+02	1.232691e-02	8.698963e-02	8.126065e+00	5.215740e-02	-7.837111e+01	1.212055e+02	48
9.600000e+04	6.206590e+01	4.056617e+02	1.225808e-02	8.596840e-02	8.089789e+00	5.152523e-02	-7.837111e+01	1.212212e+02	49
9.800000e+04	6.240090e+01	4.056301e+02	1.219016e-02	8.496314e-02	8.053782e+00	5.090300e-02	-7.837111e+01	1.212362e+02	50
1.000000e+05	6.274089e+01	4.055292e+02	1.212328e-02	8.397357e-02	8.018041e+00	5.029056e-02	-7.837111e+01	1.212505e+02	51
1.020000e+05	6.308089e+01	4.058287e+02	1.205767e-02	8.299945e-02	7.982567e+00	4.968775e-02	-7.837111e+01	1.212649e+02	52
1.040000e+05	6.342089e+01	4.058904e+02	1.199300e-02	8.204051e-02	7.947358e+00	4.909440e-02	-7.837111e+01	1.212794e+02	53
1.060000e+05	6.376088e+01	4.057191e+02	1.192927e-02	8.109650e-02	7.912414e+00	4.851036e-02	-7.837111e+01	1.212932e+02	54
1.080000e+05	6.410588e+01	4.059333e+02	1.186677e-02	8.016720e-02	7.877734e+00	4.793549e-02	-7.837111e+01	1.213065e+02	55
1.100000e+05	6.445088e+01	4.060929e+02	1.180526e-02	7.925237e-02	7.843316e+00	4.736964e-02	-7.837111e+01	1.213200e+02	56
1.120000e+05	6.479088e+01	4.060219e+02	1.174454e-02	7.835176e-02	7.809161e+00	4.681265e-02	-7.837111e+01	1.213333e+02	57
1.140000e+05	6.514088e+01	4.059671e+02	1.168490e-02	7.746514e-02	7.775267e+00	4.626438e-02	-7.837111e+01	1.213461e+02	58
1.160000e+05	6.549088e+01	4.062292e+02	1.162650e-02	7.659233e-02	7.741632e+00	4.572472e-02	-7.837111e+01	1.213583e+02	59
1.180000e+05	6.583588e+01	4.062631e+02	1.156898e-02	7.573311e-02	7.708257e+00	4.519351e-02	-7.837111e+01	1.213709e+02	60
1.200000e+05	6.618588e+01	4.060735e+02	1.151227e-02	7.488723e-02	7.675141e+00	4.467062e-05	-7.837111e+01	1.213831e+02	60
