0.000000e+00	0.000000e+00	0.000000e+00	-2.000000e+03	2.500000e-01	1.000000e+01	2.073800e-01	1.000000e+00	0.000000e+00	1
5.000000e+02	1.324671e+01	1.697853e+01	5.031981e-02	2.502125e-01	1.000417e+01	1.565176e-01	-7.739699e+01	2.753178e+01	2
1.000000e+03	3.248525e+01	1.999956e+01	1.081068e-02	2.397605e-01	1.000405e+01	1.483101e-01	-7.756764e+01	3.055219e+01	3
1.500000e+03	3.058472e+01	1.999967e+01	8.759673e-03	2.303834e-01	1.000203e+01	1.420554e-01	-7.770067e+01	3.044403e+01	4
2.000000e+03	2.951358e+01	1.999973e+01	7.985986e-03	2.223555e-01	9.998429e+00	1.364761e-01	-7.780834e+01	3.035974e+01	5
2.500000e+03	2.880946e+01	1.999978e+01	7.314004e-03	2.154209e-01	9.993495e+00	1.315047e-01	-7.789582e+01	3.029435e+01	6
3.000000e+03	2.830637e+01	1.999981e+01	6.685656e-03	2.093514e-01	9.987464e+00	1.271189e-01	-7.796662e+01	3.024340e+01	7
3.500000e+03	2.794410e+01	1.999985e+01	6.114599e-03	2.039712e-01	9.980531e+00	1.232745e-01	-7.802388e+01	3.020379e+01	8
4.000000e+03	2.767231e+01	1.999987e+01	5.613050e-03	1.991499e-01	9.972861e+00	1.199102e-01	-7.807036e+01	3.017300e+01	9
4.500000e+03	2.746586e+01	1.999989e+01	5.183715e-03	1.947917e-01	9.964583e+00	1.169590e-01	-7.810831e+01	3.014902e+01	10
5.000000e+03	2.730971e+01	1.999991e+01	4.821838e-03	1.908246e-01	9.955801e+00	1.143565e-01	-7.813954e+01	3.013027e+01	11
5.500000e+03	2.718874e+01	1.999992e+01	4.518926e-03	1.871932e-01	9.946598e+00	1.120458e-01	-7.816543e+01	3.011558e+01	12
6.000000e+03	2.709289e+01	1.999993e+01	4.265533e-03	1.838537e-01	9.937040e+00	1.099790e-01	-7.818705e+01	3.010405e+01	13
6.500000e+03	2.701714e+01	1.999994e+01	4.052792e-03	1.807705e-01	9.927180e+00	1.081162e-01	-7.820523e+01	3.009502e+01	14
7.000000e+03	2.696153e+01	1.999995e+01	3.873052e-03	1.779140e-01	9.917061e+00	1.064253e-01	-7.822060e+01	3.008798e+01	15
7.500000e+03	2.691594e+01	1.999995e+01	3.720004e-03	1.752591e-01	9.906718e+00	1.048801e-01	-7.823366e+01	3.008255e+01	16
8.000000e+03	2.688547e+01	1.999995e+01	3.588567e-03	1.727845e-01	9.896180e+00	1.034594e-01	-7.824480e+01	3.007837e+01	17
8.500000e+03	2.686000e+01	1.999996e+01	3.474760e-03	1.704717e-01	9.885473e+00	1.021461e-01	-7.825432e+01	3.007540e+01	18
9.000000e+03	2.683954e+01	1.999996e+01	3.375375e-03	1.683046e-01	9.874617e+00	1.009261e-01	-7.826246e+01	3.007327e+01	19
9.500000e+03	2.682916e+01	1.999997e+01	3.287919e-03	1.662691e-01	9.863630e+00	9.978755e-02	-7.826943e+01	3.007192e+01	20
1.000000e+04	2.682381e+01	1.999997e+01	3.210410e-03	1.643529e-01	9.852526e+00	9.872091e-02	-7.827537e+01	3.007122e+01	21
1.050000e+04	2.681842e+01	1.999997e+01	3.141268e-03	1.625449e-01	9.841320e+00	9.771800e-02	-7.828043e+01	3.007109e+01	22
1.100000e+04	2.682313e+01	1.999997e+01	3.079222e-03	1.608356e-01	9.830023e+00	9.677190e-02	-7.828471e+01	3.007146e+01	23
1.150000e+04	2.682781e+01	1.999997e+01	3.023246e-03	1.592163e-01	9.818644e+00	9.587673e-02	-7.828830e+01	3.007225e+01	24
1.200000e+04	2.683247e+01	1.999997e+01	2.972498e-03	1.576793e-01	9.807194e+00	9.502741e-02	-7.829129e+01	3.007342e+01	25
1.250000e+04	2.684723e+01	1.999998e+01	2.926288e-03	1.562176e-01	9.795679e+00	9.421954e-02	-7.829373e+01	3.007493e+01	26
1.300000e+04	2.685692e+01	1.999998e+01	2.884041e-03	1.548251e-01	9.784108e+00	9.344931e-02	-7.829568e+01	3.007674e+01	27
1.350000e+04	2.687165e+01	1.999998e+01	2.845275e-03	1.534962e-01	9.772486e+00	9.271334e-02	-7.829719e+01	3.007882e+01	28
1.400000e+04	2.689143e+01	1.999998e+01	2.809583e-03	1.522260e-01	9.760820e+00	9.200868e-02	-7.829831e+01	3.008114e+01	29
1.450000e+04	2.691119e+01	1.999998e+01	2.776620e-03	1.510097e-01	9.749114e+00	9.133271e-02	-7.829907e+01	3.008368e+01	30
1.500000e+04	2.693095e+01	1.999998e+01	2.746088e-03	1.498434e-01	9.737374e+00	9.068308e-02	-7.829950e+01	3.008642e+01	31
1.550000e+04	2.695069e+01	1.999998e+01	2.717734e-03	1.487233e-01	9.725603e+00	9.005771e-02	-7.829963e+01	3.008935e+01	32
1.600000e+04	2.697548e+01	1.999998e+01	2.691323e-03	1.476460e-01	9.713806e+00	8.945473e-02	-7.829963e+01	3.009237e+01	33
1.650000e+04	2.699521e+01	1.999998e+01	2.666700e-03	1.466085e-01	9.701986e+00	8.887247e-02	-7.829963e+01	3.009568e+01	34
1.700000e+04	2.701998e+01	1.999998e+01	2.643659e-03	1.456078e-01	9.690147e+00	8.830939e-02	-7.829963e+01	3.009906e+01	35
1.750000e+04	2.704981e+01	1.999998e+01	2.622064e-03	1.446415e-01	9.678291e+00	8.776413e-02	-7.829963e+01	3.010257e+01	36
1.800000e+04	2.707457e+01	1.999998e+01	2.601783e-03	1.437072e-01	9.666422e+00	8.723544e-02	-7.829963e+01	3.010620e+01	37
1.850000e+04	2.710439e+01	1.999998e+01	2.582701e-03	1.428027e-01	9.654542e+00	8.672219e-02	-7.829963e+01	3.010994e+01	38
1.900000e+04	2.712914e+01	1.999998e+01	2.564713e-03	1.419260e-01	9.642653e+00	8.622334e-02	-7.829963e+01	3.011378e+01	39
1.950000e+04	2.715894e+01	1.999998e+01	2.547729e-03	1.410755e-01	9.630757e+00	8.573795e-02	-7.829963e+01	3.011772e+01	40
2.000000e+04	2.718874e+01	1.999998e+01	2.531664e-03	1.402493e-01	9.618857e+00	8.526516e-02	-7.829963e+01	3.012174e+01	41
2.050000e+04	2.721853e+01	1.999999e+01	2.516445e-03	1.394459e-01	9.606955e+00	8.480417e-02	-7.829963e+01	3.012585e+01	42
2.100000e+04	2.725338e+01	1.999999e+01	2.502005e-03	1.386639e-01	9.595051e+00	8.435426e-02	-7.829963e+01	3.013003e+01	43
2.150000e+04	2.728316e+01	1.999999e+01	2.488283e-03	1.379021e-01	9.583149e+00	8.391477e-02	-7.829963e+01	3.013429e+01	44
2.200000e+04	2.731800e+01	1.999999e+01	2.475226e-03	1.371592e-01	9.571248e+00	8.348507e-02	-7.829963e+01	3.013862e+01	45
2.250000e+04	2.734777e+01	1.999999e+01	2.462784e-03	1.364341e-01	9.559352e+00	8.306460e-02	-7.829963e+01	3.014300e+01	46
2.300000e+04	2.738260e+01	1.999999e+01	2.450911e-03	1.357258e-01	9.547460e+00	8.265284e-02	-7.829963e+01	3.014745e+01	47
2.350000e+04	2.741237e+01	1.999999e+01	2.439567e-03	1.350333e-01	9.535575e+00	8.224929e-02	-7.829963e+01	3.015195e+01	48
2.400000e+04	2.744720e+01	1.999999e+01	2.428716e-03	1.343557e-01	9.523696e+00	8.185352e-02	-7.829963e+01	3.015651e+01	49
2.450000e+04	2.748201e+01	1.999999e+01	2.418323e-03	1.336922e-01	9.511827e+00	8.146511e-02	-7.829963e+01	3.016112e+01	50
2.500000e+04	2.751683e+01	1.999999e+01	2.408356e-03	1.330421e-01	9.499966e+00	8.108366e-02	-7.829963e+01	3.016577e+01	51
2.550000e+04	2.755163e+01	2.000000e+01	2.398699e-03	1.324045e-01	9.488116e+00	8.070882e-02	-7.829963e+01	3.017003e+01	52
2.600000e+04	2.758646e+01	1.999999e+01	2.389590e-03	1.317790e-01	9.476277e+00	8.034027e-02	-7.829963e+01	3.017520e+01	53
2.650000e+04	2.762126e+01	1.999999e+01	2.380747e-03	1.311648e-01	9.464450e+00	7.997769e-02	-7.829963e+01	3.017998e+01	54
2.700000e+04	2.765607e+01	1.999999e+01	2.372228e-03	1.305614e-01	9.452636e+00	7.962079e-02	-7.829963e+01	3.018480e+01	55
2.750000e+04	2.769593e+01	1.999999e+01	2.364016e-03	1.299683e-01	9.440835e+00	7.926929e-02	-7.829963e+01	3.018965e+01	56
2.800000e+04	2.773073e+01	1.999999e+01	2.356092e-03	1.293849e-01	9.429048e+00	7.892296e-02	-7.829963e+01	3.019454e+01	57
2.850000e+04	2.776553e+01	1.999999e+01	2.348439e-03	1.288108e-01	9.417276e+00	7.858155e-02	-7.829963e+01	3.019946e+01	58
2.900000e+04	2.780538e+01	1.999999e+01	2.341041e-03	1.282455e-01	9.405520e+00	7.824485e-02	-7.829963e+01	3.020441e+01	59
2.950000e+04	2.784018e+01	1.999999e+01	2.333884e-03	1.276887e-01	9.393779e+00	7.791264e-02	-7.829963e+01	3.020938e+01	60
3.000000e+04	2.787497e+01	1.999999e+01	2.326953e-03	1.271399e-01	9.382054e+00	7.758475e-02	-7.829963e+01	3.021439e+01	61
3.050000e+04	2.791482e+01	1.999999e+01	2.320238e-03	1.265989e-01	9.370347e+00	7.726098e-02	-7.829963e+01	3.021942e+01	62
3.100000e+04	2.795466e+01	1.999999e+01	2.313725e-03	1.260652e-01	9.358656e+00	7.694116e-02	-7.829963e+01	3.022448e+01	63
3.150000e+04	2.798945e+01	1.999999e+01	2.307405e-03	1.255385e-01	9.346984e+00	7.662515e-02	-7.829963e+01	3.022957e+01	64
3.200000e+04	2.802929e+01	1.999999e+01	2.301266e-03	1.250187e-01	9.335330e+00	7.631279e-02	-7.829963e+01	3.023467e+01	65
3.250000e+04	2.806408e+01	1.999999e+01	2.295301e-03	1.245053e-01	9.323694e+00	7.600394e-02	-7.829963e+01	3.023980e+01	66
3.300000e+04	2.810392e+01	1.999999e+01	2.289501e-03	1.239981e-01	9.312077e+00	7.569846e-02	-7.829963e+01	3.024495e+01	67
3.350000e+04	2.814374e+01	2.000000e+01	2.283782e-03	1.234969e-01	9.300479e+00	7.539624e-02	-7.829963e+01	3.024978e+01	68
3.400000e+04	2.818359e+01	1.999999e+01	2.278359e-03	1.230014e-01	9.288901e+00	7.509716e-02	-7.829963e+01	3.025532e+01	69
3.450000e+04	2.821837e+01	1.999999e+01	2.273008e-03	1.225115e-01	9.277343e+00	7.480111e-02	-7.829963e+01	3.026053e+01	70
3.500000e+04	2.825820e+01	1.999999e+01	2.267792e-03	1.220270e-01	9.265805e+00	7.450798e-02	-7.829963e+01	3.026576e+01	71
3.550000e+04	2.829803e+01	1.999999e+01	2.262705e-03	1.215475e-01	9.254287e+00	7.421769e-02	-7.829963e+01	3.027100e+01	72
3.600000e+04	2.833786e+01	1.999999e+01	2.257743e-03	1.210730e-01	9.242790e+00	7.393012e-02	-7.829963e+01	3.027627e+01	73
3.650000e+04	2.837769e+01	1.999999e+01	2.252899e-03	1.206033e-01	9.231313e+00	7.364521e-02	-7.829963e+01	3.028155e+01	74
3.700000e+04	2.841751e+01	1.999999e+01	2.248169e-03	1.201382e-01	9.219858e+00	7.336286e-02	-7.829963e+01	3.028685e+01	75
3.750000e+04	2.845734e+01	1.999999e+01	2.243549e-03	1.196776e-01	9.208424e+00	7.308299e-02	-7.829963e+01	3.029216e+01	76
3.800000e+04	2.849716e+01	1.999999e+01	2.239035e-03	1.192213e-01	9.197012e+00	7.280554e-02	-7.829963e+01	3.029748e+01	77
3.850000e+04	2.853699e+01	1.999999e+01	2.234622e-03	1.187692e-01	9.185622e+00	7.253044e-02	-7.829963e+01	3.030283e+01	78
3.900000e+04	2.857681e+01	1.999999e+01	2.230307e-03	1.183212e-01	9.174253e+00	7.225762e-02	-7.829963e+01	3.030818e+01	79
3.950000e+04	2.861663e+01	1.999999e+01	2.226086e-03	1.178771e-01	9.162906e+00	7.198701e-02	-7.829963e+01	3.031355e+01	80
4.000000e+04	2.866149e+01	1.999999e+01	2.221956e-03	1.174368e-01	9.151582e+00	7.171855e-02	-7.829963e+01	3.031893e+01	81
4.050000e+04	2.870131e+01	1.999999e+01	2.217915e-03	1.170003e-01	9.140280e+00	7.145220e-02	-7.829963e+01	3.032433e+01	82
4.100000e+04	2.874113e+01	1.999999e+01	2.213959e-03	1.165673e-01	9.129000e+00	7.118790e-02	-7.829963e+01	3.032973e+01	83
4.150000e+04	2.878094e+01	1.999999e+01	2.210087e-03	1.161379e-01	9.117743e+00	7.092559e-02	-7.829963e+01	3.033515e+01	84
4.200000e+04	2.882581e+01	1.999999e+01	2.206294e-03	1.157119e-01	9.106509e+00	7.066523e-02	-7.829963e+01	3.034058e+01	85
4.250000e+04	2.886562e+01	1.999999e+01	2.202580e-03	1.152892e-01	9.095298e+00	7.040677e-02	-7.829963e+01	3.034603e+01	86
4.300000e+04	2.890543e+01	1.999999e+01	2.198942e-03	1.148698e-01	9.084110e+00	7.015017e-02	-7.829963e+01	3.035148e+01	87
4.350000e+04	2.895029e+01	1.999999e+01	2.195378e-03	1.144535e-01	9.072944e+00	6.989539e-02	-7.829963e+01	3.035695e+01	88
4.400000e+04	2.899010e+01	1.999999e+01	2.191886e-03	1.140404e-01	9.061802e+00	6.964239e-02	-7.829963e+01	3.036242e+01	89
4.450000e+04	2.902991e+01	1.999999e+01	2.188466e-03	1.136302e-01	9.050684e+00	6.939113e-02	-7.829963e+01	3.036791e+01	90
4.500000e+04	2.907476e+01	1.999999e+01	2.185114e-03	1.132230e-01	9.039588e+00	6.914157e-02	-7.829963e+01	3.037340e+01	91
4.550000e+04	2.911962e+01	1.999999e+01	2.181830e-03	1.128187e-01	9.028516e+00	6.889368e-02	-7.829963e+01	3.037891e+01	92
4.600000e+04	2.915942e+01	1.999999e+01	2.178612e-03	1.124172e-01	9.017468e+00	6.864743e-02	-7.829963e+01	3.038442e+01	93
4.650000e+04	2.920427e+01	1.999999e+01	2.175459e-03	1.120185e-01	9.006443e+00	6.840279e-02	-7.829963e+01	3.038995e+01	94
4.700000e+04	2.924408e+01	1.999999e+01	2.172371e-03	1.116224e-01	8.995442e+00	6.815973e-02	-7.829963e+01	3.039548e+01	95
4.750000e+04	2.928892e+01	1.999999e+01	2.169345e-03	1.112291e-01	8.984465e+00	6.791822e-02	-7.829963e+01	3.040103e+01	96
4.800000e+04	2.933377e+01	1.999999e+01	2.166381e-03	1.108383e-01	8.973512e+00	6.767822e-02	-7.829963e+01	3.040658e+01	97
4.850000e+04	2.937357e+01	1.999999e+01	2.163479e-03	1.104501e-01	8.962582e+00	6.743973e-02	-7.829963e+01	3.041214e+01	98
4.900000e+04	2.941841e+01	1.999999e+01	2.160636e-03	1.100643e-01	8.951677e+00	6.720270e-02	-7.829963e+01	3.041771e+01	99
4.950000e+04	2.946326e+01	1.999999e+01	2.157854e-03	1.096811e-01	8.940795e+00	6.696713e-02	-7.829963e+01	3.042328e+01	100
5.000000e+04	2.950810e+01	1.999999e+01	2.155130e-03	1.093002e-01	8.929938e+00	6.673297e-02	-7.829963e+01	3.042887e+01	101
5.050000e+04	2.955294e+01	1.999999e+01	2.152465e-03	1.089218e-01	8.919105e+00	6.650023e-02	-7.829963e+01	3.043447e+01	102
5.100000e+04	2.959777e+01	1.999999e+01	2.149857e-03	1.085457e-01	8.908295e+00	6.626886e-02	-7.829963e+01	3.044007e+01	103
5.150000e+04	2.964261e+01	1.999999e+01	2.147308e-03	1.081718e-01	8.897510e+00	6.603886e-02	-7.829963e+01	3.044568e+01	104
5.200000e+04	2.968745e+01	1.999999e+01	2.144815e-03	1.078003e-01	8.886750e+00	6.581020e-02	-7.829963e+01	3.045129e+01	105
5.250000e+04	2.973228e+01	1.999999e+01	2.142379e-03	1.074309e-01	8.876013e+00	6.558286e-02	-7.829963e+01	3.045692e+01	106
5.300000e+04	2.977711e+01	1.999999e+01	2.139999e-03	1.070638e-01	8.865301e+00	6.535684e-02	-7.829963e+01	3.046255e+01	107
5.350000e+04	2.982699e+01	1.999999e+01	2.137677e-03	1.066988e-01	8.854613e+00	6.513210e-02	-7.829963e+01	3.046819e+01	108
5.400000e+04	2.987181e+01	1.999999e+01	2.135410e-03	1.063360e-01	8.843950e+00	6.490864e-02	-7.829963e+01	3.047384e+01	109
5.450000e+04	2.991664e+01	1.999999e+01	2.133200e-03	1.059752e-01	8.833311e+00	6.468644e-02	-7.829963e+01	3.047949e+01	110
5.500000e+04	2.996147e+01	1.999999e+01	2.131046e-03	1.056165e-01	8.822696e+00	6.446548e-02	-7.829963e+01	3.048516e+01	111
5.550000e+04	3.001133e+01	1.999999e+01	2.128948e-03	1.052599e-01	8.812106e+00	6.424575e-02	-7.829963e+01	3.049082e+01	112
5.600000e+04	3.005616e+01	1.999999e+01	2.126906e-03	1.049053e-01	8.801541e+00	6.402723e-02	-7.829963e+01	3.049650e+01	113
5.650000e+04	3.010602e+01	2.000000e+01	2.124898e-03	1.045527e-01	8.791000e+00	6.380991e-02	-7.829963e+01	3.050210e+01	114
5.700000e+04	3.015588e+01	1.999999e+01	2.122992e-03	1.042021e-01	8.780484e+00	6.359379e-02	-7.829963e+01	3.050787e+01	115
5.750000e+04	3.020070e+01	1.999999e+01	2.121121e-03	1.038535e-01	8.769992e+00	6.337884e-02	-7.829963e+01	3.051357e+01	116
5.800000e+04	3.025055e+01	1.999999e+01	2.119307e-03	1.035067e-01	8.759525e+00	6.316506e-02	-7.829963e+01	3.051927e+01	117
5.850000e+04	3.030041e+01	1.999999e+01	2.117551e-03	1.031619e-01	8.749083e+00	6.295243e-02	-7.829963e+01	3.052497e+01	118
5.900000e+04	3.035026e+01	1.999999e+01	2.115852e-03	1.028189e-01	8.738665e+00	6.274094e-02	-7.829963e+01	3.053069e+01	119
5.950000e+04	3.040011e+01	1.999999e+01	2.114213e-03	1.024779e-01	8.728272e+00	6.253058e-02	-7.829963e+01	3.053641e+01	120
6.000000e+04	3.044995e+01	1.999999e+01	2.112620e-03	1.021386e-01	8.717903e+00	6.232134e-02	-7.829963e+01	3.054210e+01	121
6.050000e+04	3.049980e+01	1.999999e+01	2.111110e-03	1.018013e-01	8.707560e+00	6.211321e-02	-7.829963e+01	3.054787e+01	122
6.100000e+04	3.054964e+01	1.999999e+01	2.109650e-03	1.014657e-01	8.697241e+00	6.190619e-02	-7.829963e+01	3.055361e+01	123
6.150000e+04	3.059949e+01	1.999999e+01	2.108250e-03	1.011319e-01	8.686947e+00	6.170025e-02	-7.829963e+01	3.055935e+01	124
6.200000e+04	3.065436e+01	1.999999e+01	2.106912e-03	1.007999e-01	8.676678e+00	6.149540e-02	-7.829963e+01	3.056510e+01	125
6.250000e+04	3.070420e+01	1.999999e+01	2.105637e-03	1.004697e-01	8.666434e+00	6.129162e-02	-7.829963e+01	3.057086e+01	126
6.300000e+04	3.075907e+01	1.999999e+01	2.104425e-03	1.001412e-01	8.656215e+00	6.108891e-02	-7.829963e+01	3.057662e+01	127
6.350000e+04	3.080890e+01	1.999999e+01	2.103278e-03	9.981441e-02	8.646020e+00	6.088725e-02	-7.829963e+01	3.058239e+01	128
6.400000e+04	3.086377e+01	1.999999e+01	2.102197e-03	9.948938e-02	8.635850e+00	6.068665e-02	-7.829963e+01	3.058816e+01	129
6.450000e+04	3.091863e+01	1.999999e+01	2.101181e-03	9.916605e-02	8.625706e+00	6.048708e-02	-7.829963e+01	3.059394e+01	130
6.500000e+04	3.097349e+01	1.999999e+01	2.100234e-03	9.884442e-02	8.615586e+00	6.028855e-02	-7.829963e+01	3.059973e+01	131
6.550000e+04	3.102835e+01	1.999999e+01	2.099356e-03	9.852447e-02	8.605491e+00	6.009105e-02	-7.829963e+01	3.060552e+01	132
6.600000e+04	3.108321e+01	1.999999e+01	2.098548e-03	9.820618e-02	8.595422e+00	5.989457e-02	-7.829963e+01	3.061131e+01	133
6.650000e+04	3.113806e+01	1.999999e+01	2.097812e-03	9.788956e-02	8.585377e+00	5.969910e-02	-7.829963e+01	3.061711e+01	134
6.700000e+04	3.119794e+01	1.999999e+01	2.097149e-03	9.757458e-02	8.575358e+00	5.950464e-02	-7.829963e+01	3.062292e+01	135
6.750000e+04	3.125279e+01	1.999999e+01	2.096562e-03	9.726123e-02	8.565363e+00	5.931118e-02	-7.829963e+01	3.062873e+01	136
6.800000e+04	3.131266e+01	1.999999e+01	2.096051e-03	9.694951e-02	8.555394e+00	5.911872e-02	-7.829963e+01	3.063455e+01	137
6.850000e+04	3.136750e+01	1.999999e+01	2.095618e-03	9.663940e-02	8.545450e+00	5.892725e-02	-7.829963e+01	3.064037e+01	138
6.900000e+04	3.142737e+01	1.999999e+01	2.095266e-03	9.633090e-02	8.535531e+00	5.873676e-02	-7.829963e+01	3.064620e+01	139
6.950000e+04	3.148724e+01	1.999999e+01	2.094997e-03	9.602399e-02	8.525637e+00	5.854725e-02	-7.829963e+01	3.065203e+01	140
7.000000e+04	3.155214e+01	1.999999e+01	2.094812e-03	9.571867e-02	8.515768e+00	5.835871e-02	-7.829963e+01	3.065786e+01	141
7.050000e+04	3.161199e+01	1.999999e+01	2.094714e-03	9.541493e-02	8.505925e+00	5.817114e-02	-7.829963e+01	3.066370e+01	142
7.100000e+04	3.167184e+01	1.999999e+01	2.094705e-03	9.511275e-02	8.496107e+00	5.798454e-02	-7.829963e+01	3.066955e+01	143
7.150000e+04	3.173673e+01	1.999999e+01	2.094789e-03	9.481214e-02	8.486315e+00	5.779890e-02	-7.829963e+01	3.067540e+01	144
7.200000e+04	3.180161e+01	1.999999e+01	2.094967e-03	9.451308e-02	8.476548e+00	5.761421e-02	-7.829963e+01	3.068126e+01	145
7.250000e+04	3.186648e+01	1.999999e+01	2.095243e-03	9.421557e-02	8.466806e+00	5.743048e-02	-7.829963e+01	3.068711e+01	146
7.300000e+04	3.193135e+01	1.999999e+01	2.095620e-03	9.391959e-02	8.457090e+00	5.724769e-02	-7.829963e+01	3.069298e+01	147
7.350000e+04	3.200125e+01	1.999999e+01	2.096102e-03	9.362516e-02	8.447399e+00	5.706585e-02	-7.829963e+01	3.069885e+01	148
7.400000e+04	3.206611e+01	1.999999e+01	2.096691e-03	9.333225e-02	8.437734e+00	5.688495e-02	-7.829963e+01	3.070472e+01	149
7.450000e+04	3.213599e+01	1.999999e+01	2.097393e-03	9.304086e-02	8.428094e+00	5.670498e-02	-7.829963e+01	3.071060e+01	150
7.500000e+04	3.220587e+01	1.999999e+01	2.098210e-03	9.275098e-02	8.418480e+00	5.652595e-02	-7.829963e+01	3.071648e+01	151
7.550000e+04	3.227575e+01	1.999999e+01	2.099147e-03	9.246262e-02	8.408892e+00	5.634785e-02	-7.829963e+01	3.072237e+01	152
7.600000e+04	3.235065e+01	1.999999e+01	2.100209e-03	9.217577e-02	8.399330e+00	5.617069e-02	-7.829963e+01	3.072826e+01	153
7.650000e+04	3.242554e+01	1.999999e+01	2.101401e-03	9.189042e-02	8.389794e+00	5.599445e-02	-7.829963e+01	3.073415e+01	154
7.700000e+04	3.250043e+01	1.999999e+01	2.102729e-03	9.160657e-02	8.380283e+00	5.581913e-02	-7.829963e+01	3.074005e+01	155
7.750000e+04	3.257531e+01	1.999999e+01	2.104197e-03	9.132422e-02	8.370799e+00	5.564474e-02	-7.829963e+01	3.074595e+01	156
7.800000e+04	3.265521e+01	1.999999e+01	2.105813e-03	9.104336e-02	8.361341e+00	5.547127e-02	-7.829963e+01	3.075185e+01	157
7.850000e+04	3.273511e+01	1.999999e+01	2.107583e-03	9.076399e-02	8.351908e+00	5.529872e-02	-7.829963e+01	3.075776e+01	158
7.900000e+04	3.281499e+01	1.999999e+01	2.109514e-03	9.048612e-02	8.342503e+00	5.512708e-02	-7.829963e+01	3.076368e+01	159
7.950000e+04	3.289990e+01	1.999999e+01	2.111615e-03	9.020973e-02	8.333123e+00	5.495637e-02	-7.829963e+01	3.076959e+01	160
8.000000e+04	3.298480e+01	1.999999e+01	2.113893e-03	8.993483e-02	8.323770e+00	5.478658e-02	-7.829963e+01	3.077551e+01	161
8.050000e+04	3.306969e+01	1.999999e+01	2.116358e-03	8.966141e-02	8.314443e+00	5.461771e-02	-7.829963e+01	3.078144e+01	162
8.100000e+04	3.315960e+01	1.999999e+01	2.119020e-03	8.938949e-02	8.305144e+00	5.444975e-02	-7.829963e+01	3.078737e+01	163
8.150000e+04	3.324950e+01	1.999999e+01	2.121890e-03	8.911905e-02	8.295871e+00	5.428272e-02	-7.829963e+01	3.079330e+01	164
8.200000e+04	3.334442e+01	1.999999e+01	2.124980e-03	8.885011e-02	8.286625e+00	5.411661e-02	-7.829963e+01	3.079923e+01	165
8.250000e+04	3.343932e+01	1.999999e+01	2.128303e-03	8.858266e-02	8.277406e+00	5.395143e-02	-7.829963e+01	3.080517e+01	166
8.300000e+04	3.353925e+01	1.999999e+01	2.131873e-03	8.831671e-02	8.268214e+00	5.378717e-02	-7.829963e+01	3.081111e+01	167
8.350000e+04	3.364419e+01	1.999999e+01	2.135707e-03	8.805227e-02	8.259050e+00	5.362384e-02	-7.829963e+01	3.081705e+01	168
8.400000e+04	3.374911e+01	1.999999e+01	2.139821e-03	8.778933e-02	8.249913e+00	5.346144e-02	-7.829963e+01	3.082299e+01	169
8.450000e+04	3.385402e+01	1.999999e+01	2.144235e-03	8.752791e-02	8.240804e+00	5.329999e-02	-7.829963e+01	3.082894e+01	170
8.500000e+04	3.396394e+01	1.999999e+01	2.148972e-03	8.726801e-02	8.231723e+00	5.313948e-02	-7.829963e+01	3.083489e+01	171
8.550000e+04	3.408390e+01	1.999999e+01	2.154054e-03	8.700965e-02	8.222671e+00	5.297991e-02	-7.829963e+01	3.084084e+01	172
8.600000e+04	3.419881e+01	1.999999e+01	2.159509e-03	8.675284e-02	8.213647e+00	5.282131e-02	-7.829963e+01	3.084680e+01	173
8.650000e+04	3.432376e+01	1.999999e+01	2.165368e-03	8.649758e-02	8.204651e+00	5.266368e-02	-7.829963e+01	3.085275e+01	174
8.700000e+04	3.445372e+01	1.999999e+01	2.171665e-03	8.624389e-02	8.195685e+00	5.250702e-02	-7.829963e+01	3.085871e+01	175
8.750000e+04	3.458868e+01	1.999999e+01	2.178440e-03	8.599180e-02	8.186748e+00	5.235135e-02	-7.829963e+01	3.086467e+01	176
8.800000e+04	3.472864e+01	1.999999e+01	2.185736e-03	8.574132e-02	8.177841e+00	5.219669e-02	-7.829963e+01	3.087064e+01	177
8.850000e+04	3.487360e+01	1.999999e+01	2.193606e-03	8.549248e-02	8.168965e+00	5.204305e-02	-7.829963e+01	3.087660e+01	178
8.900000e+04	3.502356e+01	1.999999e+01	2.202107e-03	8.524530e-02	8.160118e+00	5.189044e-02	-7.829963e+01	3.088256e+01	179
8.950000e+04	3.518857e+01	1.999999e+01	2.211316e-03	8.499982e-02	8.151303e+00	5.173890e-02	-7.829963e+01	3.088853e+01	180
9.000000e+04	3.535353e+01	1.999999e+01	2.221308e-03	8.475606e-02	8.142520e+00	5.158845e-02	-7.829963e+01	3.089449e+01	181
9.050000e+04	3.553353e+01	1.999999e+01	2.232183e-03	8.451409e-02	8.133769e+00	5.143911e-02	-7.829963e+01	3.090046e+01	182
9.100000e+04	3.572354e+01	1.999999e+01	2.244057e-03	8.427394e-02	8.125051e+00	5.129092e-02	-7.829963e+01	3.090716e+01	183
9.150000e+04	3.592355e+01	1.999999e+01	2.257074e-03	8.403568e-02	8.116367e+00	5.114393e-02	-7.829963e+01	3.092074e+01	184
9.200000e+04	3.613354e+01	1.999999e+01	2.271406e-03	8.379938e-02	8.107718e+00	5.099819e-02	-7.829963e+01	3.093510e+01	185
9.250000e+04	3.636358e+01	1.999999e+01	2.287272e-03	8.356513e-02	8.099105e+00	5.085377e-02	-7.829963e+01	3.095031e+01	186
9.300000e+04	3.661363e+01	1.999999e+01	2.304948e-03	8.333302e-02	8.090530e+00	5.071073e-02	-7.829963e+01	3.096645e+01	187
9.350000e+04	3.688369e+01	1.999999e+01	2.324795e-03	8.310320e-02	8.081994e+00	5.056919e-02	-7.829963e+01	3.098364e+01	188
9.400000e+04	3.718378e+01	1.999999e+01	2.347289e-03	8.287583e-02	8.073498e+00	5.042927e-02	-7.829963e+01	3.100201e+01	189
9.450000e+04	3.751891e+01	1.999999e+01	2.373084e-03	8.265110e-02	8.065047e+00	5.029113e-02	-7.829963e+01	3.102173e+01	190
9.500000e+04	3.789909e+01	1.999999e+01	2.403109e-03	8.242931e-02	8.056642e+00	5.015501e-02	-7.829963e+01	3.104302e+01	191
9.550000e+04	3.833934e+01	1.999999e+01	2.438749e-03	8.221083e-02	8.048288e+00	5.002123e-02	-7.829963e+01	3.106618e+01	192
9.600000e+04	3.885967e+01	1.999999e+01	2.482199e-03	8.199619e-02	8.039991e+00	4.989027e-02	-7.829963e+01	3.109162e+01	193
9.650000e+04	3.950520e+01	1.999999e+01	2.537249e-03	8.178623e-02	8.031759e+00	4.976291e-02	-7.829963e+01	3.111994e+01	194
9.700000e+04	4.035608e+01	1.999999e+01	2.611334e-03	8.158232e-02	8.023607e+00	4.964058e-02	-7.829963e+01	3.115211e+01	195
9.750000e+04	4.159778e+01	1.999999e+01	2.722505e-03	8.138726e-02	8.015563e+00	4.952640e-02	-7.829963e+01	3.118984e+01	196
9.800000e+04	4.395301e+01	1.999999e+01	2.940156e-03	8.120923e-02	8.007704e+00	4.943101e-02	-7.829963e+01	3.123693e+01	197
9.850000e+04	7.673634e+01	1.792394e+02	1.544667e-02	8.220967e-02	8.005063e+00	5.102439e-02	-7.829963e+01	9.330501e+01	198
9.900000e+04	7.589095e+01	1.950048e+02	1.506879e-02	8.329780e-02	8.002245e+00	5.176256e-02	-7.829963e+01	9.531757e+01	199
9.950000e+04	7.650102e+01	1.972213e+02	1.519217e-02	8.439196e-02	7.999458e+00	5.228961e-02	-7.829963e+01	9.561853e+01	200
1.000000e+05	7.666603e+01	1.984188e+02	1.520990e-02	8.544236e-02	7.996717e+00	5.270674e-02	-7.829963e+01	9.578101e+01	201
1.005000e+05	7.668103e+01	1.993347e+02	1.519326e-02	8.643060e-02	7.994023e+00	5.306245e-02	-7.829963e+01	9.589683e+01	202
1.010000e+05	7.666602e+01	2.001378e+02	1.517104e-02	8.735235e-02	7.991375e+00	5.338036e-02	-7.829963e+01	9.598934e+01	203
1.015000e+05	7.665101e+01	2.006926e+02	1.515124e-02	8.820904e-02	7.988772e+00	5.367183e-02	-7.829963e+01	9.606887e+01	204
1.020000e+05	7.665101e+01	2.013257e+02	1.513535e-02	8.900425e-02	7.986212e+00	5.394253e-02	-7.829963e+01	9.613826e+01	205
1.025000e+05	7.666100e+01	2.018182e+02	1.512303e-02	8.974222e-02	7.983694e+00	5.419548e-02	-7.829963e+01	9.620058e+01	206
1.030000e+05	7.667600e+01	2.022668e+02	1.511361e-02	9.042723e-02	7.981216e+00	5.443251e-02	-7.829963e+01	9.625677e+01	207
1.035000e+05	7.670100e+01	2.026539e+02	1.510648e-02	9.106334e-02	7.978777e+00	5.465492e-02	-7.829963e+01	9.630872e+01	208
1.040000e+05	7.673100e+01	2.030271e+02	1.510113e-02	9.165437e-02	7.976375e+00	5.486375e-02	-7.829963e+01	9.635638e+01	209
1.045000e+05	7.676101e+01	2.033988e+02	1.509716e-02	9.220380e-02	7.974009e+00	5.505990e-02	-7.829963e+01	9.640032e+01	210
1.050000e+05	7.680101e+01	2.036914e+02	1.509430e-02	9.271487e-02	7.971677e+00	5.524417e-02	-7.829963e+01	9.644176e+01	211
1.055000e+05	7.683601e+01	2.040175e+02	1.509228e-02	9.319054e-02	7.969378e+00	5.541731e-02	-7.829963e+01	9.648010e+01	212
1.060000e+05	7.687602e+01	2.042474e+02	1.509094e-02	9.363353e-02	7.967110e+00	5.558005e-02	-7.829963e+01	9.651658e+01	213
1.065000e+05	7.691602e+01	2.045696e+02	1.509013e-02	9.404631e-02	7.964873e+00	5.573302e-02	-7.829963e+01	9.655046e+01	214
1.070000e+05	7.695603e+01	2.048195e+02	1.508974e-02	9.443119e-02	7.962664e+00	5.587685e-02	-7.829963e+01	9.658285e+01	215
1.075000e+05	7.699603e+01	2.049912e+02	1.508969e-02	9.479027e-02	7.960483e+00	5.601213e-02	-7.829963e+01	9.661376e+01	216
1.080000e+05	7.703604e+01	2.052853e+02	1.508999e-02	9.512548e-02	7.958328e+00	5.613939e-02	-7.829963e+01	9.664255e+01	217
1.085000e+05	7.707604e+01	2.055036e+02	1.509031e-02	9.543858e-02	7.956199e+00	5.625912e-02	-7.829963e+01	9.667039e+01	218
1.090000e+05	7.712105e+01	2.057125e+02	1.509088e-02	9.573120e-02	7.954095e+00	5.637180e-02	-7.829963e+01	9.669720e+01	219
1.095000e+05	7.716105e+01	2.058810e+02	1.509158e-02	9.600484e-02	7.952014e+00	5.647789e-02	-7.829963e+01	9.672300e+01	220
1.100000e+05	7.720106e+01	2.060784e+02	1.509236e-02	9.626087e-02	7.949955e+00	5.657777e-02	-7.829963e+01	9.674719e+01	221
1.105000e+05	7.724106e+01	2.062298e+02	1.509322e-02	9.650057e-02	7.947918e+00	5.667184e-02	-7.829963e+01	9.677111e+01	222
1.110000e+05	7.728106e+01	2.064486e+02	1.509415e-02	9.672510e-02	7.945902e+00	5.676046e-02	-7.829963e+01	9.679382e+01	223
1.115000e+05	7.732107e+01	2.066256e+02	1.509511e-02	9.693552e-02	7.943906e+00	5.684394e-02	-7.829963e+01	9.681573e+01	224
1.120000e+05	7.736107e+01	2.067853e+02	1.509609e-02	9.713283e-02	7.941929e+00	5.692261e-02	-7.829963e+01	9.683698e+01	225
1.125000e+05	7.740108e+01	2.069164e+02	1.509710e-02	9.731792e-02	7.939971e+00	5.699674e-02	-7.829963e+01	9.685754e+01	226
1.130000e+05	7.743608e+01	2.070434e+02	1.509811e-02	9.749164e-02	7.938030e+00	5.706661e-02	-7.829963e+01	9.687720e+01	227
1.135000e+05	7.747609e+01	2.072538e+02	1.509915e-02	9.765475e-02	7.936108e+00	5.713246e-02	-7.829963e+01	9.689663e+01	228
1.140000e+05	7.751109e+01	2.073302e+02	1.510017e-02	9.780797e-02	7.934202e+00	5.719453e-02	-7.829963e+01	9.691542e+01	229
1.145000e+05	7.754609e+01	2.075402e+02	1.510121e-02	9.795194e-02	7.932312e+00	5.725303e-02	-7.829963e+01	9.693371e+01	230
1.150000e+05	7.758110e+01	2.076283e+02	1.510224e-02	9.808728e-02	7.930438e+00	5.730816e-02	-7.829963e+01	9.695113e+01	231
1.155000e+05	7.762110e+01	2.077673e+02	1.510327e-02	9.821454e-02	7.928579e+00	5.736011e-02	-7.829963e+01	9.696880e+01	232
1.160000e+05	7.765611e+01	2.079351e+02	1.510431e-02	9.833424e-02	7.926734e+00	5.740906e-02	-7.829963e+01	9.698577e+01	233
1.165000e+05	7.769111e+01	2.080690e+02	1.510534e-02	9.844685e-02	7.924904e+00	5.745518e-02	-7.829963e+01	9.700224e+01	234
1.170000e+05	7.772611e+01	2.081898e+02	1.510637e-02	9.855282e-02	7.923088e+00	5.749860e-02	-7.829963e+01	9.701831e+01	235
1.175000e+05	7.776112e+01	2.083092e+02	1.510740e-02	9.865255e-02	7.921286e+00	5.753948e-02	-7.829963e+01	9.703406e+01	236
1.180000e+05	7.779612e+01	2.084307e+02	1.510842e-02	9.874642e-02	7.919496e+00	5.757796e-02	-7.829963e+01	9.704953e+01	237
1.185000e+05	7.783112e+01	2.085510e+02	1.510945e-02	9.883478e-02	7.917719e+00	5.761415e-02	-7.829963e+01	9.706468e+01	238
1.190000e+05	7.786613e+01	2.086612e+02	1.511047e-02	9.891796e-02	7.915955e+00	5.764817e-02	-7.829963e+01	9.707950e+01	239
1.195000e+05	7.789613e+01	2.087475e+02	1.511150e-02	9.899626e-02	7.914202e+00	5.768014e-02	-7.829963e+01	9.709389e+01	240
1.200000e+05	7.792613e+01	2.087973e+02	1.511252e-02	9.906996e-02	7.912461e+00	5.771016e-05	-7.829963e+01	9.710780e+01	240
