0.000000e+00	0.000000e+00	0.000000e+00	-2.000000e+03	2.500000e-01	1.000000e+01	2.073800e-01	1.000000e+00	0.000000e+00	1
5.000000e+02	1.152813e+02	2.647740e+02	5.626540e-02	2.571325e-01	1.000611e+01	1.628971e-01	-7.566763e+01	9.995914e+01	2
1.000000e+03	1.795987e+02	3.417430e+02	4.809657e-02	2.572353e-01	1.001504e+01	1.629553e-01	-7.566764e+01	1.103846e+02	3
1.500000e+03	1.924611e+02	3.393953e+02	5.280960e-02	2.585820e-01	1.002459e+01	1.640509e-01	-7.566764e+01	1.099974e+02	4
2.000000e+03	2.483175e+02	3.384528e+02	7.311298e-02	2.674190e-01	1.003412e+01	1.709340e-01	-7.566764e+01	1.098202e+02	5
2.500000e+03	0.000000e+00	3.326673e+02	4.236411e-01	3.062682e-01	1.004824e+01	4.198755e-01	-7.566764e+01	0.000000e+00	6
3.000000e+03	1.753485e+02	1.999832e+01	6.269175e-01	3.173351e-01	1.015006e+01	3.844646e-01	-7.566764e+01	2.457498e+01	7
3.500000e+03	4.701429e+02	1.848442e+02	4.456734e-01	3.192898e-01	1.022918e+01	4.702725e-01	-7.566764e+01	8.304233e+01	8
4.000000e+03	4.837510e+02	7.977148e+01	4.435681e-01	3.564636e-01	1.030830e+01	4.985815e-01	-7.566764e+01	6.153434e+01	9
4.500000e+03	1.027986e+02	3.442491e+01	1.214819e-01	3.292240e-01	1.034930e+01	3.986197e-01	-7.566764e+01	4.498851e+01	10
5.000000e+03	0.000000e+00	3.220277e+02	5.835560e-01	3.826647e-01	1.039251e+01	6.821157e-01	-7.566764e+01	0.000000e+00	11
5.500000e+03	1.537492e+02	2.000436e+01	5.657070e-01	4.403866e-01	1.050230e+01	5.268491e-01	-7.566764e+01	2.396173e+01	12
6.000000e+03	0.000000e+00	8.164846e+01	4.199709e-01	5.142280e-01	1.056782e+01	7.612738e-01	-7.566764e+01	0.000000e+00	13
6.500000e+03	1.349256e+02	2.000772e+01	4.614357e-01	6.051775e-01	1.067182e+01	8.156158e-01	-7.566764e+01	2.361115e+01	14
7.000000e+03	1.221126e+02	2.004113e+01	4.754475e-01	7.011499e-01	1.081675e+01	9.657014e-01	-7.566764e+01	2.344520e+01	15
7.500000e+03	6.892196e+01	1.996518e+01	9.046055e-02	7.827381e-01	1.092554e+01	9.682681e-01	-7.566764e+01	2.314837e+01	16
8.000000e+03	4.809863e+01	2.000218e+01	6.225060e-02	8.585358e-01	1.102338e+01	1.030520e+00	-7.566764e+01	2.281462e+01	17
8.500000e+03	3.501831e+01	2.000089e+01	5.837535e-02	9.322616e-01	1.111997e+01	1.088897e+00	-7.566764e+01	2.264955e+01	18
9.000000e+03	2.992256e+01	2.000049e+01	5.540437e-02	1.002408e+00	1.121727e+01	1.144302e+00	-7.566764e+01	2.255229e+01	19
9.500000e+03	2.817484e+01	2.000034e+01	5.287197e-02	1.068652e+00	1.131558e+01	1.197175e+00	-7.566764e+01	2.248074e+01	20
1.000000e+04	2.750528e+01	2.000027e+01	5.064682e-02	1.131198e+00	1.141475e+01	1.247823e+00	-7.566764e+01	2.242205e+01	21
1.050000e+04	2.715356e+01	2.000022e+01	4.871205e-02	1.190450e+00	1.151451e+01	1.296536e+00	-7.566764e+01	2.237153e+01	22
1.100000e+04	2.691533e+01	2.000019e+01	4.790751e-02	1.246864e+00	1.161463e+01	1.343604e+00	-7.566764e+01	2.232705e+01	23
1.150000e+04	2.672740e+01	2.000016e+01	4.922886e-02	1.300888e+00	1.171489e+01	1.389304e+00	-7.566764e+01	2.228733e+01	24
1.200000e+04	2.656675e+01	2.000014e+01	5.060998e-02	1.352930e+00	1.181512e+01	1.433890e+00	-7.566764e+01	2.225146e+01	25
1.250000e+04	2.642470e+01	2.000012e+01	5.203257e-02	1.403351e+00	1.191516e+01	1.477587e+00	-7.566764e+01	2.221877e+01	26
1.300000e+04	2.629700e+01	2.000011e+01	5.348625e-02	1.452462e+00	1.201490e+01	1.520588e+00	-7.566764e+01	2.218869e+01	27
1.350000e+04	2.617365e+01	2.000010e+01	5.496499e-02	1.500525e+00	1.211424e+01	1.563055e+00	-7.566764e+01	2.216081e+01	28
1.400000e+04	2.606554e+01	2.000009e+01	5.646519e-02	1.547758e+00	1.221312e+01	1.605124e+00	-7.566764e+01	2.213476e+01	29
1.450000e+04	2.595700e+01	2.000008e+01	5.798460e-02	1.594342e+00	1.231147e+01	1.646904e+00	-7.566764e+01	2.211027e+01	30
1.500000e+04	2.585344e+01	2.000008e+01	5.952174e-02	1.640424e+00	1.240924e+01	1.688487e+00	-7.566764e+01	2.208712e+01	31
1.550000e+04	2.574963e+01	2.000007e+01	6.107556e-02	1.686124e+00	1.250641e+01	1.729943e+00	-7.566764e+01	2.206511e+01	32
1.600000e+04	2.565092e+01	2.000007e+01	6.264530e-02	1.731539e+00	1.260295e+01	1.771330e+00	-7.566764e+01	2.204411e+01	33
1.650000e+04	2.555736e+01	2.000006e+01	6.423036e-02	1.776745e+00	1.269884e+01	1.812692e+00	-7.566764e+01	2.202398e+01	34
1.700000e+04	2.546365e+01	2.000006e+01	6.583023e-02	1.821805e+00	1.279406e+01	1.854064e+00	-7.566764e+01	2.200465e+01	35
1.750000e+04	2.536981e+01	2.000006e+01	6.744449e-02	1.866767e+00	1.288861e+01	1.895474e+00	-7.566764e+01	2.198602e+01	36
1.800000e+04	2.528118e+01	2.000006e+01	6.907274e-02	1.911669e+00	1.298248e+01	1.936941e+00	-7.566764e+01	2.196804e+01	37
1.850000e+04	2.519243e+01	2.000006e+01	7.071463e-02	1.956543e+00	1.307567e+01	1.978481e+00	-7.566764e+01	2.195065e+01	38
1.900000e+04	2.510356e+01	2.000006e+01	7.236981e-02	2.001410e+00	1.316816e+01	2.020104e+00	-7.566764e+01	2.193381e+01	39
1.950000e+04	2.501457e+01	2.000005e+01	7.403796e-02	2.046290e+00	1.325998e+01	2.061819e+00	-7.566764e+01	2.191749e+01	40
2.000000e+04	2.493083e+01	2.000005e+01	7.571879e-02	2.091197e+00	1.335111e+01	2.103631e+00	-7.566764e+01	2.190165e+01	41
2.050000e+04	2.484697e+01	2.000005e+01	7.741199e-02	2.136140e+00	1.344156e+01	2.145543e+00	-7.566764e+01	2.188628e+01	42
2.100000e+04	2.476300e+01	2.000005e+01	7.911728e-02	2.181127e+00	1.353133e+01	2.187556e+00	-7.566764e+01	2.187135e+01	43
2.150000e+04	2.467890e+01	2.000005e+01	8.083438e-02	2.226164e+00	1.362043e+01	2.229670e+00	-7.566764e+01	2.185684e+01	44
2.200000e+04	2.459467e+01	2.000005e+01	8.256303e-02	2.271254e+00	1.370886e+01	2.271885e+00	-7.566764e+01	2.184274e+01	45
2.250000e+04	2.451572e+01	2.000005e+01	8.430295e-02	2.316401e+00	1.379663e+01	2.314199e+00	-7.566764e+01	2.182903e+01	46
2.300000e+04	2.443123e+01	2.000005e+01	8.605391e-02	2.361604e+00	1.388374e+01	2.356610e+00	-7.566764e+01	2.181570e+01	47
2.350000e+04	2.435201e+01	2.000005e+01	8.781564e-02	2.406866e+00	1.397020e+01	2.399115e+00	-7.566764e+01	2.180274e+01	48
2.400000e+04	2.427265e+01	2.000005e+01	8.958791e-02	2.452184e+00	1.405602e+01	2.441712e+00	-7.566764e+01	2.179014e+01	49
2.450000e+04	2.419859e+01	2.000005e+01	9.137048e-02	2.497560e+00	1.414119e+01	2.484398e+00	-7.566764e+01	2.177789e+01	50
2.500000e+04	2.411894e+01	2.000005e+01	9.316312e-02	2.542990e+00	1.422574e+01	2.527168e+00	-7.566764e+01	2.176598e+01	51
2.550000e+04	2.404459e+01	2.000005e+01	9.496562e-02	2.588475e+00	1.430965e+01	2.570021e+00	-7.566764e+01	2.175441e+01	52
2.600000e+04	2.396463e+01	2.000005e+01	9.677775e-02	2.634012e+00	1.439295e+01	2.612951e+00	-7.566764e+01	2.174315e+01	53
2.650000e+04	2.388997e+01	2.000005e+01	9.859930e-02	2.679599e+00	1.447563e+01	2.655957e+00	-7.566764e+01	2.173221e+01	54
2.700000e+04	2.381515e+01	2.000006e+01	1.004301e-01	2.725233e+00	1.455770e+01	2.699033e+00	-7.566764e+01	2.172158e+01	55
2.750000e+04	2.374017e+01	2.000006e+01	1.022698e-01	2.770914e+00	1.463918e+01	2.742177e+00	-7.566764e+01	2.171125e+01	56
2.800000e+04	2.367050e+01	2.000006e+01	1.041184e-01	2.816638e+00	1.472005e+01	2.785386e+00	-7.566764e+01	2.170121e+01	57
2.850000e+04	2.359518e+01	2.000006e+01	1.059757e-01	2.862404e+00	1.480034e+01	2.828654e+00	-7.566764e+01	2.169146e+01	58
2.900000e+04	2.352518e+01	2.000006e+01	1.078413e-01	2.908208e+00	1.488005e+01	2.871980e+00	-7.566764e+01	2.168199e+01	59
2.950000e+04	2.345501e+01	2.000006e+01	1.097153e-01	2.954048e+00	1.495919e+01	2.915359e+00	-7.566764e+01	2.167279e+01	60
3.000000e+04	2.338466e+01	2.000006e+01	1.115973e-01	2.999922e+00	1.503775e+01	2.958789e+00	-7.566764e+01	2.166386e+01	61
3.050000e+04	2.331413e+01	2.000006e+01	1.134872e-01	3.045828e+00	1.511575e+01	3.002266e+00	-7.566764e+01	2.165519e+01	62
3.100000e+04	2.324342e+01	2.000006e+01	1.153848e-01	3.091762e+00	1.519320e+01	3.045786e+00	-7.566764e+01	2.164678e+01	63
3.150000e+04	2.317806e+01	2.000006e+01	1.172901e-01	3.137723e+00	1.527009e+01	3.089347e+00	-7.566764e+01	2.163861e+01	64
3.200000e+04	2.310696e+01	2.000006e+01	1.192027e-01	3.183708e+00	1.534644e+01	3.132944e+00	-7.566764e+01	2.163069e+01	65
3.250000e+04	2.304123e+01	2.000006e+01	1.211226e-01	3.229715e+00	1.542225e+01	3.176577e+00	-7.566764e+01	2.162301e+01	66
3.300000e+04	2.297532e+01	2.000006e+01	1.230496e-01	3.275741e+00	1.549753e+01	3.220240e+00	-7.566764e+01	2.161556e+01	67
3.350000e+04	2.290921e+01	2.000006e+01	1.249835e-01	3.321784e+00	1.557229e+01	3.263931e+00	-7.566764e+01	2.160834e+01	68
3.400000e+04	2.284291e+01	2.000006e+01	1.269243e-01	3.367842e+00	1.564652e+01	3.307648e+00	-7.566764e+01	2.160134e+01	69
3.450000e+04	2.278199e+01	2.000006e+01	1.288717e-01	3.413912e+00	1.572024e+01	3.351388e+00	-7.566764e+01	2.159456e+01	70
3.500000e+04	2.271530e+01	2.000007e+01	1.308257e-01	3.459992e+00	1.579345e+01	3.395147e+00	-7.566764e+01	2.158799e+01	71
3.550000e+04	2.265401e+01	2.000007e+01	1.327860e-01	3.506080e+00	1.586615e+01	3.438923e+00	-7.566764e+01	2.158162e+01	72
3.600000e+04	2.259252e+01	2.000007e+01	1.347526e-01	3.552175e+00	1.593836e+01	3.482713e+00	-7.566764e+01	2.157546e+01	73
3.650000e+04	2.253084e+01	2.000007e+01	1.367253e-01	3.598273e+00	1.601008e+01	3.526515e+00	-7.566764e+01	2.156950e+01	74
3.700000e+04	2.247459e+01	2.000007e+01	1.387040e-01	3.644372e+00	1.608131e+01	3.570327e+00	-7.566764e+01	2.156374e+01	75
3.750000e+04	2.241252e+01	2.000007e+01	1.406885e-01	3.690471e+00	1.615207e+01	3.614145e+00	-7.566764e+01	2.155816e+01	76
3.800000e+04	2.235589e+01	2.000007e+01	1.426788e-01	3.736568e+00	1.622234e+01	3.657967e+00	-7.566764e+01	2.155276e+01	77
3.850000e+04	2.229343e+01	2.000007e+01	1.446747e-01	3.782660e+00	1.629215e+01	3.701791e+00	-7.566764e+01	2.154755e+01	78
3.900000e+04	2.223641e+01	2.000007e+01	1.466761e-01	3.828746e+00	1.636149e+01	3.745615e+00	-7.566764e+01	2.154251e+01	79
3.950000e+04	2.217920e+01	2.000007e+01	1.486829e-01	3.874824e+00	1.643037e+01	3.789436e+00	-7.566764e+01	2.153765e+01	80
4.000000e+04	2.212746e+01	2.000007e+01	1.506950e-01	3.920891e+00	1.649880e+01	3.833252e+00	-7.566764e+01	2.153296e+01	81
4.050000e+04	2.206987e+01	2.000007e+01	1.527122e-01	3.966946e+00	1.656677e+01	3.877061e+00	-7.566764e+01	2.152843e+01	82
4.100000e+04	2.201776e+01	2.000008e+01	1.547345e-01	4.012988e+00	1.663431e+01	3.920861e+00	-7.566764e+01	2.152406e+01	83
4.150000e+04	2.195979e+01	2.000008e+01	1.567617e-01	4.059014e+00	1.670140e+01	3.964649e+00	-7.566764e+01	2.151985e+01	84
4.200000e+04	2.190731e+01	2.000008e+01	1.587938e-01	4.105023e+00	1.676806e+01	4.008424e+00	-7.566764e+01	2.151579e+01	85
4.250000e+04	2.185464e+01	2.000008e+01	1.608306e-01	4.151012e+00	1.683429e+01	4.052184e+00	-7.566764e+01	2.151189e+01	86
4.300000e+04	2.180178e+01	2.000008e+01	1.628720e-01	4.196981e+00	1.690009e+01	4.095926e+00	-7.566764e+01	2.150813e+01	87
4.350000e+04	2.175444e+01	2.000008e+01	1.649179e-01	4.242928e+00	1.696548e+01	4.139649e+00	-7.566764e+01	2.150452e+01	88
4.400000e+04	2.170122e+01	2.000008e+01	1.669682e-01	4.288850e+00	1.703044e+01	4.183351e+00	-7.566764e+01	2.150105e+01	89
4.450000e+04	2.165353e+01	2.000008e+01	1.690229e-01	4.334747e+00	1.709500e+01	4.227030e+00	-7.566764e+01	2.149772e+01	90
4.500000e+04	2.160566e+01	2.000008e+01	1.710818e-01	4.380617e+00	1.715915e+01	4.270684e+00	-7.566764e+01	2.149452e+01	91
4.550000e+04	2.155762e+01	2.000008e+01	1.731449e-01	4.426459e+00	1.722289e+01	4.314312e+00	-7.566764e+01	2.149145e+01	92
4.600000e+04	2.150940e+01	2.000008e+01	1.752120e-01	4.472270e+00	1.728624e+01	4.357911e+00	-7.566764e+01	2.148852e+01	93
4.650000e+04	2.146101e+01	2.000009e+01	1.772830e-01	4.518049e+00	1.734920e+01	4.401481e+00	-7.566764e+01	2.148571e+01	94
4.700000e+04	2.141244e+01	2.000009e+01	1.793579e-01	4.563796e+00	1.741176e+01	4.445019e+00	-7.566764e+01	2.148302e+01	95
4.750000e+04	2.136945e+01	2.000009e+01	1.814366e-01	4.609508e+00	1.747394e+01	4.488523e+00	-7.566764e+01	2.148046e+01	96
4.800000e+04	2.132630e+01	2.000009e+01	1.835190e-01	4.655185e+00	1.753574e+01	4.531994e+00	-7.566764e+01	2.147801e+01	97
4.850000e+04	2.128298e+01	2.000009e+01	1.856049e-01	4.700824e+00	1.759716e+01	4.575427e+00	-7.566764e+01	2.147569e+01	98
4.900000e+04	2.123950e+01	2.000009e+01	1.876944e-01	4.746425e+00	1.765821e+01	4.618823e+00	-7.566764e+01	2.147347e+01	99
4.950000e+04	2.119586e+01	2.000009e+01	1.897873e-01	4.791986e+00	1.771889e+01	4.662180e+00	-7.566764e+01	2.147137e+01	100
5.000000e+04	2.115206e+01	2.000009e+01	1.918835e-01	4.837505e+00	1.777920e+01	4.705496e+00	-7.566764e+01	2.146937e+01	101
5.050000e+04	2.110809e+01	2.000009e+01	1.939830e-01	4.882983e+00	1.783916e+01	4.748769e+00	-7.566764e+01	2.146749e+01	102
5.100000e+04	2.106975e+01	2.000009e+01	1.960856e-01	4.928417e+00	1.789875e+01	4.791999e+00	-7.566764e+01	2.146571e+01	103
5.150000e+04	2.103127e+01	2.000009e+01	1.981914e-01	4.973806e+00	1.795799e+01	4.835184e+00	-7.566764e+01	2.146403e+01	104
5.200000e+04	2.099264e+01	2.000010e+01	2.003002e-01	5.019148e+00	1.801688e+01	4.878323e+00	-7.566764e+01	2.146245e+01	105
5.250000e+04	2.095385e+01	2.000010e+01	2.024119e-01	5.064444e+00	1.807542e+01	4.921414e+00	-7.566764e+01	2.146097e+01	106
5.300000e+04	2.091492e+01	2.000010e+01	2.045265e-01	5.109691e+00	1.813362e+01	4.964455e+00	-7.566764e+01	2.145959e+01	107
5.350000e+04	2.087585e+01	2.000010e+01	2.066438e-01	5.154889e+00	1.819149e+01	5.007447e+00	-7.566764e+01	2.145830e+01	108
5.400000e+04	2.083662e+01	2.000010e+01	2.087639e-01	5.200036e+00	1.824901e+01	5.050387e+00	-7.566764e+01	2.145710e+01	109
5.450000e+04	2.080308e+01	2.000010e+01	2.108866e-01	5.245132e+00	1.830620e+01	5.093274e+00	-7.566764e+01	2.145600e+01	110
5.500000e+04	2.076941e+01	2.000010e+01	2.130119e-01	5.290174e+00	1.836307e+01	5.136107e+00	-7.566764e+01	2.145499e+01	111
5.550000e+04	2.072976e+01	2.000010e+01	2.151397e-01	5.335163e+00	1.841960e+01	5.178885e+00	-7.566764e+01	2.145406e+01	112
5.600000e+04	2.069582e+01	2.000010e+01	2.172699e-01	5.380097e+00	1.847582e+01	5.221606e+00	-7.566764e+01	2.145322e+01	113
5.650000e+04	2.066174e+01	2.000010e+01	2.194024e-01	5.424974e+00	1.853171e+01	5.264270e+00	-7.566764e+01	2.145247e+01	114
5.700000e+04	2.063339e+01	2.000010e+01	2.215372e-01	5.469795e+00	1.858729e+01	5.306875e+00	-7.566764e+01	2.145179e+01	115
5.750000e+04	2.059905e+01	2.000010e+01	2.236743e-01	5.514558e+00	1.864256e+01	5.349420e+00	-7.566764e+01	2.145120e+01	116
5.800000e+04	2.056459e+01	2.000011e+01	2.258134e-01	5.559261e+00	1.869751e+01	5.391904e+00	-7.566764e+01	2.145069e+01	117
5.850000e+04	2.053587e+01	2.000011e+01	2.279547e-01	5.603905e+00	1.875216e+01	5.434326e+00	-7.566764e+01	2.145026e+01	118
5.900000e+04	2.050703e+01	2.000011e+01	2.300979e-01	5.648488e+00	1.880651e+01	5.476685e+00	-7.566764e+01	2.144990e+01	119
5.950000e+04	2.047219e+01	2.000011e+01	2.322431e-01	5.693009e+00	1.886055e+01	5.518980e+00	-7.566764e+01	2.144962e+01	120
6.000000e+04	2.044311e+01	2.000011e+01	2.343902e-01	5.737467e+00	1.891430e+01	5.561210e+00	-7.566764e+01	2.144942e+01	121
6.050000e+04	2.041392e+01	2.000011e+01	2.365390e-01	5.781861e+00	1.896775e+01	5.603373e+00	-7.566764e+01	2.144929e+01	122
6.100000e+04	2.039051e+01	2.000011e+01	2.386896e-01	5.826191e+00	1.902091e+01	5.645469e+00	-7.566764e+01	2.144922e+01	123
6.150000e+04	2.036109e+01	2.000011e+01	2.408419e-01	5.870455e+00	1.907378e+01	5.687497e+00	-7.566764e+01	2.144924e+01	124
6.200000e+04	2.033156e+01	2.000011e+01	2.429958e-01	5.914652e+00	1.912637e+01	5.729455e+00	-7.566764e+01	2.144932e+01	125
6.250000e+04	2.030783e+01	2.000011e+01	2.451513e-01	5.958783e+00	1.917867e+01	5.771343e+00	-7.566764e+01	2.144946e+01	126
6.300000e+04	2.027808e+01	2.000011e+01	2.473083e-01	6.002845e+00	1.923069e+01	5.813160e+00	-7.566764e+01	2.144968e+01	127
6.350000e+04	2.025414e+01	2.000011e+01	2.494667e-01	6.046838e+00	1.928243e+01	5.854904e+00	-7.566764e+01	2.144996e+01	128
6.400000e+04	2.023010e+01	2.000011e+01	2.516265e-01	6.090761e+00	1.933389e+01	5.896576e+00	-7.566764e+01	2.145031e+01	129
6.450000e+04	2.020597e+01	2.000011e+01	2.537876e-01	6.134613e+00	1.938509e+01	5.938173e+00	-7.566764e+01	2.145072e+01	130
6.500000e+04	2.018173e+01	2.000011e+01	2.559499e-01	6.178394e+00	1.943601e+01	5.979695e+00	-7.566764e+01	2.145119e+01	131
6.550000e+04	2.016335e+01	2.000012e+01	2.581135e-01	6.222102e+00	1.948666e+01	6.021141e+00	-7.566764e+01	2.145173e+01	132
6.600000e+04	2.013892e+01	2.000012e+01	2.602782e-01	6.265737e+00	1.953705e+01	6.062510e+00	-7.566764e+01	2.145232e+01	133
6.650000e+04	2.011440e+01	2.000012e+01	2.624440e-01	6.309298e+00	1.958717e+01	6.103802e+00	-7.566764e+01	2.145298e+01	134
6.700000e+04	2.009574e+01	2.000012e+01	2.646108e-01	6.352784e+00	1.963704e+01	6.145015e+00	-7.566764e+01	2.145370e+01	135
6.750000e+04	2.007700e+01	2.000012e+01	2.667787e-01	6.396195e+00	1.968664e+01	6.186148e+00	-7.566764e+01	2.145447e+01	136
6.800000e+04	2.005221e+01	2.000012e+01	2.689474e-01	6.439529e+00	1.973600e+01	6.227201e+00	-7.566764e+01	2.145531e+01	137
6.850000e+04	2.003329e+01	2.000012e+01	2.711170e-01	6.482786e+00	1.978509e+01	6.268172e+00	-7.566764e+01	2.145620e+01	138
6.900000e+04	2.001430e+01	2.000012e+01	2.732874e-01	6.525965e+00	1.983394e+01	6.309061e+00	-7.566764e+01	2.145714e+01	139
6.950000e+04	1.999522e+01	2.000012e+01	2.754586e-01	6.569065e+00	1.988254e+01	6.349867e+00	-7.566764e+01	2.145814e+01	140
7.000000e+04	1.998205e+01	2.000012e+01	2.776306e-01	6.612086e+00	1.993089e+01	6.390589e+00	-7.566764e+01	2.145920e+01	141
7.050000e+04	1.996281e+01	2.000012e+01	2.798031e-01	6.655026e+00	1.997899e+01	6.431226e+00	-7.566764e+01	2.146031e+01	142
7.100000e+04	1.994350e+01	2.000012e+01	2.819763e-01	6.697885e+00	2.002685e+01	6.471778e+00	-7.566764e+01	2.146147e+01	143
7.150000e+04	1.993011e+01	2.000012e+01	2.841501e-01	6.740663e+00	2.007448e+01	6.512243e+00	-7.566764e+01	2.146269e+01	144
7.200000e+04	1.991064e+01	2.000012e+01	2.863243e-01	6.783357e+00	2.012186e+01	6.552620e+00	-7.566764e+01	2.146396e+01	145
7.250000e+04	1.989711e+01	2.000012e+01	2.884991e-01	6.825969e+00	2.016901e+01	6.592909e+00	-7.566764e+01	2.146527e+01	146
7.300000e+04	1.988352e+01	2.000012e+01	2.906742e-01	6.868496e+00	2.021593e+01	6.633109e+00	-7.566764e+01	2.146664e+01	147
7.350000e+04	1.986986e+01	2.000012e+01	2.928497e-01	6.910939e+00	2.026261e+01	6.673220e+00	-7.566764e+01	2.146806e+01	148
7.400000e+04	1.985613e+01	2.000012e+01	2.950256e-01	6.953295e+00	2.030907e+01	6.713239e+00	-7.566764e+01	2.146953e+01	149
7.450000e+04	1.984233e+01	2.000012e+01	2.972017e-01	6.995566e+00	2.035529e+01	6.753167e+00	-7.566764e+01	2.147105e+01	150
7.500000e+04	1.982848e+01	2.000012e+01	2.993780e-01	7.037749e+00	2.040129e+01	6.793002e+00	-7.566764e+01	2.147262e+01	151
7.550000e+04	1.982061e+01	2.000012e+01	3.015546e-01	7.079845e+00	2.044707e+01	6.832744e+00	-7.566764e+01	2.147423e+01	152
7.600000e+04	1.980662e+01	2.000012e+01	3.037313e-01	7.121852e+00	2.049263e+01	6.872392e+00	-7.566764e+01	2.147590e+01	153
7.650000e+04	1.979864e+01	2.000012e+01	3.059080e-01	7.163769e+00	2.053796e+01	6.911944e+00	-7.566764e+01	2.147761e+01	154
7.700000e+04	1.978454e+01	2.000012e+01	3.080849e-01	7.205597e+00	2.058308e+01	6.951401e+00	-7.566764e+01	2.147936e+01	155
7.750000e+04	1.977645e+01	2.000012e+01	3.102617e-01	7.247333e+00	2.062798e+01	6.990761e+00	-7.566764e+01	2.148117e+01	156
7.800000e+04	1.976831e+01	2.000012e+01	3.124385e-01	7.288978e+00	2.067266e+01	7.030023e+00	-7.566764e+01	2.148302e+01	157
7.850000e+04	1.976012e+01	2.000012e+01	3.146153e-01	7.330531e+00	2.071714e+01	7.069187e+00	-7.566764e+01	2.148491e+01	158
7.900000e+04	1.975188e+01	2.000012e+01	3.167919e-01	7.371991e+00	2.076140e+01	7.108252e+00	-7.566764e+01	2.148685e+01	159
7.950000e+04	1.974359e+01	2.000012e+01	3.189684e-01	7.413356e+00	2.080545e+01	7.147216e+00	-7.566764e+01	2.148884e+01	160
8.000000e+04	1.973525e+01	2.000012e+01	3.211447e-01	7.454627e+00	2.084930e+01	7.186080e+00	-7.566764e+01	2.149086e+01	161
8.050000e+04	1.973298e+01	2.000012e+01	3.233207e-01	7.495803e+00	2.089294e+01	7.224841e+00	-7.566764e+01	2.149294e+01	162
8.100000e+04	1.972455e+01	2.000012e+01	3.254965e-01	7.536882e+00	2.093637e+01	7.263499e+00	-7.566764e+01	2.149505e+01	163
8.150000e+04	1.972220e+01	2.000012e+01	3.276720e-01	7.577865e+00	2.097961e+01	7.302054e+00	-7.566764e+01	2.149722e+01	164
8.200000e+04	1.971368e+01	2.000012e+01	3.298471e-01	7.618749e+00	2.102264e+01	7.340504e+00	-7.566764e+01	2.149942e+01	165
8.250000e+04	1.971125e+01	2.000012e+01	3.320219e-01	7.659535e+00	2.106547e+01	7.378849e+00	-7.566764e+01	2.150167e+01	166
8.300000e+04	1.970879e+01	2.000011e+01	3.341962e-01	7.700222e+00	2.110811e+01	7.417087e+00	-7.566764e+01	2.150396e+01	167
8.350000e+04	1.970630e+01	2.000011e+01	3.363701e-01	7.740809e+00	2.115055e+01	7.455217e+00	-7.566764e+01	2.150629e+01	168
8.400000e+04	1.970378e+01	2.000011e+01	3.385435e-01	7.781294e+00	2.119279e+01	7.493240e+00	-7.566764e+01	2.150867e+01	169
8.450000e+04	1.970122e+01	2.000011e+01	3.407163e-01	7.821678e+00	2.123485e+01	7.531153e+00	-7.566764e+01	2.151108e+01	170
8.500000e+04	1.969863e+01	2.000011e+01	3.428886e-01	7.861959e+00	2.127671e+01	7.568956e+00	-7.566764e+01	2.151354e+01	171
8.550000e+04	1.970219e+01	2.000011e+01	3.450603e-01	7.902137e+00	2.131838e+01	7.606647e+00	-7.566764e+01	2.151605e+01	172
8.600000e+04	1.969954e+01	2.000011e+01	3.472314e-01	7.942211e+00	2.135986e+01	7.644226e+00	-7.566764e+01	2.151859e+01	173
8.650000e+04	1.969686e+01	2.000011e+01	3.494018e-01	7.982179e+00	2.140116e+01	7.681693e+00	-7.566764e+01	2.152118e+01	174
8.700000e+04	1.970036e+01	2.000011e+01	3.515715e-01	8.022042e+00	2.144227e+01	7.719045e+00	-7.566764e+01	2.152380e+01	175
8.750000e+04	1.970384e+01	2.000011e+01	3.537404e-01	8.061797e+00	2.148320e+01	7.756281e+00	-7.566764e+01	2.152647e+01	176
8.800000e+04	1.970731e+01	2.000010e+01	3.559087e-01	8.101445e+00	2.152395e+01	7.793402e+00	-7.566764e+01	2.152919e+01	177
8.850000e+04	1.970453e+01	2.000010e+01	3.580761e-01	8.140984e+00	2.156451e+01	7.830405e+00	-7.566764e+01	2.153194e+01	178
8.900000e+04	1.970796e+01	2.000010e+01	3.602427e-01	8.180413e+00	2.160490e+01	7.867290e+00	-7.566764e+01	2.153473e+01	179
8.950000e+04	1.971762e+01	2.000010e+01	3.624085e-01	8.219732e+00	2.164510e+01	7.904055e+00	-7.566764e+01	2.153757e+01	180
9.000000e+04	1.972103e+01	2.000010e+01	3.645734e-01	8.258940e+00	2.168513e+01	7.940700e+00	-7.566764e+01	2.154045e+01	181
9.050000e+04	1.972442e+01	2.000010e+01	3.667374e-01	8.298035e+00	2.172499e+01	7.977223e+00	-7.566764e+01	2.154337e+01	182
9.100000e+04	1.972781e+01	2.000009e+01	3.689004e-01	8.337017e+00	2.176467e+01	8.013623e+00	-7.566764e+01	2.154633e+01	183
9.150000e+04	1.973746e+01	2.000009e+01	3.710625e-01	8.375884e+00	2.180417e+01	8.049899e+00	-7.566764e+01	2.154933e+01	184
9.200000e+04	1.974712e+01	2.000009e+01	3.732236e-01	8.414636e+00	2.184351e+01	8.086050e+00	-7.566764e+01	2.155237e+01	185
9.250000e+04	1.975048e+01	2.000009e+01	3.753836e-01	8.453272e+00	2.188267e+01	8.122074e+00	-7.566764e+01	2.155546e+01	186
9.300000e+04	1.976015e+01	2.000009e+01	3.775426e-01	8.491790e+00	2.192167e+01	8.157971e+00	-7.566764e+01	2.155859e+01	187
9.350000e+04	1.976982e+01	2.000008e+01	3.797006e-01	8.530189e+00	2.196050e+01	8.193739e+00	-7.566764e+01	2.156176e+01	188
9.400000e+04	1.977949e+01	2.000008e+01	3.818574e-01	8.568469e+00	2.199916e+01	8.229377e+00	-7.566764e+01	2.156498e+01	189
9.450000e+04	1.978918e+01	2.000008e+01	3.840131e-01	8.606628e+00	2.203766e+01	8.264883e+00	-7.566764e+01	2.156823e+01	190
9.500000e+04	1.979888e+01	2.000008e+01	3.861677e-01	8.644666e+00	2.207599e+01	8.300256e+00	-7.566764e+01	2.157153e+01	191
9.550000e+04	1.981494e+01	2.000007e+01	3.883211e-01	8.682580e+00	2.211416e+01	8.335494e+00	-7.566764e+01	2.157487e+01	192
9.600000e+04	1.982467e+01	2.000007e+01	3.904733e-01	8.720370e+00	2.215217e+01	8.370598e+00	-7.566764e+01	2.157826e+01	193
9.650000e+04	1.984079e+01	2.000007e+01	3.926243e-01	8.758035e+00	2.219001e+01	8.405563e+00	-7.566764e+01	2.158169e+01	194
9.700000e+04	1.985055e+01	2.000007e+01	3.947740e-01	8.795574e+00	2.222770e+01	8.440391e+00	-7.566764e+01	2.158516e+01	195
9.750000e+04	1.986672e+01	2.000006e+01	3.969225e-01	8.832984e+00	2.226523e+01	8.475078e+00	-7.566764e+01	2.158868e+01	196
9.800000e+04	1.988293e+01	2.000006e+01	3.990697e-01	8.870265e+00	2.230260e+01	8.509623e+00	-7.566764e+01	2.159224e+01	197
9.850000e+04	1.989917e+01	2.000006e+01	4.012155e-01	8.907415e+00	2.233982e+01	8.544025e+00	-7.566764e+01	2.159585e+01	198
9.900000e+04	1.991546e+01	2.000005e+01	4.033601e-01	8.944434e+00	2.237688e+01	8.578282e+00	-7.566764e+01	2.159950e+01	199
9.950000e+04	1.993178e+01	2.000005e+01	4.055032e-01	8.981320e+00	2.241379e+01	8.612392e+00	-7.566764e+01	2.160320e+01	200
1.000000e+05	1.995460e+01	2.000004e+01	4.076450e-01	9.018070e+00	2.245055e+01	8.646354e+00	-7.566764e+01	2.160694e+01	201
1.005000e+05	1.997101e+01	2.000004e+01	4.097854e-01	9.054685e+00	2.248715e+01	8.680166e+00	-7.566764e+01	2.161073e+01	202
1.010000e+05	1.999395e+01	2.000004e+01	4.119244e-01	9.091162e+00	2.252360e+01	8.713825e+00	-7.566764e+01	2.161457e+01	203
1.015000e+05	2.001046e+01	2.000003e+01	4.140619e-01	9.127500e+00	2.255991e+01	8.747331e+00	-7.566764e+01	2.161846e+01	204
1.020000e+05	2.003352e+01	2.000003e+01	4.161980e-01	9.163696e+00	2.259607e+01	8.780680e+00	-7.566764e+01	2.162239e+01	205
1.025000e+05	2.005666e+01	2.000002e+01	4.183326e-01	9.199751e+00	2.263207e+01	8.813872e+00	-7.566764e+01	2.162637e+01	206
1.030000e+05	2.007987e+01	2.000002e+01	4.204657e-01	9.235661e+00	2.266794e+01	8.846904e+00	-7.566764e+01	2.163041e+01	207
1.035000e+05	2.010315e+01	2.000001e+01	4.225973e-01	9.271425e+00	2.270365e+01	8.879773e+00	-7.566764e+01	2.163449e+01	208
1.040000e+05	2.013309e+01	2.000001e+01	4.247274e-01	9.307042e+00	2.273923e+01	8.912479e+00	-7.566764e+01	2.163862e+01	209
1.045000e+05	2.015654e+01	2.000000e+01	4.268559e-01	9.342509e+00	2.277466e+01	8.945017e+00	-7.566764e+01	2.164281e+01	210
1.050000e+05	2.018668e+01	2.000000e+01	4.289828e-01	9.377825e+00	2.280995e+01	8.977387e+00	-7.566764e+01	2.164704e+01	211
1.055000e+05	2.021030e+01	1.999999e+01	4.311081e-01	9.412988e+00	2.284509e+01	9.009585e+00	-7.566764e+01	2.165133e+01	212
1.060000e+05	2.024065e+01	1.999999e+01	4.332318e-01	9.447995e+00	2.288010e+01	9.041609e+00	-7.566764e+01	2.165568e+01	213
1.065000e+05	2.027111e+01	1.999998e+01	4.353540e-01	9.482844e+00	2.291497e+01	9.073457e+00	-7.566764e+01	2.166008e+01	214
1.070000e+05	2.030838e+01	1.999998e+01	4.374744e-01	9.517534e+00	2.294970e+01	9.105125e+00	-7.566764e+01	2.166453e+01	215
1.075000e+05	2.033910e+01	1.999997e+01	4.395932e-01	9.552062e+00	2.298429e+01	9.136612e+00	-7.566764e+01	2.166904e+01	216
1.080000e+05	2.036995e+01	1.999996e+01	4.417103e-01	9.586426e+00	2.301874e+01	9.167913e+00	-7.566764e+01	2.167361e+01	217
1.085000e+05	2.040766e+01	1.999996e+01	4.438257e-01	9.620623e+00	2.305306e+01	9.199026e+00	-7.566764e+01	2.167824e+01	218
1.090000e+05	2.044554e+01	1.999995e+01	4.459394e-01	9.654651e+00	2.308725e+01	9.229949e+00	-7.566764e+01	2.168293e+01	219
1.095000e+05	2.048359e+01	1.999994e+01	4.480514e-01	9.688507e+00	2.312130e+01	9.260676e+00	-7.566764e+01	2.168768e+01	220
1.100000e+05	2.052181e+01	1.999993e+01	4.501616e-01	9.722189e+00	2.315522e+01	9.291206e+00	-7.566764e+01	2.169249e+01	221
1.105000e+05	2.056022e+01	1.999993e+01	4.522701e-01	9.755694e+00	2.318901e+01	9.321535e+00	-7.566764e+01	2.169736e+01	222
1.110000e+05	2.060564e+01	1.999992e+01	4.543767e-01	9.789019e+00	2.322267e+01	9.351659e+00	-7.566764e+01	2.170230e+01	223
1.115000e+05	2.064444e+01	1.999991e+01	4.564816e-01	9.822161e+00	2.325620e+01	9.381574e+00	-7.566764e+01	2.170731e+01	224
1.120000e+05	2.069030e+01	1.999990e+01	4.585846e-01	9.855117e+00	2.328960e+01	9.411276e+00	-7.566764e+01	2.171239e+01	225
1.125000e+05	2.073641e+01	1.999989e+01	4.606857e-01	9.887883e+00	2.332287e+01	9.440761e+00	-7.566764e+01	2.171753e+01	226
1.130000e+05	2.078277e+01	1.999988e+01	4.627850e-01	9.920457e+00	2.335602e+01	9.470025e+00	-7.566764e+01	2.172275e+01	227
1.135000e+05	2.083634e+01	1.999988e+01	4.648825e-01	9.952835e+00	2.338904e+01	9.499063e+00	-7.566764e+01	2.172804e+01	228
1.140000e+05	2.088322e+01	1.999987e+01	4.669780e-01	9.985013e+00	2.342193e+01	9.527871e+00	-7.566764e+01	2.173340e+01	229
1.145000e+05	2.093739e+01	1.999986e+01	4.690715e-01	1.001699e+01	2.345470e+01	9.556443e+00	-7.566764e+01	2.173884e+01	230
1.150000e+05	2.099187e+01	1.999985e+01	4.711631e-01	1.004875e+01	2.348735e+01	9.584774e+00	-7.566764e+01	2.174436e+01	231
1.155000e+05	2.104668e+01	1.999983e+01	4.732527e-01	1.008031e+01	2.351988e+01	9.612860e+00	-7.566764e+01	2.174996e+01	232
1.160000e+05	2.110893e+01	1.999982e+01	4.753403e-01	1.011165e+01	2.355228e+01	9.640693e+00	-7.566764e+01	2.175564e+01	233
1.165000e+05	2.116445e+01	1.999981e+01	4.774259e-01	1.014276e+01	2.358457e+01	9.668269e+00	-7.566764e+01	2.176141e+01	234
1.170000e+05	2.122748e+01	1.999980e+01	4.795094e-01	1.017366e+01	2.361673e+01	9.695580e+00	-7.566764e+01	2.176727e+01	235
1.175000e+05	2.129813e+01	1.999979e+01	4.815907e-01	1.020432e+01	2.364878e+01	9.722621e+00	-7.566764e+01	2.177322e+01	236
1.180000e+05	2.136204e+01	1.999978e+01	4.836699e-01	1.023474e+01	2.368071e+01	9.749384e+00	-7.566764e+01	2.177926e+01	237
1.185000e+05	2.143365e+01	1.999976e+01	4.857469e-01	1.026493e+01	2.371252e+01	9.775862e+00	-7.566764e+01	2.178540e+01	238
1.190000e+05	2.150579e+01	1.999975e+01	4.878217e-01	1.029487e+01	2.374422e+01	9.802047e+00	-7.566764e+01	2.179164e+01	239
1.195000e+05	2.157845e+01	1.999973e+01	4.898942e-01	1.032455e+01	2.377581e+01	9.827931e+00	-7.566764e+01	2.179798e+01	240
1.200000e+05	2.165902e+01	1.999972e+01	4.919644e-01	1.035397e+01	2.380728e+01	9.853505e-03	-7.566764e+01	2.180443e+01	240
