0.000000e+00	0.000000e+00	0.000000e+00	-2.000000e+03	2.500000e-01	1.000000e+01	2.073800e-01	1.000000e+00	0.000000e+00	1
2.000000e+03	1.152813e+02	2.647740e+02	7.829996e-02	2.273348e-01	1.001209e+01	1.408625e-01	-7.662150e+01	9.995914e+01	2
4.000000e+03	1.006099e+02	3.464736e+02	3.949255e-02	2.058367e-01	1.000613e+01	1.253146e-01	-7.711588e+01	1.114330e+02	3
6.000000e+03	9.228448e+01	3.455346e+02	3.154306e-02	1.918537e-01	9.989259e+00	1.156562e-01	-7.735826e+01	1.116906e+02	4
8.000000e+03	8.931350e+01	3.446972e+02	2.738923e-02	1.819547e-01	9.966770e+00	1.093960e-01	-7.748738e+01	1.117602e+02	5
1.000000e+04	8.784016e+01	3.442030e+02	2.509009e-02	1.745603e-01	9.941138e+00	1.049838e-01	-7.756257e+01	1.117804e+02	6
1.200000e+04	8.702021e+01	3.438761e+02	2.367338e-02	1.688129e-01	9.913609e+00	1.016532e-01	-7.760879e+01	1.117894e+02	7
1.400000e+04	8.653697e+01	3.437951e+02	2.271445e-02	1.641985e-01	9.884883e+00	9.901003e-02	-7.763771e+01	1.117992e+02	8
1.600000e+04	8.627979e+01	3.436868e+02	2.201957e-02	1.603903e-01	9.855387e+00	9.683241e-02	-7.765548e+01	1.118106e+02	9
1.800000e+04	8.617826e+01	3.437873e+02	2.149098e-02	1.571713e-01	9.825399e+00	9.498520e-02	-7.766566e+01	1.118256e+02	10
2.000000e+04	8.618217e+01	3.438137e+02	2.107419e-02	1.543930e-01	9.795111e+00	9.338071e-02	-7.767046e+01	1.118432e+02	11
2.200000e+04	8.626638e+01	3.439690e+02	2.073592e-02	1.519502e-01	9.764658e+00	9.195933e-02	-7.767134e+01	1.118634e+02	12
2.400000e+04	8.641584e+01	3.441348e+02	2.045471e-02	1.497675e-01	9.734141e+00	9.067911e-02	-7.767134e+01	1.118854e+02	13
2.600000e+04	8.661046e+01	3.441029e+02	2.021586e-02	1.477889e-01	9.703632e+00	8.950968e-02	-7.767134e+01	1.119090e+02	14
2.800000e+04	8.685022e+01	3.444620e+02	2.000908e-02	1.459731e-01	9.673188e+00	8.842858e-02	-7.767134e+01	1.119344e+02	15
3.000000e+04	8.711005e+01	3.445016e+02	1.982721e-02	1.442884e-01	9.642851e+00	8.741894e-02	-7.767134e+01	1.119597e+02	16
3.200000e+04	8.739997e+01	3.448495e+02	1.966452e-02	1.427107e-01	9.612653e+00	8.646788e-02	-7.767134e+01	1.119865e+02	17
3.400000e+04	8.770996e+01	3.448205e+02	1.951719e-02	1.412214e-01	9.582620e+00	8.556544e-02	-7.767134e+01	1.120130e+02	18
3.600000e+04	8.802999e+01	3.452253e+02	1.938202e-02	1.398057e-01	9.552772e+00	8.470387e-02	-7.767134e+01	1.120400e+02	19
3.800000e+04	8.836506e+01	3.453959e+02	1.925661e-02	1.384523e-01	9.523125e+00	8.387704e-02	-7.767134e+01	1.120671e+02	20
4.000000e+04	8.870515e+01	3.454668e+02	1.913937e-02	1.371520e-01	9.493689e+00	8.308011e-02	-7.767134e+01	1.120932e+02	21
4.200000e+04	8.905526e+01	3.458457e+02	1.902861e-02	1.358974e-01	9.464475e+00	8.230920e-02	-7.767134e+01	1.121206e+02	22
4.400000e+04	8.941039e+01	3.459675e+02	1.892339e-02	1.346829e-01	9.435489e+00	8.156120e-02	-7.767134e+01	1.121469e+02	23
4.600000e+04	8.976553e+01	3.461027e+02	1.882291e-02	1.335036e-01	9.406738e+00	8.083359e-02	-7.767134e+01	1.121729e+02	24
4.800000e+04	9.013069e+01	3.464452e+02	1.872626e-02	1.323557e-01	9.378226e+00	8.012430e-02	-7.767134e+01	1.121992e+02	25
5.000000e+04	9.049584e+01	3.465314e+02	1.863308e-02	1.312361e-01	9.349954e+00	7.943165e-02	-7.767134e+01	1.122242e+02	26
5.200000e+04	9.086101e+01	3.467219e+02	1.854296e-02	1.301423e-01	9.321927e+00	7.875427e-02	-7.767134e+01	1.122497e+02	27
5.400000e+04	9.123118e+01	3.470228e+02	1.845531e-02	1.290720e-01	9.294145e+00	7.809098e-02	-7.767134e+01	1.122745e+02	28
5.600000e+04	9.160637e+01	3.470481e+02	1.837015e-02	1.280237e-01	9.266610e+00	7.744085e-02	-7.767134e+01	1.122984e+02	29
5.800000e+04	9.197154e+01	3.473362e+02	1.828709e-02	1.269957e-01	9.239321e+00	7.680307e-02	-7.767134e+01	1.123229e+02	30
6.000000e+04	9.234673e+01	3.475602e+02	1.820587e-02	1.259869e-01	9.212279e+00	7.617694e-02	-7.767134e+01	1.123461e+02	31
6.200000e+04	9.271692e+01	3.475166e+02	1.812656e-02	1.249963e-01	9.185485e+00	7.556190e-02	-7.767134e+01	1.123693e+02	32
6.400000e+04	9.309211e+01	3.479257e+02	1.804883e-02	1.240229e-01	9.158936e+00	7.495744e-02	-7.767134e+01	1.123923e+02	33
6.600000e+04	9.346730e+01	3.480178e+02	1.797267e-02	1.230659e-01	9.132633e+00	7.436313e-02	-7.767134e+01	1.124143e+02	34
6.800000e+04	9.383750e+01	3.481838e+02	1.789805e-02	1.221249e-01	9.106575e+00	7.377861e-02	-7.767134e+01	1.124367e+02	35
7.000000e+04	9.420767e+01	3.484390e+02	1.782467e-02	1.211990e-01	9.080761e+00	7.320353e-02	-7.767134e+01	1.124575e+02	36
7.200000e+04	9.457787e+01	3.483710e+02	1.775279e-02	1.202880e-01	9.055190e+00	7.263760e-02	-7.767134e+01	1.124793e+02	37
7.400000e+04	9.495307e+01	3.487757e+02	1.768204e-02	1.193912e-01	9.029860e+00	7.208057e-02	-7.767134e+01	1.124996e+02	38
7.600000e+04	9.532826e+01	3.487950e+02	1.761262e-02	1.185084e-01	9.004770e+00	7.153220e-02	-7.767134e+01	1.125204e+02	39
7.800000e+04	9.569847e+01	3.490571e+02	1.754436e-02	1.176391e-01	8.979920e+00	7.099226e-02	-7.767134e+01	1.125401e+02	40
8.000000e+04	9.606865e+01	3.491876e+02	1.747722e-02	1.167830e-01	8.955307e+00	7.046057e-02	-7.767134e+01	1.125598e+02	41
8.200000e+04	9.643886e+01	3.493076e+02	1.741129e-02	1.159399e-01	8.930930e+00	6.993694e-02	-7.767134e+01	1.125790e+02	42
8.400000e+04	9.681407e+01	3.495299e+02	1.734633e-02	1.151094e-01	8.906787e+00	6.942119e-02	-7.767134e+01	1.125978e+02	43
8.600000e+04	9.717926e+01	3.495457e+02	1.728260e-02	1.142913e-01	8.882878e+00	6.891319e-02	-7.767134e+01	1.126163e+02	44
8.800000e+04	9.755448e+01	3.498387e+02	1.721974e-02	1.134854e-01	8.859200e+00	6.841276e-02	-7.767134e+01	1.126344e+02	45
9.000000e+04	9.791968e+01	3.497851e+02	1.715809e-02	1.126913e-01	8.835752e+00	6.791978e-02	-7.767134e+01	1.126522e+02	46
9.200000e+04	9.828989e+01	3.501261e+02	1.709726e-02	1.119090e-01	8.812533e+00	6.743409e-02	-7.767134e+01	1.126696e+02	47
9.400000e+04	9.866012e+01	3.500345e+02	1.703760e-02	1.111382e-01	8.789540e+00	6.695559e-02	-7.767134e+01	1.126865e+02	48
9.600000e+04	9.903033e+01	3.503989e+02	1.697873e-02	1.103787e-01	8.766772e+00	6.648413e-02	-7.767134e+01	1.127034e+02	49
9.800000e+04	9.939555e+01	3.502981e+02	1.692100e-02	1.096303e-01	8.744228e+00	6.601961e-02	-7.767134e+01	1.127195e+02	50
1.000000e+05	9.976577e+01	3.506604e+02	1.686402e-02	1.088928e-01	8.721906e+00	6.556190e-02	-7.767134e+01	1.127358e+02	51
1.020000e+05	1.001310e+02	3.505759e+02	1.680815e-02	1.081661e-01	8.699804e+00	6.511089e-02	-7.767134e+01	1.127511e+02	52
1.040000e+05	1.004962e+02	3.509092e+02	1.675300e-02	1.074499e-01	8.677921e+00	6.466648e-02	-7.767134e+01	1.127669e+02	53
1.060000e+05	1.008615e+02	3.508645e+02	1.669893e-02	1.067442e-01	8.656255e+00	6.422856e-02	-7.767134e+01	1.127814e+02	54
1.080000e+05	1.012317e+02	3.511406e+02	1.664557e-02	1.060487e-01	8.634804e+00	6.379702e-02	-7.767134e+01	1.127967e+02	55
1.100000e+05	1.015919e+02	3.511567e+02	1.659324e-02	1.053633e-01	8.613567e+00	6.337177e-02	-7.767134e+01	1.128108e+02	56
1.120000e+05	1.019572e+02	3.513469e+02	1.654163e-02	1.046878e-01	8.592542e+00	6.295271e-02	-7.767134e+01	1.128252e+02	57
1.140000e+05	1.023224e+02	3.514427e+02	1.649095e-02	1.040221e-01	8.571727e+00	6.253973e-02	-7.767134e+01	1.128390e+02	58
1.160000e+05	1.026877e+02	3.515170e+02	1.644108e-02	1.033661e-01	8.551122e+00	6.213276e-02	-7.767134e+01	1.128523e+02	59
1.180000e+05	1.030479e+02	3.517097e+02	1.639198e-02	1.027195e-01	8.530723e+00	6.173168e-02	-7.767134e+01	1.128659e+02	60
1.200000e+05	1.034132e+02	3.516376e+02	1.634381e-02	1.020823e-01	8.510530e+00	6.133642e-05	-7.767134e+01	1.128783e+02	60
