0.000000e+00	0.000000e+00	0.000000e+00	-2.000000e+03	2.500000e-01	1.000000e+01	2.073800e-01	1.000000e+00	0.000000e+00	1
3.330000e+02	1.152813e+02	2.647740e+02	4.905709e-02	2.598097e-01	1.000386e+01	1.701054e-01	-7.511095e+01	9.995914e+01	2
6.660000e+02	2.079951e+02	3.295138e+02	5.712063e-02	2.676246e-01	1.000959e+01	1.781228e-01	-7.511098e+01	1.084484e+02	3
9.990000e+02	0.000000e+00	2.974663e+02	4.330729e-01	2.673893e-01	1.002247e+01	4.257312e-01	-7.511098e+01	0.000000e+00	4
1.332000e+03	1.837957e+02	1.999410e+01	4.035951e-01	2.721941e-01	1.009215e+01	5.365532e-01	-7.511098e+01	2.532130e+01	5
1.665000e+03	3.653303e+01	1.983358e+01	1.658499e-01	2.789060e-01	1.012895e+01	3.742183e-01	-7.511098e+01	2.763814e+01	6
1.998000e+03	0.000000e+00	3.031963e+02	5.033720e-01	2.867949e-01	1.016123e+01	6.197955e-01	-7.511098e+01	0.000000e+00	7
2.331000e+03	1.845127e+02	1.998016e+01	4.326377e-01	3.478237e-01	1.023727e+01	5.450358e-01	-7.511098e+01	2.541370e+01	8
2.664000e+03	3.902919e+01	1.984579e+01	1.289104e-01	3.352918e-01	1.027594e+01	4.200738e-01	-7.511098e+01	2.917047e+01	9
2.997000e+03	0.000000e+00	2.901527e+02	5.379350e-01	3.592249e-01	1.031340e+01	6.660268e-01	-7.511098e+01	0.000000e+00	10
3.330000e+03	1.775655e+02	2.002362e+01	4.625033e-01	4.256899e-01	1.039245e+01	5.963888e-01	-7.511098e+01	2.481965e+01	11
3.663000e+03	3.636891e+01	1.983985e+01	1.312583e-01	4.022070e-01	1.043739e+01	4.696092e-01	-7.511098e+01	2.784978e+01	12
3.996000e+03	0.000000e+00	2.467401e+02	5.232331e-01	4.387055e-01	1.047797e+01	7.300632e-01	-7.511098e+01	0.000000e+00	13
4.329000e+03	1.576679e+02	2.000451e+01	4.807832e-01	5.129529e-01	1.055876e+01	6.778145e-01	-7.511098e+01	2.407476e+01	14
4.662000e+03	0.000000e+00	1.980997e+01	1.165899e-01	5.547091e-01	1.059011e+01	7.941748e-01	-7.511098e+01	0.000000e+00	15
4.995000e+03	1.205367e+02	2.002989e+01	4.573601e-01	6.239066e-01	1.067489e+01	8.184410e-01	-7.511098e+01	2.321214e+01	16
5.328000e+03	1.471846e+02	2.002385e+01	4.846126e-01	6.866078e-01	1.076506e+01	8.601481e-01	-7.511098e+01	2.425790e+01	17
5.661000e+03	1.397756e+02	2.003110e+01	4.974616e-01	7.433282e-01	1.086906e+01	1.037929e+00	-7.511098e+01	2.416291e+01	18
5.994000e+03	1.467916e+01	1.984803e+01	1.006272e-01	7.997318e-01	1.094215e+01	9.764073e-01	-7.511098e+01	2.164381e+01	19
6.327000e+03	5.106110e+01	2.000382e+01	6.294932e-02	8.496170e-01	1.100910e+01	1.019684e+00	-7.511098e+01	2.288641e+01	20
6.660000e+03	3.932555e+01	2.000200e+01	4.979408e-02	8.994060e-01	1.107390e+01	1.060491e+00	-7.511098e+01	2.272487e+01	21
6.993000e+03	3.288729e+01	2.000129e+01	4.594052e-02	9.482088e-01	1.113823e+01	1.099524e+00	-7.511098e+01	2.262762e+01	22
7.326000e+03	2.993350e+01	2.000096e+01	4.492868e-02	9.955248e-01	1.120275e+01	1.137086e+00	-7.511098e+01	2.255970e+01	23
7.659000e+03	2.859436e+01	2.000078e+01	4.488109e-02	1.041142e+00	1.126765e+01	1.173365e+00	-7.511098e+01	2.250671e+01	24
7.992000e+03	2.794459e+01	2.000068e+01	4.524771e-02	1.085027e+00	1.133296e+01	1.208495e+00	-7.511098e+01	2.246226e+01	25
8.325000e+03	2.758317e+01	2.000061e+01	4.582684e-02	1.127243e+00	1.139864e+01	1.242584e+00	-7.511098e+01	2.242334e+01	26
8.658000e+03	2.733922e+01	2.000056e+01	4.653005e-02	1.167904e+00	1.146463e+01	1.275731e+00	-7.511098e+01	2.238843e+01	27
8.991000e+03	2.715707e+01	2.000053e+01	4.731252e-02	1.207143e+00	1.153084e+01	1.308034e+00	-7.511098e+01	2.235664e+01	28
9.324000e+03	2.700715e+01	2.000050e+01	4.814900e-02	1.245101e+00	1.159721e+01	1.339584e+00	-7.511098e+01	2.232742e+01	29
9.657000e+03	2.688038e+01	2.000048e+01	4.902412e-02	1.281917e+00	1.166367e+01	1.370471e+00	-7.511098e+01	2.230038e+01	30
9.990000e+03	2.676201e+01	2.000046e+01	4.992798e-02	1.317721e+00	1.173017e+01	1.400778e+00	-7.511098e+01	2.227521e+01	31
1.032300e+04	2.665796e+01	2.000044e+01	5.085397e-02	1.352637e+00	1.179665e+01	1.430581e+00	-7.511098e+01	2.225166e+01	32
1.065600e+04	2.656343e+01	2.000042e+01	5.179762e-02	1.386776e+00	1.186306e+01	1.459951e+00	-7.511098e+01	2.222954e+01	33
1.098900e+04	2.647344e+01	2.000041e+01	5.275583e-02	1.420240e+00	1.192937e+01	1.488952e+00	-7.511098e+01	2.220866e+01	34
1.132200e+04	2.638821e+01	2.000040e+01	5.372646e-02	1.453119e+00	1.199555e+01	1.517640e+00	-7.511098e+01	2.218888e+01	35
1.165500e+04	2.630786e+01	2.000039e+01	5.470800e-02	1.485495e+00	1.206157e+01	1.546066e+00	-7.511098e+01	2.217007e+01	36
1.198800e+04	2.623250e+01	2.000038e+01	5.569936e-02	1.517441e+00	1.212739e+01	1.574275e+00	-7.511098e+01	2.215214e+01	37
1.232100e+04	2.615690e+01	2.000037e+01	5.669974e-02	1.549018e+00	1.219301e+01	1.602305e+00	-7.511098e+01	2.213497e+01	38
1.265400e+04	2.608111e+01	2.000037e+01	5.770855e-02	1.580284e+00	1.225840e+01	1.630192e+00	-7.511098e+01	2.211849e+01	39
1.298700e+04	2.601046e+01	2.000036e+01	5.872534e-02	1.611285e+00	1.232355e+01	1.657964e+00	-7.511098e+01	2.210264e+01	40
1.332000e+04	2.594499e+01	2.000035e+01	5.974975e-02	1.642066e+00	1.238844e+01	1.685648e+00	-7.511098e+01	2.208734e+01	41
1.365300e+04	2.587410e+01	2.000035e+01	6.078150e-02	1.672662e+00	1.245307e+01	1.713266e+00	-7.511098e+01	2.207255e+01	42
1.398600e+04	2.580842e+01	2.000034e+01	6.182035e-02	1.703106e+00	1.251743e+01	1.740836e+00	-7.511098e+01	2.205822e+01	43
1.431900e+04	2.574266e+01	2.000034e+01	6.286610e-02	1.733424e+00	1.258150e+01	1.768375e+00	-7.511098e+01	2.204432e+01	44
1.465200e+04	2.568216e+01	2.000033e+01	6.391857e-02	1.763641e+00	1.264529e+01	1.795896e+00	-7.511098e+01	2.203080e+01	45
1.498500e+04	2.561625e+01	2.000033e+01	6.497762e-02	1.793777e+00	1.270879e+01	1.823412e+00	-7.511098e+01	2.201765e+01	46
1.531800e+04	2.555561e+01	2.000033e+01	6.604311e-02	1.823849e+00	1.277199e+01	1.850932e+00	-7.511098e+01	2.200482e+01	47
1.565100e+04	2.549491e+01	2.000032e+01	6.711491e-02	1.853872e+00	1.283489e+01	1.878465e+00	-7.511098e+01	2.199231e+01	48
1.598400e+04	2.543416e+01	2.000032e+01	6.819289e-02	1.883859e+00	1.289750e+01	1.906017e+00	-7.511098e+01	2.198009e+01	49
1.631700e+04	2.537335e+01	2.000032e+01	6.927696e-02	1.913821e+00	1.295980e+01	1.933593e+00	-7.511098e+01	2.196815e+01	50
1.665000e+04	2.531248e+01	2.000031e+01	7.036699e-02	1.943768e+00	1.302180e+01	1.961200e+00	-7.511098e+01	2.195647e+01	51
1.698300e+04	2.525156e+01	2.000031e+01	7.146290e-02	1.973706e+00	1.308349e+01	1.988840e+00	-7.511098e+01	2.194503e+01	52
1.731600e+04	2.519595e+01	2.000031e+01	7.256458e-02	2.003642e+00	1.314488e+01	2.016516e+00	-7.511098e+01	2.193383e+01	53
1.764900e+04	2.513491e+01	2.000031e+01	7.367193e-02	2.033583e+00	1.320597e+01	2.044232e+00	-7.511098e+01	2.192286e+01	54
1.798200e+04	2.507920e+01	2.000031e+01	7.478486e-02	2.063531e+00	1.326676e+01	2.071988e+00	-7.511098e+01	2.191211e+01	55
1.831500e+04	2.502344e+01	2.000030e+01	7.590329e-02	2.093493e+00	1.332724e+01	2.099786e+00	-7.511098e+01	2.190157e+01	56
1.864800e+04	2.496762e+01	2.000030e+01	7.702711e-02	2.123470e+00	1.338742e+01	2.127628e+00	-7.511098e+01	2.189123e+01	57
1.898100e+04	2.491175e+01	2.000030e+01	7.815626e-02	2.153464e+00	1.344730e+01	2.155513e+00	-7.511098e+01	2.188108e+01	58
1.931400e+04	2.485583e+01	2.000030e+01	7.929064e-02	2.183480e+00	1.350688e+01	2.183442e+00	-7.511098e+01	2.187113e+01	59
1.964700e+04	2.479986e+01	2.000030e+01	8.043017e-02	2.213517e+00	1.356616e+01	2.211416e+00	-7.511098e+01	2.186137e+01	60
1.998000e+04	2.474382e+01	2.000029e+01	8.157476e-02	2.243577e+00	1.362514e+01	2.239434e+00	-7.511098e+01	2.185178e+01	61
2.031300e+04	2.468773e+01	2.000029e+01	8.272435e-02	2.273661e+00	1.368383e+01	2.267496e+00	-7.511098e+01	2.184237e+01	62
2.064600e+04	2.463158e+01	2.000029e+01	8.387884e-02	2.303771e+00	1.374222e+01	2.295601e+00	-7.511098e+01	2.183314e+01	63
2.097900e+04	2.458079e+01	2.000029e+01	8.503817e-02	2.333906e+00	1.380032e+01	2.323749e+00	-7.511098e+01	2.182407e+01	64
2.131200e+04	2.452451e+01	2.000029e+01	8.620226e-02	2.364067e+00	1.385813e+01	2.351940e+00	-7.511098e+01	2.181517e+01	65
2.164500e+04	2.447360e+01	2.000029e+01	8.737102e-02	2.394253e+00	1.391566e+01	2.380172e+00	-7.511098e+01	2.180644e+01	66
2.197800e+04	2.441720e+01	2.000028e+01	8.854440e-02	2.424466e+00	1.397289e+01	2.408446e+00	-7.511098e+01	2.179786e+01	67
2.231100e+04	2.436616e+01	2.000028e+01	8.972232e-02	2.454705e+00	1.402984e+01	2.436759e+00	-7.511098e+01	2.178944e+01	68
2.264400e+04	2.431507e+01	2.000028e+01	9.090470e-02	2.484969e+00	1.408650e+01	2.465111e+00	-7.511098e+01	2.178117e+01	69
2.297700e+04	2.426391e+01	2.000028e+01	9.209149e-02	2.515258e+00	1.414288e+01	2.493501e+00	-7.511098e+01	2.177305e+01	70
2.331000e+04	2.421269e+01	2.000028e+01	9.328260e-02	2.545573e+00	1.419899e+01	2.521929e+00	-7.511098e+01	2.176508e+01	71
2.364300e+04	2.415594e+01	2.000028e+01	9.447797e-02	2.575912e+00	1.425481e+01	2.550392e+00	-7.511098e+01	2.175725e+01	72
2.397600e+04	2.411004e+01	2.000028e+01	9.567754e-02	2.606275e+00	1.431036e+01	2.578891e+00	-7.511098e+01	2.174957e+01	73
2.430900e+04	2.405861e+01	2.000027e+01	9.688125e-02	2.636661e+00	1.436563e+01	2.607424e+00	-7.511098e+01	2.174203e+01	74
2.464200e+04	2.400711e+01	2.000027e+01	9.808902e-02	2.667071e+00	1.442063e+01	2.635991e+00	-7.511098e+01	2.173463e+01	75
2.497500e+04	2.395553e+01	2.000027e+01	9.930080e-02	2.697503e+00	1.447536e+01	2.664589e+00	-7.511098e+01	2.172736e+01	76
2.530800e+04	2.390388e+01	2.000027e+01	1.005165e-01	2.727957e+00	1.452983e+01	2.693219e+00	-7.511098e+01	2.172023e+01	77
2.564100e+04	2.385764e+01	2.000027e+01	1.017361e-01	2.758431e+00	1.458402e+01	2.721878e+00	-7.511098e+01	2.171323e+01	78
2.597400e+04	2.380584e+01	2.000027e+01	1.029595e-01	2.788926e+00	1.463795e+01	2.750567e+00	-7.511098e+01	2.170636e+01	79
2.630700e+04	2.375946e+01	2.000027e+01	1.041867e-01	2.819441e+00	1.469162e+01	2.779284e+00	-7.511098e+01	2.169962e+01	80
2.664000e+04	2.370750e+01	2.000027e+01	1.054176e-01	2.849975e+00	1.474503e+01	2.808028e+00	-7.511098e+01	2.169301e+01	81
2.697300e+04	2.366096e+01	2.000027e+01	1.066522e-01	2.880527e+00	1.479817e+01	2.836798e+00	-7.511098e+01	2.168651e+01	82
2.730600e+04	2.361435e+01	2.000026e+01	1.078903e-01	2.911097e+00	1.485106e+01	2.865593e+00	-7.511098e+01	2.168014e+01	83
2.763900e+04	2.356766e+01	2.000026e+01	1.091320e-01	2.941684e+00	1.490370e+01	2.894412e+00	-7.511098e+01	2.167389e+01	84
2.797200e+04	2.352090e+01	2.000026e+01	1.103771e-01	2.972287e+00	1.495608e+01	2.923254e+00	-7.511098e+01	2.166776e+01	85
2.830500e+04	2.346853e+01	2.000026e+01	1.116257e-01	3.002906e+00	1.500821e+01	2.952118e+00	-7.511098e+01	2.166175e+01	86
2.863800e+04	2.342159e+01	2.000026e+01	1.128777e-01	3.033540e+00	1.506009e+01	2.981003e+00	-7.511098e+01	2.165584e+01	87
2.897100e+04	2.338012e+01	2.000026e+01	1.141329e-01	3.064187e+00	1.511172e+01	3.009909e+00	-7.511098e+01	2.165006e+01	88
2.930400e+04	2.333303e+01	2.000026e+01	1.153915e-01	3.094848e+00	1.516310e+01	3.038833e+00	-7.511098e+01	2.164438e+01	89
2.963700e+04	2.328585e+01	2.000026e+01	1.166533e-01	3.125522e+00	1.521425e+01	3.067777e+00	-7.511098e+01	2.163881e+01	90
2.997000e+04	2.323859e+01	2.000026e+01	1.179182e-01	3.156207e+00	1.526514e+01	3.096737e+00	-7.511098e+01	2.163335e+01	91
3.030300e+04	2.319680e+01	2.000025e+01	1.191863e-01	3.186904e+00	1.531580e+01	3.125714e+00	-7.511098e+01	2.162800e+01	92
3.063600e+04	2.314936e+01	2.000025e+01	1.204575e-01	3.217612e+00	1.536622e+01	3.154707e+00	-7.511098e+01	2.162275e+01	93
3.096900e+04	2.310741e+01	2.000025e+01	1.217316e-01	3.248330e+00	1.541641e+01	3.183715e+00	-7.511098e+01	2.161760e+01	94
3.130200e+04	2.305980e+01	2.000025e+01	1.230088e-01	3.279057e+00	1.546635e+01	3.212736e+00	-7.511098e+01	2.161255e+01	95
3.163500e+04	2.301767e+01	2.000025e+01	1.242889e-01	3.309792e+00	1.551607e+01	3.241771e+00	-7.511098e+01	2.160761e+01	96
3.196800e+04	2.297547e+01	2.000025e+01	1.255719e-01	3.340535e+00	1.556555e+01	3.270817e+00	-7.511098e+01	2.160276e+01	97
3.230100e+04	2.292759e+01	2.000025e+01	1.268577e-01	3.371286e+00	1.561480e+01	3.299876e+00	-7.511098e+01	2.159801e+01	98
3.263400e+04	2.288521e+01	2.000025e+01	1.281464e-01	3.402043e+00	1.566383e+01	3.328944e+00	-7.511098e+01	2.159335e+01	99
3.296700e+04	2.284274e+01	2.000025e+01	1.294378e-01	3.432806e+00	1.571262e+01	3.358023e+00	-7.511098e+01	2.158878e+01	100
3.330000e+04	2.280019e+01	2.000025e+01	1.307319e-01	3.463575e+00	1.576120e+01	3.387111e+00	-7.511098e+01	2.158431e+01	101
3.363300e+04	2.275755e+01	2.000024e+01	1.320287e-01	3.494348e+00	1.580955e+01	3.416207e+00	-7.511098e+01	2.157993e+01	102
3.396600e+04	2.271482e+01	2.000024e+01	1.333281e-01	3.525125e+00	1.585767e+01	3.445310e+00	-7.511098e+01	2.157564e+01	103
3.429900e+04	2.267762e+01	2.000024e+01	1.346301e-01	3.555906e+00	1.590558e+01	3.474420e+00	-7.511098e+01	2.157144e+01	104
3.463200e+04	2.263471e+01	2.000024e+01	1.359346e-01	3.586689e+00	1.595327e+01	3.503536e+00	-7.511098e+01	2.156732e+01	105
3.496500e+04	2.259172e+01	2.000024e+01	1.372417e-01	3.617475e+00	1.600075e+01	3.532658e+00	-7.511098e+01	2.156329e+01	106
3.529800e+04	2.255426e+01	2.000024e+01	1.385512e-01	3.648263e+00	1.604801e+01	3.561784e+00	-7.511098e+01	2.155934e+01	107
3.563100e+04	2.251109e+01	2.000024e+01	1.398632e-01	3.679051e+00	1.609505e+01	3.590913e+00	-7.511098e+01	2.155547e+01	108
3.596400e+04	2.247346e+01	2.000024e+01	1.411776e-01	3.709840e+00	1.614188e+01	3.620046e+00	-7.511098e+01	2.155169e+01	109
3.629700e+04	2.243011e+01	2.000024e+01	1.424943e-01	3.740629e+00	1.618851e+01	3.649182e+00	-7.511098e+01	2.154798e+01	110
3.663000e+04	2.239231e+01	2.000023e+01	1.438133e-01	3.771417e+00	1.623492e+01	3.678319e+00	-7.511098e+01	2.154435e+01	111
3.696300e+04	2.235443e+01	2.000023e+01	1.451346e-01	3.802204e+00	1.628113e+01	3.707457e+00	-7.511098e+01	2.154081e+01	112
3.729600e+04	2.231646e+01	2.000023e+01	1.464582e-01	3.832989e+00	1.632714e+01	3.736596e+00	-7.511098e+01	2.153733e+01	113
3.762900e+04	2.227274e+01	2.000023e+01	1.477839e-01	3.863772e+00	1.637294e+01	3.765735e+00	-7.511098e+01	2.153394e+01	114
3.796200e+04	2.223460e+01	2.000023e+01	1.491118e-01	3.894552e+00	1.641853e+01	3.794872e+00	-7.511098e+01	2.153061e+01	115
3.829500e+04	2.219636e+01	2.000023e+01	1.504419e-01	3.925328e+00	1.646393e+01	3.824009e+00	-7.511098e+01	2.152736e+01	116
3.862800e+04	2.216372e+01	2.000023e+01	1.517740e-01	3.956101e+00	1.650913e+01	3.853143e+00	-7.511098e+01	2.152418e+01	117
3.896100e+04	2.212532e+01	2.000023e+01	1.531082e-01	3.986869e+00	1.655412e+01	3.882275e+00	-7.511098e+01	2.152108e+01	118
3.929400e+04	2.208682e+01	2.000023e+01	1.544445e-01	4.017632e+00	1.659893e+01	3.911403e+00	-7.511098e+01	2.151804e+01	119
3.962700e+04	2.204825e+01	2.000022e+01	1.557827e-01	4.048390e+00	1.664353e+01	3.940528e+00	-7.511098e+01	2.151507e+01	120
3.996000e+04	2.201527e+01	2.000022e+01	1.571229e-01	4.079141e+00	1.668795e+01	3.969648e+00	-7.511098e+01	2.151217e+01	121
4.029300e+04	2.197652e+01	2.000022e+01	1.584651e-01	4.109887e+00	1.673217e+01	3.998763e+00	-7.511098e+01	2.150933e+01	122
4.062600e+04	2.194338e+01	2.000022e+01	1.598091e-01	4.140625e+00	1.677620e+01	4.027873e+00	-7.511098e+01	2.150656e+01	123
4.095900e+04	2.190446e+01	2.000022e+01	1.611550e-01	4.171356e+00	1.682004e+01	4.056977e+00	-7.511098e+01	2.150385e+01	124
4.129200e+04	2.187115e+01	2.000022e+01	1.625027e-01	4.202079e+00	1.686370e+01	4.086074e+00	-7.511098e+01	2.150121e+01	125
4.162500e+04	2.183776e+01	2.000022e+01	1.638522e-01	4.232794e+00	1.690717e+01	4.115163e+00	-7.511098e+01	2.149863e+01	126
4.195800e+04	2.179858e+01	2.000021e+01	1.652035e-01	4.263500e+00	1.695045e+01	4.144246e+00	-7.511098e+01	2.149611e+01	127
4.229100e+04	2.176503e+01	2.000021e+01	1.665565e-01	4.294196e+00	1.699355e+01	4.173319e+00	-7.511098e+01	2.149365e+01	128
4.262400e+04	2.173139e+01	2.000021e+01	1.679113e-01	4.324883e+00	1.703647e+01	4.202385e+00	-7.511098e+01	2.149126e+01	129
4.295700e+04	2.169768e+01	2.000021e+01	1.692677e-01	4.355560e+00	1.707920e+01	4.231441e+00	-7.511098e+01	2.148892e+01	130
4.329000e+04	2.166388e+01	2.000021e+01	1.706257e-01	4.386226e+00	1.712176e+01	4.260487e+00	-7.511098e+01	2.148663e+01	131
4.362300e+04	2.163001e+01	2.000021e+01	1.719854e-01	4.416882e+00	1.716414e+01	4.289523e+00	-7.511098e+01	2.148441e+01	132
4.395600e+04	2.159605e+01	2.000021e+01	1.733466e-01	4.447525e+00	1.720634e+01	4.318549e+00	-7.511098e+01	2.148224e+01	133
4.428900e+04	2.156201e+01	2.000020e+01	1.747094e-01	4.478157e+00	1.724836e+01	4.347563e+00	-7.511098e+01	2.148013e+01	134
4.462200e+04	2.153363e+01	2.000020e+01	1.760738e-01	4.508777e+00	1.729021e+01	4.376565e+00	-7.511098e+01	2.147807e+01	135
4.495500e+04	2.149943e+01	2.000020e+01	1.774396e-01	4.539384e+00	1.733189e+01	4.405556e+00	-7.511098e+01	2.147607e+01	136
4.528800e+04	2.146515e+01	2.000020e+01	1.788069e-01	4.569978e+00	1.737339e+01	4.434534e+00	-7.511098e+01	2.147411e+01	137
4.562100e+04	2.143655e+01	2.000020e+01	1.801756e-01	4.600558e+00	1.741473e+01	4.463499e+00	-7.511098e+01	2.147221e+01	138
4.595400e+04	2.140211e+01	2.000020e+01	1.815457e-01	4.631125e+00	1.745589e+01	4.492451e+00	-7.511098e+01	2.147037e+01	139
4.628700e+04	2.137336e+01	2.000020e+01	1.829173e-01	4.661678e+00	1.749689e+01	4.521389e+00	-7.511098e+01	2.146857e+01	140
4.662000e+04	2.134453e+01	2.000019e+01	1.842901e-01	4.692215e+00	1.753771e+01	4.550312e+00	-7.511098e+01	2.146682e+01	141
4.695300e+04	2.130986e+01	2.000019e+01	1.856643e-01	4.722738e+00	1.757838e+01	4.579221e+00	-7.511098e+01	2.146512e+01	142
4.728600e+04	2.128088e+01	2.000019e+01	1.870398e-01	4.753246e+00	1.761887e+01	4.608115e+00	-7.511098e+01	2.146347e+01	143
4.761900e+04	2.125183e+01	2.000019e+01	1.884166e-01	4.783737e+00	1.765921e+01	4.636993e+00	-7.511098e+01	2.146187e+01	144
4.795200e+04	2.122271e+01	2.000019e+01	1.897946e-01	4.814213e+00	1.769938e+01	4.665856e+00	-7.511098e+01	2.146031e+01	145
4.828500e+04	2.119352e+01	2.000019e+01	1.911739e-01	4.844672e+00	1.773939e+01	4.694702e+00	-7.511098e+01	2.145880e+01	146
4.861800e+04	2.116425e+01	2.000018e+01	1.925543e-01	4.875115e+00	1.777924e+01	4.723531e+00	-7.511098e+01	2.145734e+01	147
4.895100e+04	2.113491e+01	2.000018e+01	1.939359e-01	4.905540e+00	1.781893e+01	4.752344e+00	-7.511098e+01	2.145592e+01	148
4.928400e+04	2.110550e+01	2.000018e+01	1.953186e-01	4.935948e+00	1.785846e+01	4.781139e+00	-7.511098e+01	2.145455e+01	149
4.961700e+04	2.107601e+01	2.000018e+01	1.967025e-01	4.966338e+00	1.789784e+01	4.809916e+00	-7.511098e+01	2.145322e+01	150
4.995000e+04	2.104646e+01	2.000018e+01	1.980874e-01	4.996710e+00	1.793706e+01	4.838675e+00	-7.511098e+01	2.145193e+01	151
5.028300e+04	2.102264e+01	2.000017e+01	1.994734e-01	5.027063e+00	1.797613e+01	4.867415e+00	-7.511098e+01	2.145069e+01	152
5.061600e+04	2.099295e+01	2.000017e+01	2.008605e-01	5.057398e+00	1.801504e+01	4.896137e+00	-7.511098e+01	2.144948e+01	153
5.094900e+04	2.096900e+01	2.000017e+01	2.022486e-01	5.087713e+00	1.805380e+01	4.924839e+00	-7.511098e+01	2.144832e+01	154
5.128200e+04	2.093916e+01	2.000017e+01	2.036376e-01	5.118009e+00	1.809240e+01	4.953521e+00	-7.511098e+01	2.144720e+01	155
5.161500e+04	2.091508e+01	2.000017e+01	2.050276e-01	5.148286e+00	1.813086e+01	4.982184e+00	-7.511098e+01	2.144612e+01	156
5.194800e+04	2.088511e+01	2.000016e+01	2.064186e-01	5.178542e+00	1.816917e+01	5.010826e+00	-7.511098e+01	2.144508e+01	157
5.228100e+04	2.086090e+01	2.000016e+01	2.078104e-01	5.208778e+00	1.820733e+01	5.039448e+00	-7.511098e+01	2.144408e+01	158
5.261400e+04	2.083079e+01	2.000016e+01	2.092032e-01	5.238993e+00	1.824534e+01	5.068049e+00	-7.511098e+01	2.144312e+01	159
5.294700e+04	2.080645e+01	2.000016e+01	2.105968e-01	5.269188e+00	1.828321e+01	5.096628e+00	-7.511098e+01	2.144219e+01	160
5.328000e+04	2.078205e+01	2.000016e+01	2.119913e-01	5.299361e+00	1.832093e+01	5.125186e+00	-7.511098e+01	2.144130e+01	161
5.361300e+04	2.075759e+01	2.000015e+01	2.133866e-01	5.329513e+00	1.835850e+01	5.153722e+00	-7.511098e+01	2.144045e+01	162
5.394600e+04	2.073306e+01	2.000015e+01	2.147826e-01	5.359642e+00	1.839594e+01	5.182236e+00	-7.511098e+01	2.143964e+01	163
5.427900e+04	2.070847e+01	2.000015e+01	2.161795e-01	5.389750e+00	1.843323e+01	5.210727e+00	-7.511098e+01	2.143886e+01	164
5.461200e+04	2.068382e+01	2.000015e+01	2.175771e-01	5.419835e+00	1.847038e+01	5.239196e+00	-7.511098e+01	2.143812e+01	165
5.494500e+04	2.065911e+01	2.000014e+01	2.189754e-01	5.449898e+00	1.850738e+01	5.267641e+00	-7.511098e+01	2.143741e+01	166
5.527800e+04	2.063433e+01	2.000014e+01	2.203745e-01	5.479938e+00	1.854425e+01	5.296063e+00	-7.511098e+01	2.143674e+01	167
5.561100e+04	2.060950e+01	2.000014e+01	2.217742e-01	5.509955e+00	1.858098e+01	5.324461e+00	-7.511098e+01	2.143610e+01	168
5.594400e+04	2.058461e+01	2.000014e+01	2.231746e-01	5.539948e+00	1.861757e+01	5.352835e+00	-7.511098e+01	2.143549e+01	169
5.627700e+04	2.056552e+01	2.000014e+01	2.245756e-01	5.569917e+00	1.865403e+01	5.381185e+00	-7.511098e+01	2.143492e+01	170
5.661000e+04	2.054051e+01	2.000013e+01	2.259772e-01	5.599863e+00	1.869035e+01	5.409510e+00	-7.511098e+01	2.143438e+01	171
5.694300e+04	2.051544e+01	2.000013e+01	2.273794e-01	5.629784e+00	1.872653e+01	5.437811e+00	-7.511098e+01	2.143387e+01	172
5.727600e+04	2.049619e+01	2.000013e+01	2.287822e-01	5.659681e+00	1.876258e+01	5.466086e+00	-7.511098e+01	2.143339e+01	173
5.760900e+04	2.047100e+01	2.000013e+01	2.301856e-01	5.689553e+00	1.879850e+01	5.494336e+00	-7.511098e+01	2.143295e+01	174
5.794200e+04	2.045165e+01	2.000012e+01	2.315894e-01	5.719400e+00	1.883429e+01	5.522560e+00	-7.511098e+01	2.143253e+01	175
5.827500e+04	2.042635e+01	2.000012e+01	2.329938e-01	5.749222e+00	1.886994e+01	5.550758e+00	-7.511098e+01	2.143215e+01	176
5.860800e+04	2.040688e+01	2.000012e+01	2.343987e-01	5.779018e+00	1.890546e+01	5.578931e+00	-7.511098e+01	2.143180e+01	177
5.894100e+04	2.038736e+01	2.000011e+01	2.358040e-01	5.808789e+00	1.894086e+01	5.607076e+00	-7.511098e+01	2.143148e+01	178
5.927400e+04	2.036190e+01	2.000011e+01	2.372097e-01	5.838534e+00	1.897612e+01	5.635195e+00	-7.511098e+01	2.143118e+01	179
5.960700e+04	2.034227e+01	2.000011e+01	2.386159e-01	5.868253e+00	1.901126e+01	5.663287e+00	-7.511098e+01	2.143092e+01	180
5.994000e+04	2.032260e+01	2.000011e+01	2.400225e-01	5.897945e+00	1.904626e+01	5.691352e+00	-7.511098e+01	2.143068e+01	181
6.027300e+04	2.030287e+01	2.000010e+01	2.414295e-01	5.927610e+00	1.908115e+01	5.719390e+00	-7.511098e+01	2.143047e+01	182
6.060600e+04	2.028310e+01	2.000010e+01	2.428368e-01	5.957249e+00	1.911590e+01	5.747400e+00	-7.511098e+01	2.143029e+01	183
6.093900e+04	2.026327e+01	2.000010e+01	2.442445e-01	5.986861e+00	1.915053e+01	5.775381e+00	-7.511098e+01	2.143014e+01	184
6.127200e+04	2.024340e+01	2.000010e+01	2.456525e-01	6.016445e+00	1.918504e+01	5.803335e+00	-7.511098e+01	2.143002e+01	185
6.160500e+04	2.022348e+01	2.000009e+01	2.470608e-01	6.046002e+00	1.921943e+01	5.831260e+00	-7.511098e+01	2.142992e+01	186
6.193800e+04	2.020350e+01	2.000009e+01	2.484694e-01	6.075531e+00	1.925369e+01	5.859157e+00	-7.511098e+01	2.142985e+01	187
6.227100e+04	2.018348e+01	2.000009e+01	2.498782e-01	6.105033e+00	1.928783e+01	5.887025e+00	-7.511098e+01	2.142980e+01	188
6.260400e+04	2.016341e+01	2.000008e+01	2.512873e-01	6.134506e+00	1.932185e+01	5.914863e+00	-7.511098e+01	2.142978e+01	189
6.293700e+04	2.014330e+01	2.000008e+01	2.526966e-01	6.163950e+00	1.935575e+01	5.942673e+00	-7.511098e+01	2.142979e+01	190
6.327000e+04	2.012906e+01	2.000008e+01	2.541061e-01	6.193366e+00	1.938953e+01	5.970453e+00	-7.511098e+01	2.142982e+01	191
6.360300e+04	2.010885e+01	2.000007e+01	2.555158e-01	6.222754e+00	1.942319e+01	5.998203e+00	-7.511098e+01	2.142988e+01	192
6.393600e+04	2.008859e+01	2.000007e+01	2.569256e-01	6.252112e+00	1.945673e+01	6.025923e+00	-7.511098e+01	2.142996e+01	193
6.426900e+04	2.007423e+01	2.000007e+01	2.583356e-01	6.281441e+00	1.949016e+01	6.053613e+00	-7.511098e+01	2.143007e+01	194
6.460200e+04	2.005388e+01	2.000006e+01	2.597457e-01	6.310741e+00	1.952347e+01	6.081272e+00	-7.511098e+01	2.143020e+01	195
6.493500e+04	2.003943e+01	2.000006e+01	2.611560e-01	6.340011e+00	1.955666e+01	6.108901e+00	-7.511098e+01	2.143035e+01	196
6.526800e+04	2.001900e+01	2.000006e+01	2.625663e-01	6.369252e+00	1.958974e+01	6.136499e+00	-7.511098e+01	2.143053e+01	197
6.560100e+04	2.000446e+01	2.000006e+01	2.639767e-01	6.398462e+00	1.962271e+01	6.164066e+00	-7.511098e+01	2.143073e+01	198
6.593400e+04	1.998394e+01	2.000005e+01	2.653871e-01	6.427642e+00	1.965556e+01	6.191602e+00	-7.511098e+01	2.143095e+01	199
6.626700e+04	1.996932e+01	2.000005e+01	2.667976e-01	6.456792e+00	1.968830e+01	6.219107e+00	-7.511098e+01	2.143120e+01	200
6.660000e+04	1.995467e+01	2.000004e+01	2.682081e-01	6.485911e+00	1.972092e+01	6.246579e+00	-7.511098e+01	2.143147e+01	201
6.693300e+04	1.993997e+01	2.000004e+01	2.696186e-01	6.515000e+00	1.975344e+01	6.274020e+00	-7.511098e+01	2.143176e+01	202
6.726600e+04	1.991928e+01	2.000004e+01	2.710291e-01	6.544058e+00	1.978584e+01	6.301429e+00	-7.511098e+01	2.143207e+01	203
6.759900e+04	1.990450e+01	2.000003e+01	2.724396e-01	6.573084e+00	1.981813e+01	6.328806e+00	-7.511098e+01	2.143241e+01	204
6.793200e+04	1.988969e+01	2.000003e+01	2.738500e-01	6.602079e+00	1.985032e+01	6.356150e+00	-7.511098e+01	2.143277e+01	205
6.826500e+04	1.987484e+01	2.000003e+01	2.752603e-01	6.631043e+00	1.988239e+01	6.383461e+00	-7.511098e+01	2.143314e+01	206
6.859800e+04	1.985995e+01	2.000002e+01	2.766705e-01	6.659975e+00	1.991436e+01	6.410740e+00	-7.511098e+01	2.143354e+01	207
6.893100e+04	1.984503e+01	2.000002e+01	2.780807e-01	6.688875e+00	1.994622e+01	6.437986e+00	-7.511098e+01	2.143396e+01	208
6.926400e+04	1.983006e+01	2.000002e+01	2.794907e-01	6.717743e+00	1.997797e+01	6.465198e+00	-7.511098e+01	2.143440e+01	209
6.959700e+04	1.981506e+01	2.000001e+01	2.809006e-01	6.746579e+00	2.000962e+01	6.492377e+00	-7.511098e+01	2.143487e+01	210
6.993000e+04	1.980003e+01	2.000001e+01	2.823103e-01	6.775383e+00	2.004116e+01	6.519523e+00	-7.511098e+01	2.143535e+01	211
7.026300e+04	1.978495e+01	2.000001e+01	2.837198e-01	6.804154e+00	2.007260e+01	6.546634e+00	-7.511098e+01	2.143585e+01	212
7.059600e+04	1.977583e+01	2.000000e+01	2.851292e-01	6.832892e+00	2.010393e+01	6.573712e+00	-7.511098e+01	2.143637e+01	213
7.092900e+04	1.976069e+01	2.000000e+01	2.865384e-01	6.861598e+00	2.013516e+01	6.600756e+00	-7.511098e+01	2.143691e+01	214
7.126200e+04	1.974551e+01	1.999999e+01	2.879473e-01	6.890270e+00	2.016628e+01	6.627765e+00	-7.511098e+01	2.143747e+01	215
7.159500e+04	1.973029e+01	1.999999e+01	2.893560e-01	6.918909e+00	2.019730e+01	6.654740e+00	-7.511098e+01	2.143805e+01	216
7.192800e+04	1.972105e+01	1.999999e+01	2.907645e-01	6.947515e+00	2.022822e+01	6.681680e+00	-7.511098e+01	2.143864e+01	217
7.226100e+04	1.970576e+01	1.999998e+01	2.921726e-01	6.976087e+00	2.025904e+01	6.708585e+00	-7.511098e+01	2.143926e+01	218
7.259400e+04	1.969045e+01	1.999998e+01	2.935805e-01	7.004625e+00	2.028976e+01	6.735455e+00	-7.511098e+01	2.143990e+01	219
7.292700e+04	1.968110e+01	1.999997e+01	2.949881e-01	7.033130e+00	2.032038e+01	6.762290e+00	-7.511098e+01	2.144055e+01	220
7.326000e+04	1.966572e+01	1.999997e+01	2.963954e-01	7.061600e+00	2.035090e+01	6.789090e+00	-7.511098e+01	2.144122e+01	221
7.359300e+04	1.965631e+01	1.999996e+01	2.978024e-01	7.090036e+00	2.038132e+01	6.815854e+00	-7.511098e+01	2.144191e+01	222
7.392600e+04	1.964688e+01	1.999996e+01	2.992090e-01	7.118438e+00	2.041164e+01	6.842582e+00	-7.511098e+01	2.144262e+01	223
7.425900e+04	1.963140e+01	1.999996e+01	3.006152e-01	7.146805e+00	2.044186e+01	6.869274e+00	-7.511098e+01	2.144334e+01	224
7.459200e+04	1.962191e+01	1.999995e+01	3.020211e-01	7.175137e+00	2.047199e+01	6.895930e+00	-7.511098e+01	2.144409e+01	225
7.492500e+04	1.960636e+01	1.999995e+01	3.034266e-01	7.203434e+00	2.050202e+01	6.922550e+00	-7.511098e+01	2.144485e+01	226
7.525800e+04	1.959681e+01	1.999994e+01	3.048316e-01	7.231697e+00	2.053195e+01	6.949134e+00	-7.511098e+01	2.144562e+01	227
7.559100e+04	1.958724e+01	1.999994e+01	3.062363e-01	7.259924e+00	2.056179e+01	6.975681e+00	-7.511098e+01	2.144642e+01	228
7.592400e+04	1.957763e+01	1.999993e+01	3.076405e-01	7.288116e+00	2.059153e+01	7.002191e+00	-7.511098e+01	2.144723e+01	229
7.625700e+04	1.956196e+01	1.999993e+01	3.090443e-01	7.316272e+00	2.062118e+01	7.028664e+00	-7.511098e+01	2.144806e+01	230
7.659000e+04	1.955230e+01	1.999993e+01	3.104476e-01	7.344392e+00	2.065073e+01	7.055100e+00	-7.511098e+01	2.144890e+01	231
7.692300e+04	1.954261e+01	1.999992e+01	3.118504e-01	7.372477e+00	2.068019e+01	7.081499e+00	-7.511098e+01	2.144976e+01	232
7.725600e+04	1.953289e+01	1.999992e+01	3.132528e-01	7.400525e+00	2.070956e+01	7.107860e+00	-7.511098e+01	2.145064e+01	233
7.758900e+04	1.952315e+01	1.999991e+01	3.146546e-01	7.428538e+00	2.073883e+01	7.134184e+00	-7.511098e+01	2.145153e+01	234
7.792200e+04	1.951338e+01	1.999991e+01	3.160559e-01	7.456514e+00	2.076801e+01	7.160470e+00	-7.511098e+01	2.145244e+01	235
7.825500e+04	1.950359e+01	1.999990e+01	3.174567e-01	7.484453e+00	2.079711e+01	7.186718e+00	-7.511098e+01	2.145337e+01	236
7.858800e+04	1.949376e+01	1.999990e+01	3.188569e-01	7.512356e+00	2.082611e+01	7.212928e+00	-7.511098e+01	2.145431e+01	237
7.892100e+04	1.948392e+01	1.999989e+01	3.202565e-01	7.540222e+00	2.085502e+01	7.239099e+00	-7.511098e+01	2.145527e+01	238
7.925400e+04	1.947405e+01	1.999989e+01	3.216556e-01	7.568052e+00	2.088384e+01	7.265233e+00	-7.511098e+01	2.145624e+01	239
7.958700e+04	1.947021e+01	1.999988e+01	3.230541e-01	7.595843e+00	2.091257e+01	7.291327e+00	-7.511098e+01	2.145723e+01	240
7.992000e+04	1.946029e+01	1.999988e+01	3.244520e-01	7.623598e+00	2.094121e+01	7.317383e+00	-7.511098e+01	2.145823e+01	241
8.025300e+04	1.945034e+01	1.999987e+01	3.258493e-01	7.651315e+00	2.096976e+01	7.343399e+00	-7.511098e+01	2.145925e+01	242
8.058600e+04	1.944037e+01	1.999987e+01	3.272460e-01	7.678995e+00	2.099823e+01	7.369377e+00	-7.511098e+01	2.146028e+01	243
8.091900e+04	1.943645e+01	1.999986e+01	3.286420e-01	7.706637e+00	2.102660e+01	7.395315e+00	-7.511098e+01	2.146133e+01	244
8.125200e+04	1.942643e+01	1.999986e+01	3.300373e-01	7.734241e+00	2.105489e+01	7.421214e+00	-7.511098e+01	2.146240e+01	245
8.158500e+04	1.941639e+01	1.999985e+01	3.314320e-01	7.761807e+00	2.108310e+01	7.447074e+00	-7.511098e+01	2.146347e+01	246
8.191800e+04	1.941241e+01	1.999985e+01	3.328260e-01	7.789335e+00	2.111122e+01	7.472893e+00	-7.511098e+01	2.146457e+01	247
8.225100e+04	1.940232e+01	1.999984e+01	3.342193e-01	7.816824e+00	2.113925e+01	7.498673e+00	-7.511098e+01	2.146567e+01	248
8.258400e+04	1.939221e+01	1.999984e+01	3.356119e-01	7.844275e+00	2.116720e+01	7.524412e+00	-7.511098e+01	2.146679e+01	249
8.291700e+04	1.938817e+01	1.999983e+01	3.370038e-01	7.871687e+00	2.119506e+01	7.550111e+00	-7.511098e+01	2.146793e+01	250
8.325000e+04	1.937801e+01	1.999983e+01	3.383950e-01	7.899060e+00	2.122284e+01	7.575770e+00	-7.511098e+01	2.146908e+01	251
8.358300e+04	1.937393e+01	1.999982e+01	3.397854e-01	7.926395e+00	2.125053e+01	7.601388e+00	-7.511098e+01	2.147024e+01	252
8.391600e+04	1.936982e+01	1.999982e+01	3.411750e-01	7.953690e+00	2.127814e+01	7.626965e+00	-7.511098e+01	2.147142e+01	253
8.424900e+04	1.935960e+01	1.999981e+01	3.425639e-01	7.980946e+00	2.130567e+01	7.652501e+00	-7.511098e+01	2.147262e+01	254
8.458200e+04	1.935546e+01	1.999980e+01	3.439520e-01	8.008162e+00	2.133311e+01	7.677996e+00	-7.511098e+01	2.147382e+01	255
8.491500e+04	1.935131e+01	1.999980e+01	3.453393e-01	8.035339e+00	2.136048e+01	7.703450e+00	-7.511098e+01	2.147504e+01	256
8.524800e+04	1.934102e+01	1.999979e+01	3.467259e-01	8.062476e+00	2.138776e+01	7.728863e+00	-7.511098e+01	2.147628e+01	257
8.558100e+04	1.933683e+01	1.999979e+01	3.481116e-01	8.089573e+00	2.141496e+01	7.754233e+00	-7.511098e+01	2.147752e+01	258
8.591400e+04	1.933262e+01	1.999978e+01	3.494964e-01	8.116629e+00	2.144208e+01	7.779562e+00	-7.511098e+01	2.147878e+01	259
8.624700e+04	1.932839e+01	1.999978e+01	3.508805e-01	8.143646e+00	2.146912e+01	7.804849e+00	-7.511098e+01	2.148006e+01	260
8.658000e+04	1.931802e+01	1.999977e+01	3.522636e-01	8.170622e+00	2.149608e+01	7.830094e+00	-7.511098e+01	2.148135e+01	261
8.691300e+04	1.931376e+01	1.999976e+01	3.536460e-01	8.197558e+00	2.152296e+01	7.855297e+00	-7.511098e+01	2.148265e+01	262
8.724600e+04	1.930948e+01	1.999976e+01	3.550274e-01	8.224453e+00	2.154976e+01	7.880457e+00	-7.511098e+01	2.148396e+01	263
8.757900e+04	1.930518e+01	1.999975e+01	3.564080e-01	8.251307e+00	2.157648e+01	7.905574e+00	-7.511098e+01	2.148529e+01	264
8.791200e+04	1.930087e+01	1.999975e+01	3.577876e-01	8.278120e+00	2.160312e+01	7.930649e+00	-7.511098e+01	2.148663e+01	265
8.824500e+04	1.929654e+01	1.999974e+01	3.591664e-01	8.304892e+00	2.162969e+01	7.955680e+00	-7.511098e+01	2.148799e+01	266
8.857800e+04	1.929219e+01	1.999973e+01	3.605442e-01	8.331622e+00	2.165618e+01	7.980669e+00	-7.511098e+01	2.148935e+01	267
8.891100e+04	1.928783e+01	1.999973e+01	3.619211e-01	8.358311e+00	2.168259e+01	8.005614e+00	-7.511098e+01	2.149073e+01	268
8.924400e+04	1.928346e+01	1.999972e+01	3.632971e-01	8.384958e+00	2.170892e+01	8.030515e+00	-7.511098e+01	2.149213e+01	269
8.957700e+04	1.927906e+01	1.999972e+01	3.646721e-01	8.411563e+00	2.173518e+01	8.055373e+00	-7.511098e+01	2.149353e+01	270
8.991000e+04	1.927466e+01	1.999971e+01	3.660462e-01	8.438126e+00	2.176136e+01	8.080186e+00	-7.511098e+01	2.149495e+01	271
9.024300e+04	1.927639e+01	1.999970e+01	3.674192e-01	8.464647e+00	2.178747e+01	8.104956e+00	-7.511098e+01	2.149639e+01	272
9.057600e+04	1.927196e+01	1.999970e+01	3.687913e-01	8.491126e+00	2.181350e+01	8.129681e+00	-7.511098e+01	2.149783e+01	273
9.090900e+04	1.926750e+01	1.999969e+01	3.701624e-01	8.517561e+00	2.183946e+01	8.154362e+00	-7.511098e+01	2.149929e+01	274
9.124200e+04	1.926304e+01	1.999968e+01	3.715325e-01	8.543955e+00	2.186534e+01	8.178999e+00	-7.511098e+01	2.150076e+01	275
9.157500e+04	1.926473e+01	1.999968e+01	3.729016e-01	8.570305e+00	2.189115e+01	8.203590e+00	-7.511098e+01	2.150224e+01	276
9.190800e+04	1.926024e+01	1.999967e+01	3.742697e-01	8.596612e+00	2.191688e+01	8.228137e+00	-7.511098e+01	2.150374e+01	277
9.224100e+04	1.925573e+01	1.999966e+01	3.756367e-01	8.622876e+00	2.194254e+01	8.252638e+00	-7.511098e+01	2.150524e+01	278
9.257400e+04	1.925739e+01	1.999966e+01	3.770027e-01	8.649097e+00	2.196813e+01	8.277094e+00	-7.511098e+01	2.150676e+01	279
9.290700e+04	1.925285e+01	1.999965e+01	3.783676e-01	8.675274e+00	2.199364e+01	8.301504e+00	-7.511098e+01	2.150830e+01	280
9.324000e+04	1.924830e+01	1.999964e+01	3.797315e-01	8.701407e+00	2.201909e+01	8.325868e+00	-7.511098e+01	2.150984e+01	281
9.357300e+04	1.924993e+01	1.999964e+01	3.810943e-01	8.727497e+00	2.204446e+01	8.350187e+00	-7.511098e+01	2.151140e+01	282
9.390600e+04	1.924536e+01	1.999963e+01	3.824560e-01	8.753542e+00	2.206976e+01	8.374459e+00	-7.511098e+01	2.151297e+01	283
9.423900e+04	1.924697e+01	1.999962e+01	3.838166e-01	8.779543e+00	2.209499e+01	8.398685e+00	-7.511098e+01	2.151455e+01	284
9.457200e+04	1.924857e+01	1.999962e+01	3.851761e-01	8.805499e+00	2.212014e+01	8.422864e+00	-7.511098e+01	2.151615e+01	285
9.490500e+04	1.924396e+01	1.999961e+01	3.865345e-01	8.831411e+00	2.214523e+01	8.446997e+00	-7.511098e+01	2.151776e+01	286
9.523800e+04	1.924554e+01	1.999960e+01	3.878918e-01	8.857278e+00	2.217025e+01	8.471082e+00	-7.511098e+01	2.151938e+01	287
9.557100e+04	1.924091e+01	1.999959e+01	3.892479e-01	8.883099e+00	2.219519e+01	8.495121e+00	-7.511098e+01	2.152101e+01	288
9.590400e+04	1.924248e+01	1.999959e+01	3.906029e-01	8.908876e+00	2.222007e+01	8.519112e+00	-7.511098e+01	2.152265e+01	289
9.623700e+04	1.924404e+01	1.999958e+01	3.919567e-01	8.934607e+00	2.224488e+01	8.543055e+00	-7.511098e+01	2.152431e+01	290
9.657000e+04	1.924559e+01	1.999957e+01	3.933094e-01	8.960293e+00	2.226962e+01	8.566950e+00	-7.511098e+01	2.152598e+01	291
9.690300e+04	1.924091e+01	1.999956e+01	3.946609e-01	8.985932e+00	2.229429e+01	8.590798e+00	-7.511098e+01	2.152766e+01	292
9.723600e+04	1.924244e+01	1.999956e+01	3.960112e-01	9.011526e+00	2.231889e+01	8.614597e+00	-7.511098e+01	2.152936e+01	293
9.756900e+04	1.924397e+01	1.999955e+01	3.973604e-01	9.037073e+00	2.234342e+01	8.638348e+00	-7.511098e+01	2.153106e+01	294
9.790200e+04	1.924550e+01	1.999954e+01	3.987083e-01	9.062574e+00	2.236789e+01	8.662050e+00	-7.511098e+01	2.153278e+01	295
9.823500e+04	1.924702e+01	1.999953e+01	4.000550e-01	9.088029e+00	2.239229e+01	8.685703e+00	-7.511098e+01	2.153451e+01	296
9.856800e+04	1.924853e+01	1.999953e+01	4.014005e-01	9.113436e+00	2.241662e+01	8.709306e+00	-7.511098e+01	2.153626e+01	297
9.890100e+04	1.925003e+01	1.999952e+01	4.027448e-01	9.138797e+00	2.244089e+01	8.732861e+00	-7.511098e+01	2.153801e+01	298
9.923400e+04	1.925153e+01	1.999951e+01	4.040878e-01	9.164110e+00	2.246509e+01	8.756366e+00	-7.511098e+01	2.153978e+01	299
9.956700e+04	1.925303e+01	1.999950e+01	4.054296e-01	9.189376e+00	2.248922e+01	8.779821e+00	-7.511098e+01	2.154156e+01	300
9.990000e+04	1.925452e+01	1.999950e+01	4.067702e-01	9.214594e+00	2.251329e+01	8.803225e+00	-7.511098e+01	2.154335e+01	301
1.002330e+05	1.925600e+01	1.999949e+01	4.081095e-01	9.239765e+00	2.253729e+01	8.826580e+00	-7.511098e+01	2.154516e+01	302
1.005660e+05	1.925748e+01	1.999948e+01	4.094475e-01	9.264887e+00	2.256123e+01	8.849884e+00	-7.511098e+01	2.154698e+01	303
1.008990e+05	1.925895e+01	1.999947e+01	4.107842e-01	9.289961e+00	2.258510e+01	8.873137e+00	-7.511098e+01	2.154881e+01	304
1.012320e+05	1.926041e+01	1.999946e+01	4.121197e-01	9.314986e+00	2.260891e+01	8.896339e+00	-7.511098e+01	2.155065e+01	305
1.015650e+05	1.926187e+01	1.999945e+01	4.134538e-01	9.339963e+00	2.263266e+01	8.919490e+00	-7.511098e+01	2.155250e+01	306
1.018980e+05	1.926333e+01	1.999945e+01	4.147867e-01	9.364890e+00	2.265634e+01	8.942589e+00	-7.511098e+01	2.155437e+01	307
1.022310e+05	1.927107e+01	1.999944e+01	4.161182e-01	9.389769e+00	2.267995e+01	8.965636e+00	-7.511098e+01	2.155625e+01	308
1.025640e+05	1.927252e+01	1.999943e+01	4.174484e-01	9.414597e+00	2.270351e+01	8.988631e+00	-7.511098e+01	2.155814e+01	309
1.028970e+05	1.927397e+01	1.999942e+01	4.187772e-01	9.439377e+00	2.272700e+01	9.011573e+00	-7.511098e+01	2.156005e+01	310
1.032300e+05	1.928172e+01	1.999941e+01	4.201048e-01	9.464106e+00	2.275043e+01	9.034463e+00	-7.511098e+01	2.156197e+01	311
1.035630e+05	1.928316e+01	1.999940e+01	4.214309e-01	9.488785e+00	2.277379e+01	9.057300e+00	-7.511098e+01	2.156390e+01	312
1.038960e+05	1.928459e+01	1.999940e+01	4.227558e-01	9.513413e+00	2.279710e+01	9.080084e+00	-7.511098e+01	2.156584e+01	313
1.042290e+05	1.929234e+01	1.999939e+01	4.240792e-01	9.537991e+00	2.282034e+01	9.102814e+00	-7.511098e+01	2.156780e+01	314
1.045620e+05	1.929377e+01	1.999938e+01	4.254013e-01	9.562518e+00	2.284352e+01	9.125490e+00	-7.511098e+01	2.156977e+01	315
1.048950e+05	1.930153e+01	1.999937e+01	4.267220e-01	9.586994e+00	2.286663e+01	9.148112e+00	-7.511098e+01	2.157175e+01	316
1.052280e+05	1.930295e+01	1.999936e+01	4.280413e-01	9.611418e+00	2.288969e+01	9.170680e+00	-7.511098e+01	2.157374e+01	317
1.055610e+05	1.931072e+01	1.999935e+01	4.293592e-01	9.635791e+00	2.291269e+01	9.193193e+00	-7.511098e+01	2.157575e+01	318
1.058940e+05	1.931848e+01	1.999934e+01	4.306756e-01	9.660111e+00	2.293562e+01	9.215651e+00	-7.511098e+01	2.157777e+01	319
1.062270e+05	1.931990e+01	1.999933e+01	4.319907e-01	9.684379e+00	2.295850e+01	9.238054e+00	-7.511098e+01	2.157981e+01	320
1.065600e+05	1.932768e+01	1.999932e+01	4.333043e-01	9.708595e+00	2.298132e+01	9.260401e+00	-7.511098e+01	2.158185e+01	321
1.068930e+05	1.933546e+01	1.999931e+01	4.346165e-01	9.732758e+00	2.300407e+01	9.282692e+00	-7.511098e+01	2.158391e+01	322
1.072260e+05	1.933688e+01	1.999930e+01	4.359273e-01	9.756868e+00	2.302677e+01	9.304927e+00	-7.511098e+01	2.158599e+01	323
1.075590e+05	1.934466e+01	1.999930e+01	4.372366e-01	9.780924e+00	2.304941e+01	9.327105e+00	-7.511098e+01	2.158807e+01	324
1.078920e+05	1.935246e+01	1.999929e+01	4.385444e-01	9.804927e+00	2.307199e+01	9.349226e+00	-7.511098e+01	2.159017e+01	325
1.082250e+05	1.936026e+01	1.999928e+01	4.398508e-01	9.828875e+00	2.309451e+01	9.371290e+00	-7.511098e+01	2.159229e+01	326
1.085580e+05	1.936807e+01	1.999927e+01	4.411557e-01	9.852769e+00	2.311697e+01	9.393297e+00	-7.511098e+01	2.159442e+01	327
1.088910e+05	1.937588e+01	1.999926e+01	4.424592e-01	9.876609e+00	2.313937e+01	9.415245e+00	-7.511098e+01	2.159656e+01	328
1.092240e+05	1.938370e+01	1.999925e+01	4.437611e-01	9.900394e+00	2.316172e+01	9.437134e+00	-7.511098e+01	2.159871e+01	329
1.095570e+05	1.939153e+01	1.999924e+01	4.450615e-01	9.924123e+00	2.318400e+01	9.458965e+00	-7.511098e+01	2.160088e+01	330
1.098900e+05	1.939937e+01	1.999923e+01	4.463604e-01	9.947797e+00	2.320623e+01	9.480737e+00	-7.511098e+01	2.160306e+01	331
1.102230e+05	1.940721e+01	1.999922e+01	4.476578e-01	9.971415e+00	2.322841e+01	9.502449e+00	-7.511098e+01	2.160526e+01	332
1.105560e+05	1.941506e+01	1.999921e+01	4.489537e-01	9.994977e+00	2.325052e+01	9.524102e+00	-7.511098e+01	2.160747e+01	333
1.108890e+05	1.942292e+01	1.999920e+01	4.502480e-01	1.001848e+01	2.327258e+01	9.545694e+00	-7.511098e+01	2.160970e+01	334
1.112220e+05	1.943078e+01	1.999919e+01	4.515408e-01	1.004193e+01	2.329459e+01	9.567225e+00	-7.511098e+01	2.161194e+01	335
1.115550e+05	1.943865e+01	1.999918e+01	4.528320e-01	1.006532e+01	2.331654e+01	9.588695e+00	-7.511098e+01	2.161419e+01	336
1.118880e+05	1.944654e+01	1.999916e+01	4.541216e-01	1.008865e+01	2.333843e+01	9.610104e+00	-7.511098e+01	2.161646e+01	337
1.122210e+05	1.946089e+01	1.999915e+01	4.554097e-01	1.011193e+01	2.336026e+01	9.631451e+00	-7.511098e+01	2.161874e+01	338
1.125540e+05	1.946879e+01	1.999914e+01	4.566962e-01	1.013515e+01	2.338204e+01	9.652735e+00	-7.511098e+01	2.162104e+01	339
1.128870e+05	1.947670e+01	1.999913e+01	4.579811e-01	1.015830e+01	2.340377e+01	9.673956e+00	-7.511098e+01	2.162335e+01	340
1.132200e+05	1.949111e+01	1.999912e+01	4.592644e-01	1.018140e+01	2.342544e+01	9.695114e+00	-7.511098e+01	2.162568e+01	341
1.135530e+05	1.949904e+01	1.999911e+01	4.605461e-01	1.020444e+01	2.344706e+01	9.716208e+00	-7.511098e+01	2.162803e+01	342
1.138860e+05	1.950699e+01	1.999910e+01	4.618262e-01	1.022742e+01	2.346862e+01	9.737238e+00	-7.511098e+01	2.163038e+01	343
1.142190e+05	1.952145e+01	1.999909e+01	4.631046e-01	1.025034e+01	2.349012e+01	9.758203e+00	-7.511098e+01	2.163276e+01	344
1.145520e+05	1.952941e+01	1.999908e+01	4.643814e-01	1.027320e+01	2.351158e+01	9.779103e+00	-7.511098e+01	2.163515e+01	345
1.148850e+05	1.954391e+01	1.999907e+01	4.656566e-01	1.029600e+01	2.353298e+01	9.799938e+00	-7.511098e+01	2.163755e+01	346
1.152180e+05	1.955844e+01	1.999905e+01	4.669301e-01	1.031873e+01	2.355432e+01	9.820706e+00	-7.511098e+01	2.163998e+01	347
1.155510e+05	1.956645e+01	1.999904e+01	4.682019e-01	1.034141e+01	2.357561e+01	9.841407e+00	-7.511098e+01	2.164241e+01	348
1.158840e+05	1.958101e+01	1.999903e+01	4.694721e-01	1.036402e+01	2.359685e+01	9.862041e+00	-7.511098e+01	2.164487e+01	349
1.162170e+05	1.959560e+01	1.999902e+01	4.707406e-01	1.038656e+01	2.361804e+01	9.882607e+00	-7.511098e+01	2.164734e+01	350
1.165500e+05	1.960365e+01	1.999901e+01	4.720074e-01	1.040905e+01	2.363917e+01	9.903104e+00	-7.511098e+01	2.164983e+01	351
1.168830e+05	1.961828e+01	1.999900e+01	4.732725e-01	1.043147e+01	2.366026e+01	9.923533e+00	-7.511098e+01	2.165233e+01	352
1.172160e+05	1.963294e+01	1.999898e+01	4.745359e-01	1.045383e+01	2.368129e+01	9.943892e+00	-7.511098e+01	2.165485e+01	353
1.175490e+05	1.964762e+01	1.999897e+01	4.757975e-01	1.047612e+01	2.370226e+01	9.964181e+00	-7.511098e+01	2.165739e+01	354
1.178820e+05	1.966233e+01	1.999896e+01	4.770574e-01	1.049834e+01	2.372319e+01	9.984399e+00	-7.511098e+01	2.165994e+01	355
1.182150e+05	1.967706e+01	1.999895e+01	4.783156e-01	1.052050e+01	2.374406e+01	1.000455e+01	-7.511098e+01	2.166252e+01	356
1.185480e+05	1.969183e+01	1.999893e+01	4.795720e-01	1.054260e+01	2.376489e+01	1.002462e+01	-7.511098e+01	2.166511e+01	357
1.188810e+05	1.970662e+01	1.999892e+01	4.808267e-01	1.056462e+01	2.378566e+01	1.004462e+01	-7.511098e+01	2.166772e+01	358
1.192140e+05	1.972144e+01	1.999891e+01	4.820795e-01	1.058658e+01	2.380638e+01	1.006455e+01	-7.511098e+01	2.167034e+01	359
1.195470e+05	1.973628e+01	1.999890e+01	4.833306e-01	1.060847e+01	2.382705e+01	1.008441e+01	-7.511098e+01	2.167299e+01	360
1.198800e+05	1.975780e+01	1.999888e+01	4.845799e-01	1.063029e+01	2.384767e+01	1.010419e+01	-7.511098e+01	2.167565e+01	361
1.200000e+05	1.977272e+01	1.999887e+01	4.858273e-01	1.064641e+01	2.385081e+01	1.034688e-02	-7.511098e+01	2.167834e+01	361
