0.000000e+00	0.000000e+00	0.000000e+00	-2.000000e+03	2.500000e-01	1.000000e+01	2.073800e-01	1.000000e+00	0.000000e+00	1
3.330000e+02	0.000000e+00	2.277782e+02	5.859791e-01	2.076081e-01	1.000454e+01	7.738557e-01	-7.348477e+01	0.000000e+00	2
6.660000e+02	9.565003e+00	1.952598e+01	4.657307e-01	2.914937e-01	1.006348e+01	3.264536e-01	-7.348477e+01	2.930866e+01	3
9.990000e+02	0.000000e+00	1.497699e+02	4.683087e-01	2.667400e-01	1.008722e+01	6.672391e-01	-7.348477e+01	0.000000e+00	4
1.332000e+03	8.607827e+01	2.000339e+01	1.673461e-01	3.257362e-01	1.015939e+01	6.840704e-01	-7.348477e+01	3.326699e+01	5
1.665000e+03	2.370638e+01	1.997157e+01	4.007907e-02	3.847652e-01	1.021280e+01	7.051281e-01	-7.348477e+01	3.227242e+01	6
1.998000e+03	2.261577e+01	2.000076e+01	4.215250e-02	4.421522e-01	1.026678e+01	7.369658e-01	-7.348477e+01	3.235393e+01	7
2.331000e+03	2.103542e+01	2.000102e+01	4.240279e-02	4.992918e-01	1.032147e+01	7.722088e-01	-7.348477e+01	3.231527e+01	8
2.664000e+03	2.000029e+01	2.000096e+01	4.273038e-02	5.561446e-01	1.037695e+01	8.094132e-01	-7.348477e+01	3.226833e+01	9
2.997000e+03	1.931023e+01	2.000093e+01	4.321647e-02	6.124100e-01	1.043327e+01	8.477942e-01	-7.348477e+01	3.221856e+01	10
3.330000e+03	1.885020e+01	2.000090e+01	4.384424e-02	6.677622e-01	1.049048e+01	8.867725e-01	-7.348477e+01	3.216873e+01	11
3.663000e+03	1.853519e+01	2.000087e+01	4.458307e-02	7.219191e-01	1.054855e+01	9.258947e-01	-7.348477e+01	3.212038e+01	12
3.996000e+03	1.831019e+01	2.000084e+01	4.540520e-02	7.746636e-01	1.060745e+01	9.648105e-01	-7.348477e+01	3.207440e+01	13
4.329000e+03	1.813518e+01	2.000081e+01	4.628955e-02	8.258455e-01	1.066711e+01	1.003258e+00	-7.348477e+01	3.203128e+01	14
4.662000e+03	1.799518e+01	2.000078e+01	4.722139e-02	8.753773e-01	1.072744e+01	1.041054e+00	-7.348477e+01	3.199129e+01	15
4.995000e+03	1.788518e+01	2.000075e+01	4.819064e-02	9.232253e-01	1.078836e+01	1.078079e+00	-7.348477e+01	3.195452e+01	16
5.328000e+03	1.778518e+01	2.000073e+01	4.919041e-02	9.694005e-01	1.084978e+01	1.114268e+00	-7.348477e+01	3.192097e+01	17
5.661000e+03	1.770018e+01	2.000071e+01	5.021590e-02	1.013949e+00	1.091161e+01	1.149596e+00	-7.348477e+01	3.189054e+01	18
5.994000e+03	1.762518e+01	2.000069e+01	5.126372e-02	1.056943e+00	1.097376e+01	1.184071e+00	-7.348477e+01	3.186308e+01	19
6.327000e+03	1.756018e+01	2.000067e+01	5.233146e-02	1.098474e+00	1.103616e+01	1.217722e+00	-7.348477e+01	3.183843e+01	20
6.660000e+03	1.749518e+01	2.000065e+01	5.341731e-02	1.138644e+00	1.109873e+01	1.250597e+00	-7.348477e+01	3.181637e+01	21
6.993000e+03	1.744018e+01	2.000063e+01	5.451992e-02	1.177560e+00	1.116139e+01	1.282750e+00	-7.348477e+01	3.179671e+01	22
7.326000e+03	1.739018e+01	2.000062e+01	5.563823e-02	1.215333e+00	1.122410e+01	1.314242e+00	-7.348477e+01	3.177923e+01	23
7.659000e+03	1.734018e+01	2.000061e+01	5.677138e-02	1.252072e+00	1.128679e+01	1.345135e+00	-7.348477e+01	3.176372e+01	24
7.992000e+03	1.730018e+01	2.000060e+01	5.791865e-02	1.287881e+00	1.134942e+01	1.375491e+00	-7.348477e+01	3.175001e+01	25
8.325000e+03	1.725518e+01	2.000059e+01	5.907939e-02	1.322857e+00	1.141193e+01	1.405371e+00	-7.348477e+01	3.173790e+01	26
8.658000e+03	1.722018e+01	2.000058e+01	6.025305e-02	1.357095e+00	1.147430e+01	1.434831e+00	-7.348477e+01	3.172724e+01	27
8.991000e+03	1.718518e+01	2.000057e+01	6.143914e-02	1.390677e+00	1.153649e+01	1.463922e+00	-7.348477e+01	3.171785e+01	28
9.324000e+03	1.715018e+01	2.000057e+01	6.263720e-02	1.423683e+00	1.159847e+01	1.492693e+00	-7.348477e+01	3.170962e+01	29
9.657000e+03	1.712018e+01	2.000056e+01	6.384683e-02	1.456182e+00	1.166022e+01	1.521188e+00	-7.348477e+01	3.170240e+01	30
9.990000e+03	1.709018e+01	2.000056e+01	6.506765e-02	1.488238e+00	1.172171e+01	1.549446e+00	-7.348477e+01	3.169609e+01	31
1.032300e+04	1.706018e+01	2.000056e+01	6.629931e-02	1.519907e+00	1.178294e+01	1.577501e+00	-7.348477e+01	3.169059e+01	32
1.065600e+04	1.703517e+01	2.000055e+01	6.754151e-02	1.551239e+00	1.184387e+01	1.605386e+00	-7.348477e+01	3.168580e+01	33
1.098900e+04	1.700517e+01	2.000055e+01	6.879394e-02	1.582279e+00	1.190451e+01	1.633127e+00	-7.348477e+01	3.168166e+01	34
1.132200e+04	1.698017e+01	2.000055e+01	7.005633e-02	1.613067e+00	1.196484e+01	1.660750e+00	-7.348477e+01	3.167808e+01	35
1.165500e+04	1.696017e+01	2.000054e+01	7.132844e-02	1.643637e+00	1.202485e+01	1.688274e+00	-7.348477e+01	3.167500e+01	36
1.198800e+04	1.693517e+01	2.000054e+01	7.261002e-02	1.674021e+00	1.208454e+01	1.715719e+00	-7.348477e+01	3.167238e+01	37
1.232100e+04	1.691517e+01	2.000054e+01	7.390086e-02	1.704243e+00	1.214389e+01	1.743101e+00	-7.348477e+01	3.167016e+01	38
1.265400e+04	1.689517e+01	2.000054e+01	7.520075e-02	1.734329e+00	1.220292e+01	1.770433e+00	-7.348477e+01	3.166831e+01	39
1.298700e+04	1.687517e+01	2.000054e+01	7.650949e-02	1.764298e+00	1.226161e+01	1.797728e+00	-7.348477e+01	3.166678e+01	40
1.332000e+04	1.685517e+01	2.000054e+01	7.782690e-02	1.794169e+00	1.231996e+01	1.824995e+00	-7.348477e+01	3.166553e+01	41
1.365300e+04	1.683517e+01	2.000054e+01	7.915281e-02	1.823955e+00	1.237797e+01	1.852245e+00	-7.348477e+01	3.166456e+01	42
1.398600e+04	1.681517e+01	2.000054e+01	8.048705e-02	1.853672e+00	1.243564e+01	1.879484e+00	-7.348477e+01	3.166382e+01	43
1.431900e+04	1.680017e+01	2.000054e+01	8.182948e-02	1.883330e+00	1.249297e+01	1.906718e+00	-7.348477e+01	3.166329e+01	44
1.465200e+04	1.678016e+01	2.000054e+01	8.317993e-02	1.912940e+00	1.254996e+01	1.933954e+00	-7.348477e+01	3.166297e+01	45
1.498500e+04	1.676516e+01	2.000054e+01	8.453827e-02	1.942510e+00	1.260662e+01	1.961196e+00	-7.348477e+01	3.166282e+01	46
1.531800e+04	1.675016e+01	2.000054e+01	8.590436e-02	1.972047e+00	1.266294e+01	1.988447e+00	-7.348477e+01	3.166283e+01	47
1.565100e+04	1.673516e+01	2.000054e+01	8.727807e-02	2.001559e+00	1.271892e+01	2.015711e+00	-7.348477e+01	3.166300e+01	48
1.598400e+04	1.671516e+01	2.000054e+01	8.865929e-02	2.031050e+00	1.277457e+01	2.042991e+00	-7.348477e+01	3.166330e+01	49
1.631700e+04	1.670016e+01	2.000054e+01	9.004787e-02	2.060526e+00	1.282988e+01	2.070289e+00	-7.348477e+01	3.166373e+01	50
1.665000e+04	1.668516e+01	2.000054e+01	9.144372e-02	2.089990e+00	1.288487e+01	2.097606e+00	-7.348477e+01	3.166428e+01	51
1.698300e+04	1.667516e+01	2.000054e+01	9.284672e-02	2.119447e+00	1.293953e+01	2.124945e+00	-7.348477e+01	3.166494e+01	52
1.731600e+04	1.666016e+01	2.000054e+01	9.425675e-02	2.148898e+00	1.299387e+01	2.152305e+00	-7.348477e+01	3.166569e+01	53
1.764900e+04	1.664516e+01	2.000054e+01	9.567372e-02	2.178347e+00	1.304789e+01	2.179688e+00	-7.348477e+01	3.166655e+01	54
1.798200e+04	1.663016e+01	2.000054e+01	9.709752e-02	2.207795e+00	1.310158e+01	2.207095e+00	-7.348477e+01	3.166749e+01	55
1.831500e+04	1.662016e+01	2.000054e+01	9.852805e-02	2.237245e+00	1.315496e+01	2.234526e+00	-7.348477e+01	3.166851e+01	56
1.864800e+04	1.660515e+01	2.000054e+01	9.996522e-02	2.266698e+00	1.320803e+01	2.261981e+00	-7.348477e+01	3.166962e+01	57
1.898100e+04	1.659515e+01	2.000054e+01	1.014089e-01	2.296155e+00	1.326079e+01	2.289460e+00	-7.348477e+01	3.167079e+01	58
1.931400e+04	1.658015e+01	2.000055e+01	1.028591e-01	2.325618e+00	1.331324e+01	2.316964e+00	-7.348477e+01	3.167204e+01	59
1.964700e+04	1.657015e+01	2.000055e+01	1.043156e-01	2.355086e+00	1.336538e+01	2.344492e+00	-7.348477e+01	3.167335e+01	60
1.998000e+04	1.655515e+01	2.000055e+01	1.057784e-01	2.384562e+00	1.341723e+01	2.372045e+00	-7.348477e+01	3.167472e+01	61
2.031300e+04	1.654515e+01	2.000055e+01	1.072473e-01	2.414044e+00	1.346877e+01	2.399621e+00	-7.348477e+01	3.167615e+01	62
2.064600e+04	1.653515e+01	2.000055e+01	1.087224e-01	2.443535e+00	1.352002e+01	2.427220e+00	-7.348477e+01	3.167763e+01	63
2.097900e+04	1.652515e+01	2.000055e+01	1.102034e-01	2.473034e+00	1.357098e+01	2.454843e+00	-7.348477e+01	3.167917e+01	64
2.131200e+04	1.651515e+01	2.000055e+01	1.116904e-01	2.502541e+00	1.362164e+01	2.482489e+00	-7.348477e+01	3.168075e+01	65
2.164500e+04	1.650015e+01	2.000055e+01	1.131833e-01	2.532057e+00	1.367202e+01	2.510157e+00	-7.348477e+01	3.168239e+01	66
2.197800e+04	1.649015e+01	2.000055e+01	1.146820e-01	2.561582e+00	1.372212e+01	2.537847e+00	-7.348477e+01	3.168406e+01	67
2.231100e+04	1.648015e+01	2.000055e+01	1.161863e-01	2.591115e+00	1.377193e+01	2.565558e+00	-7.348477e+01	3.168578e+01	68
2.264400e+04	1.647015e+01	2.000056e+01	1.176963e-01	2.620657e+00	1.382147e+01	2.593290e+00	-7.348477e+01	3.168755e+01	69
2.297700e+04	1.646015e+01	2.000056e+01	1.192118e-01	2.650208e+00	1.387073e+01	2.621042e+00	-7.348477e+01	3.168934e+01	70
2.331000e+04	1.645514e+01	2.000056e+01	1.207328e-01	2.679767e+00	1.391971e+01	2.648815e+00	-7.348477e+01	3.169118e+01	71
2.364300e+04	1.644514e+01	2.000056e+01	1.222592e-01	2.709335e+00	1.396843e+01	2.676606e+00	-7.348477e+01	3.169305e+01	72
2.397600e+04	1.643514e+01	2.000056e+01	1.237909e-01	2.738911e+00	1.401688e+01	2.704417e+00	-7.348477e+01	3.169495e+01	73
2.430900e+04	1.642514e+01	2.000056e+01	1.253280e-01	2.768494e+00	1.406506e+01	2.732245e+00	-7.348477e+01	3.169689e+01	74
2.464200e+04	1.641514e+01	2.000056e+01	1.268702e-01	2.798086e+00	1.411298e+01	2.760091e+00	-7.348477e+01	3.169886e+01	75
2.497500e+04	1.641014e+01	2.000056e+01	1.284176e-01	2.827686e+00	1.416064e+01	2.787955e+00	-7.348477e+01	3.170085e+01	76
2.530800e+04	1.640014e+01	2.000057e+01	1.299700e-01	2.857293e+00	1.420805e+01	2.815835e+00	-7.348477e+01	3.170287e+01	77
2.564100e+04	1.639014e+01	2.000057e+01	1.315274e-01	2.886907e+00	1.425520e+01	2.843731e+00	-7.348477e+01	3.170492e+01	78
2.597400e+04	1.638514e+01	2.000057e+01	1.330898e-01	2.916528e+00	1.430210e+01	2.871642e+00	-7.348477e+01	3.170700e+01	79
2.630700e+04	1.637514e+01	2.000057e+01	1.346571e-01	2.946155e+00	1.434875e+01	2.899568e+00	-7.348477e+01	3.170909e+01	80
2.664000e+04	1.637014e+01	2.000057e+01	1.362292e-01	2.975789e+00	1.439515e+01	2.927509e+00	-7.348477e+01	3.171121e+01	81
2.697300e+04	1.636014e+01	2.000057e+01	1.378061e-01	3.005429e+00	1.444131e+01	2.955464e+00	-7.348477e+01	3.171335e+01	82
2.730600e+04	1.635514e+01	2.000057e+01	1.393876e-01	3.035075e+00	1.448723e+01	2.983432e+00	-7.348477e+01	3.171552e+01	83
2.763900e+04	1.634514e+01	2.000057e+01	1.409738e-01	3.064727e+00	1.453291e+01	3.011413e+00	-7.348477e+01	3.171770e+01	84
2.797200e+04	1.634014e+01	2.000058e+01	1.425646e-01	3.094384e+00	1.457835e+01	3.039406e+00	-7.348477e+01	3.171990e+01	85
2.830500e+04	1.633514e+01	2.000058e+01	1.441600e-01	3.124045e+00	1.462355e+01	3.067411e+00	-7.348477e+01	3.172212e+01	86
2.863800e+04	1.632514e+01	2.000058e+01	1.457598e-01	3.153712e+00	1.466852e+01	3.095427e+00	-7.348477e+01	3.172435e+01	87
2.897100e+04	1.632013e+01	2.000058e+01	1.473640e-01	3.183383e+00	1.471327e+01	3.123455e+00	-7.348477e+01	3.172660e+01	88
2.930400e+04	1.631513e+01	2.000058e+01	1.489726e-01	3.213057e+00	1.475778e+01	3.151492e+00	-7.348477e+01	3.172887e+01	89
2.963700e+04	1.630513e+01	2.000058e+01	1.505855e-01	3.242736e+00	1.480207e+01	3.179540e+00	-7.348477e+01	3.173115e+01	90
2.997000e+04	1.630013e+01	2.000058e+01	1.522026e-01	3.272418e+00	1.484614e+01	3.207597e+00	-7.348477e+01	3.173344e+01	91
3.030300e+04	1.629513e+01	2.000059e+01	1.538240e-01	3.302104e+00	1.488998e+01	3.235663e+00	-7.348477e+01	3.173575e+01	92
3.063600e+04	1.629013e+01	2.000059e+01	1.554496e-01	3.331792e+00	1.493361e+01	3.263738e+00	-7.348477e+01	3.173807e+01	93
3.096900e+04	1.628513e+01	2.000059e+01	1.570792e-01	3.361483e+00	1.497702e+01	3.291821e+00	-7.348477e+01	3.174040e+01	94
3.130200e+04	1.627513e+01	2.000059e+01	1.587129e-01	3.391177e+00	1.502021e+01	3.319912e+00	-7.348477e+01	3.174274e+01	95
3.163500e+04	1.627013e+01	2.000059e+01	1.603506e-01	3.420872e+00	1.506320e+01	3.348010e+00	-7.348477e+01	3.174509e+01	96
3.196800e+04	1.626513e+01	2.000059e+01	1.619923e-01	3.450570e+00	1.510597e+01	3.376115e+00	-7.348477e+01	3.174745e+01	97
3.230100e+04	1.626013e+01	2.000059e+01	1.636379e-01	3.480269e+00	1.514853e+01	3.404226e+00	-7.348477e+01	3.174982e+01	98
3.263400e+04	1.625513e+01	2.000060e+01	1.652873e-01	3.509969e+00	1.519088e+01	3.432343e+00	-7.348477e+01	3.175220e+01	99
3.296700e+04	1.625013e+01	2.000060e+01	1.669406e-01	3.539670e+00	1.523303e+01	3.460466e+00	-7.348477e+01	3.175459e+01	100
3.330000e+04	1.624513e+01	2.000060e+01	1.685977e-01	3.569372e+00	1.527498e+01	3.488595e+00	-7.348477e+01	3.175698e+01	101
3.363300e+04	1.624013e+01	2.000060e+01	1.702585e-01	3.599075e+00	1.531673e+01	3.516728e+00	-7.348477e+01	3.175938e+01	102
3.396600e+04	1.623513e+01	2.000060e+01	1.719230e-01	3.628777e+00	1.535827e+01	3.544866e+00	-7.348477e+01	3.176179e+01	103
3.429900e+04	1.623013e+01	2.000060e+01	1.735911e-01	3.658480e+00	1.539962e+01	3.573008e+00	-7.348477e+01	3.176420e+01	104
3.463200e+04	1.623013e+01	2.000060e+01	1.752628e-01	3.688183e+00	1.544078e+01	3.601153e+00	-7.348477e+01	3.176662e+01	105
3.496500e+04	1.622513e+01	2.000061e+01	1.769381e-01	3.717884e+00	1.548174e+01	3.629303e+00	-7.348477e+01	3.176904e+01	106
3.529800e+04	1.622013e+01	2.000061e+01	1.786169e-01	3.747586e+00	1.552251e+01	3.657455e+00	-7.348477e+01	3.177147e+01	107
3.563100e+04	1.621513e+01	2.000061e+01	1.802992e-01	3.777286e+00	1.556309e+01	3.685610e+00	-7.348477e+01	3.177390e+01	108
3.596400e+04	1.621012e+01	2.000061e+01	1.819849e-01	3.806984e+00	1.560348e+01	3.713768e+00	-7.348477e+01	3.177634e+01	109
3.629700e+04	1.620512e+01	2.000061e+01	1.836740e-01	3.836682e+00	1.564368e+01	3.741927e+00	-7.348477e+01	3.177878e+01	110
3.663000e+04	1.620512e+01	2.000061e+01	1.853664e-01	3.866377e+00	1.568370e+01	3.770089e+00	-7.348477e+01	3.178122e+01	111
3.696300e+04	1.620012e+01	2.000061e+01	1.870622e-01	3.896071e+00	1.572353e+01	3.798251e+00	-7.348477e+01	3.178367e+01	112
3.729600e+04	1.619512e+01	2.000062e+01	1.887612e-01	3.925762e+00	1.576319e+01	3.826416e+00	-7.348477e+01	3.178611e+01	113
3.762900e+04	1.619012e+01	2.000062e+01	1.904635e-01	3.955451e+00	1.580266e+01	3.854580e+00	-7.348477e+01	3.178856e+01	114
3.796200e+04	1.619012e+01	2.000062e+01	1.921690e-01	3.985138e+00	1.584196e+01	3.882746e+00	-7.348477e+01	3.179102e+01	115
3.829500e+04	1.618512e+01	2.000062e+01	1.938776e-01	4.014821e+00	1.588108e+01	3.910912e+00	-7.348477e+01	3.179347e+01	116
3.862800e+04	1.618012e+01	2.000062e+01	1.955894e-01	4.044502e+00	1.592002e+01	3.939077e+00	-7.348477e+01	3.179592e+01	117
3.896100e+04	1.618012e+01	2.000062e+01	1.973042e-01	4.074179e+00	1.595879e+01	3.967243e+00	-7.348477e+01	3.179838e+01	118
3.929400e+04	1.617512e+01	2.000062e+01	1.990221e-01	4.103853e+00	1.599739e+01	3.995408e+00	-7.348477e+01	3.180083e+01	119
3.962700e+04	1.617012e+01	2.000063e+01	2.007430e-01	4.133523e+00	1.603582e+01	4.023572e+00	-7.348477e+01	3.180329e+01	120
3.996000e+04	1.617012e+01	2.000063e+01	2.024669e-01	4.163189e+00	1.607408e+01	4.051735e+00	-7.348477e+01	3.180575e+01	121
4.029300e+04	1.616512e+01	2.000063e+01	2.041938e-01	4.192851e+00	1.611217e+01	4.079896e+00	-7.348477e+01	3.180820e+01	122
4.062600e+04	1.616512e+01	2.000063e+01	2.059235e-01	4.222509e+00	1.615009e+01	4.108056e+00	-7.348477e+01	3.181066e+01	123
4.095900e+04	1.616012e+01	2.000063e+01	2.076561e-01	4.252162e+00	1.618785e+01	4.136214e+00	-7.348477e+01	3.181311e+01	124
4.129200e+04	1.616012e+01	2.000063e+01	2.093915e-01	4.281811e+00	1.622545e+01	4.164370e+00	-7.348477e+01	3.181557e+01	125
4.162500e+04	1.615512e+01	2.000064e+01	2.111298e-01	4.311454e+00	1.626289e+01	4.192523e+00	-7.348477e+01	3.181802e+01	126
4.195800e+04	1.615512e+01	2.000064e+01	2.128708e-01	4.341093e+00	1.630016e+01	4.220674e+00	-7.348477e+01	3.182047e+01	127
4.229100e+04	1.615012e+01	2.000064e+01	2.146146e-01	4.370727e+00	1.633728e+01	4.248822e+00	-7.348477e+01	3.182292e+01	128
4.262400e+04	1.615012e+01	2.000064e+01	2.163610e-01	4.400355e+00	1.637423e+01	4.276967e+00	-7.348477e+01	3.182537e+01	129
4.295700e+04	1.614512e+01	2.000064e+01	2.181102e-01	4.429977e+00	1.641104e+01	4.305109e+00	-7.348477e+01	3.182782e+01	130
4.329000e+04	1.614512e+01	2.000064e+01	2.198620e-01	4.459594e+00	1.644768e+01	4.333247e+00	-7.348477e+01	3.183026e+01	131
4.362300e+04	1.614012e+01	2.000064e+01	2.216163e-01	4.489205e+00	1.648418e+01	4.361381e+00	-7.348477e+01	3.183270e+01	132
4.395600e+04	1.614012e+01	2.000065e+01	2.233733e-01	4.518810e+00	1.652052e+01	4.389512e+00	-7.348477e+01	3.183514e+01	133
4.428900e+04	1.613512e+01	2.000065e+01	2.251328e-01	4.548409e+00	1.655671e+01	4.417638e+00	-7.348477e+01	3.183758e+01	134
4.462200e+04	1.613512e+01	2.000065e+01	2.268948e-01	4.578001e+00	1.659274e+01	4.445760e+00	-7.348477e+01	3.184001e+01	135
4.495500e+04	1.613512e+01	2.000065e+01	2.286593e-01	4.607587e+00	1.662864e+01	4.473877e+00	-7.348477e+01	3.184245e+01	136
4.528800e+04	1.613011e+01	2.000065e+01	2.304263e-01	4.637166e+00	1.666438e+01	4.501989e+00	-7.348477e+01	3.184488e+01	137
4.562100e+04	1.613011e+01	2.000065e+01	2.321957e-01	4.666738e+00	1.669998e+01	4.530097e+00	-7.348477e+01	3.184730e+01	138
4.595400e+04	1.613011e+01	2.000065e+01	2.339675e-01	4.696303e+00	1.673543e+01	4.558199e+00	-7.348477e+01	3.184972e+01	139
4.628700e+04	1.612511e+01	2.000066e+01	2.357416e-01	4.725861e+00	1.677073e+01	4.586296e+00	-7.348477e+01	3.185214e+01	140
4.662000e+04	1.612511e+01	2.000066e+01	2.375181e-01	4.755411e+00	1.680590e+01	4.614388e+00	-7.348477e+01	3.185456e+01	141
4.695300e+04	1.612511e+01	2.000066e+01	2.392969e-01	4.784955e+00	1.684092e+01	4.642473e+00	-7.348477e+01	3.185697e+01	142
4.728600e+04	1.612011e+01	2.000066e+01	2.410779e-01	4.814490e+00	1.687581e+01	4.670553e+00	-7.348477e+01	3.185938e+01	143
4.761900e+04	1.612011e+01	2.000066e+01	2.428612e-01	4.844018e+00	1.691055e+01	4.698627e+00	-7.348477e+01	3.186178e+01	144
4.795200e+04	1.612011e+01	2.000066e+01	2.446468e-01	4.873538e+00	1.694516e+01	4.726695e+00	-7.348477e+01	3.186419e+01	145
4.828500e+04	1.611511e+01	2.000066e+01	2.464345e-01	4.903050e+00	1.697962e+01	4.754756e+00	-7.348477e+01	3.186658e+01	146
4.861800e+04	1.611511e+01	2.000067e+01	2.482244e-01	4.932554e+00	1.701396e+01	4.782810e+00	-7.348477e+01	3.186897e+01	147
4.895100e+04	1.611511e+01	2.000067e+01	2.500164e-01	4.962049e+00	1.704816e+01	4.810858e+00	-7.348477e+01	3.187136e+01	148
4.928400e+04	1.611511e+01	2.000067e+01	2.518105e-01	4.991536e+00	1.708222e+01	4.838899e+00	-7.348477e+01	3.187375e+01	149
4.961700e+04	1.611011e+01	2.000067e+01	2.536067e-01	5.021015e+00	1.711615e+01	4.866933e+00	-7.348477e+01	3.187613e+01	150
4.995000e+04	1.611011e+01	2.000067e+01	2.554050e-01	5.050485e+00	1.714995e+01	4.894960e+00	-7.348477e+01	3.187850e+01	151
5.028300e+04	1.611011e+01	2.000067e+01	2.572053e-01	5.079946e+00	1.718362e+01	4.922979e+00	-7.348477e+01	3.188087e+01	152
5.061600e+04	1.611011e+01	2.000067e+01	2.590076e-01	5.109399e+00	1.721716e+01	4.950991e+00	-7.348477e+01	3.188324e+01	153
5.094900e+04	1.611011e+01	2.000068e+01	2.608119e-01	5.138842e+00	1.725057e+01	4.978996e+00	-7.348477e+01	3.188560e+01	154
5.128200e+04	1.610511e+01	2.000068e+01	2.626181e-01	5.168276e+00	1.728385e+01	5.006992e+00	-7.348477e+01	3.188796e+01	155
5.161500e+04	1.610511e+01	2.000068e+01	2.644262e-01	5.197701e+00	1.731701e+01	5.034981e+00	-7.348477e+01	3.189031e+01	156
5.194800e+04	1.610511e+01	2.000068e+01	2.662363e-01	5.227117e+00	1.735004e+01	5.062961e+00	-7.348477e+01	3.189266e+01	157
5.228100e+04	1.610511e+01	2.000068e+01	2.680482e-01	5.256523e+00	1.738294e+01	5.090933e+00	-7.348477e+01	3.189500e+01	158
5.261400e+04	1.610511e+01	2.000068e+01	2.698619e-01	5.285919e+00	1.741572e+01	5.118897e+00	-7.348477e+01	3.189733e+01	159
5.294700e+04	1.610511e+01	2.000068e+01	2.716775e-01	5.315306e+00	1.744838e+01	5.146853e+00	-7.348477e+01	3.189967e+01	160
5.328000e+04	1.610011e+01	2.000069e+01	2.734949e-01	5.344683e+00	1.748092e+01	5.174800e+00	-7.348477e+01	3.190199e+01	161
5.361300e+04	1.610011e+01	2.000069e+01	2.753140e-01	5.374051e+00	1.751334e+01	5.202738e+00	-7.348477e+01	3.190431e+01	162
5.394600e+04	1.610011e+01	2.000069e+01	2.771349e-01	5.403408e+00	1.754563e+01	5.230667e+00	-7.348477e+01	3.190663e+01	163
5.427900e+04	1.610011e+01	2.000069e+01	2.789575e-01	5.432755e+00	1.757781e+01	5.258588e+00	-7.348477e+01	3.190894e+01	164
5.461200e+04	1.610011e+01	2.000069e+01	2.807818e-01	5.462092e+00	1.760987e+01	5.286499e+00	-7.348477e+01	3.191125e+01	165
5.494500e+04	1.610011e+01	2.000069e+01	2.826078e-01	5.491419e+00	1.764181e+01	5.314401e+00	-7.348477e+01	3.191355e+01	166
5.527800e+04	1.610011e+01	2.000069e+01	2.844354e-01	5.520735e+00	1.767363e+01	5.342294e+00	-7.348477e+01	3.191584e+01	167
5.561100e+04	1.610011e+01	2.000069e+01	2.862647e-01	5.550041e+00	1.770534e+01	5.370177e+00	-7.348477e+01	3.191813e+01	168
5.594400e+04	1.610011e+01	2.000070e+01	2.880956e-01	5.579337e+00	1.773693e+01	5.398051e+00	-7.348477e+01	3.192042e+01	169
5.627700e+04	1.609511e+01	2.000070e+01	2.899280e-01	5.608621e+00	1.776841e+01	5.425915e+00	-7.348477e+01	3.192270e+01	170
5.661000e+04	1.609511e+01	2.000070e+01	2.917620e-01	5.637895e+00	1.779978e+01	5.453770e+00	-7.348477e+01	3.192497e+01	171
5.694300e+04	1.609511e+01	2.000070e+01	2.935975e-01	5.667158e+00	1.783103e+01	5.481614e+00	-7.348477e+01	3.192724e+01	172
5.727600e+04	1.609511e+01	2.000070e+01	2.954346e-01	5.696411e+00	1.786217e+01	5.509449e+00	-7.348477e+01	3.192950e+01	173
5.760900e+04	1.609511e+01	2.000070e+01	2.972731e-01	5.725652e+00	1.789320e+01	5.537274e+00	-7.348477e+01	3.193176e+01	174
5.794200e+04	1.609511e+01	2.000070e+01	2.991131e-01	5.754882e+00	1.792412e+01	5.565088e+00	-7.348477e+01	3.193401e+01	175
5.827500e+04	1.609511e+01	2.000071e+01	3.009545e-01	5.784101e+00	1.795494e+01	5.592892e+00	-7.348477e+01	3.193625e+01	176
5.860800e+04	1.609511e+01	2.000071e+01	3.027974e-01	5.813309e+00	1.798564e+01	5.620686e+00	-7.348477e+01	3.193849e+01	177
5.894100e+04	1.609511e+01	2.000071e+01	3.046416e-01	5.842505e+00	1.801624e+01	5.648470e+00	-7.348477e+01	3.194073e+01	178
5.927400e+04	1.609511e+01	2.000071e+01	3.064872e-01	5.871691e+00	1.804673e+01	5.676243e+00	-7.348477e+01	3.194295e+01	179
5.960700e+04	1.609511e+01	2.000071e+01	3.083342e-01	5.900864e+00	1.807711e+01	5.704005e+00	-7.348477e+01	3.194518e+01	180
5.994000e+04	1.609511e+01	2.000071e+01	3.101825e-01	5.930026e+00	1.810739e+01	5.731757e+00	-7.348477e+01	3.194739e+01	181
6.027300e+04	1.609510e+01	2.000071e+01	3.120321e-01	5.959177e+00	1.813756e+01	5.759497e+00	-7.348477e+01	3.194960e+01	182
6.060600e+04	1.609510e+01	2.000071e+01	3.138830e-01	5.988316e+00	1.816763e+01	5.787227e+00	-7.348477e+01	3.195181e+01	183
6.093900e+04	1.609510e+01	2.000072e+01	3.157352e-01	6.017443e+00	1.819759e+01	5.814946e+00	-7.348477e+01	3.195401e+01	184
6.127200e+04	1.609510e+01	2.000072e+01	3.175886e-01	6.046558e+00	1.822746e+01	5.842654e+00	-7.348477e+01	3.195620e+01	185
6.160500e+04	1.609510e+01	2.000072e+01	3.194432e-01	6.075661e+00	1.825722e+01	5.870351e+00	-7.348477e+01	3.195839e+01	186
6.193800e+04	1.609510e+01	2.000072e+01	3.212991e-01	6.104753e+00	1.828688e+01	5.898037e+00	-7.348477e+01	3.196057e+01	187
6.227100e+04	1.609510e+01	2.000072e+01	3.231561e-01	6.133832e+00	1.831644e+01	5.925711e+00	-7.348477e+01	3.196275e+01	188
6.260400e+04	1.609510e+01	2.000072e+01	3.250143e-01	6.162899e+00	1.834590e+01	5.953374e+00	-7.348477e+01	3.196492e+01	189
6.293700e+04	1.609510e+01	2.000072e+01	3.268736e-01	6.191954e+00	1.837526e+01	5.981025e+00	-7.348477e+01	3.196708e+01	190
6.327000e+04	1.609510e+01	2.000072e+01	3.287340e-01	6.220997e+00	1.840452e+01	6.008665e+00	-7.348477e+01	3.196924e+01	191
6.360300e+04	1.609510e+01	2.000073e+01	3.305956e-01	6.250028e+00	1.843369e+01	6.036293e+00	-7.348477e+01	3.197139e+01	192
6.393600e+04	1.609510e+01	2.000073e+01	3.324582e-01	6.279046e+00	1.846275e+01	6.063910e+00	-7.348477e+01	3.197354e+01	193
6.426900e+04	1.609510e+01	2.000073e+01	3.343219e-01	6.308052e+00	1.849173e+01	6.091515e+00	-7.348477e+01	3.197568e+01	194
6.460200e+04	1.609510e+01	2.000073e+01	3.361866e-01	6.337045e+00	1.852060e+01	6.119108e+00	-7.348477e+01	3.197781e+01	195
6.493500e+04	1.610010e+01	2.000073e+01	3.380524e-01	6.366026e+00	1.854938e+01	6.146690e+00	-7.348477e+01	3.197994e+01	196
6.526800e+04	1.610010e+01	2.000073e+01	3.399191e-01	6.394995e+00	1.857807e+01	6.174259e+00	-7.348477e+01	3.198207e+01	197
6.560100e+04	1.610010e+01	2.000073e+01	3.417869e-01	6.423950e+00	1.860666e+01	6.201816e+00	-7.348477e+01	3.198418e+01	198
6.593400e+04	1.610010e+01	2.000073e+01	3.436555e-01	6.452893e+00	1.863516e+01	6.229362e+00	-7.348477e+01	3.198630e+01	199
6.626700e+04	1.610010e+01	2.000074e+01	3.455252e-01	6.481824e+00	1.866357e+01	6.256895e+00	-7.348477e+01	3.198840e+01	200
6.660000e+04	1.610010e+01	2.000074e+01	3.473957e-01	6.510741e+00	1.869188e+01	6.284416e+00	-7.348477e+01	3.199050e+01	201
6.693300e+04	1.610010e+01	2.000074e+01	3.492672e-01	6.539646e+00	1.872011e+01	6.311925e+00	-7.348477e+01	3.199260e+01	202
6.726600e+04	1.610010e+01	2.000074e+01	3.511395e-01	6.568538e+00	1.874824e+01	6.339421e+00	-7.348477e+01	3.199468e+01	203
6.759900e+04	1.610010e+01	2.000074e+01	3.530128e-01	6.597417e+00	1.877628e+01	6.366905e+00	-7.348477e+01	3.199677e+01	204
6.793200e+04	1.610010e+01	2.000074e+01	3.548868e-01	6.626283e+00	1.880423e+01	6.394377e+00	-7.348477e+01	3.199884e+01	205
6.826500e+04	1.610010e+01	2.000074e+01	3.567617e-01	6.655135e+00	1.883210e+01	6.421836e+00	-7.348477e+01	3.200091e+01	206
6.859800e+04	1.610510e+01	2.000074e+01	3.586374e-01	6.683975e+00	1.885987e+01	6.449283e+00	-7.348477e+01	3.200298e+01	207
6.893100e+04	1.610510e+01	2.000074e+01	3.605139e-01	6.712802e+00	1.888756e+01	6.476717e+00	-7.348477e+01	3.200504e+01	208
6.926400e+04	1.610510e+01	2.000075e+01	3.623912e-01	6.741615e+00	1.891516e+01	6.504139e+00	-7.348477e+01	3.200709e+01	209
6.959700e+04	1.610510e+01	2.000075e+01	3.642692e-01	6.770415e+00	1.894267e+01	6.531548e+00	-7.348477e+01	3.200914e+01	210
6.993000e+04	1.610510e+01	2.000075e+01	3.661479e-01	6.799202e+00	1.897010e+01	6.558944e+00	-7.348477e+01	3.201118e+01	211
7.026300e+04	1.610510e+01	2.000075e+01	3.680274e-01	6.827976e+00	1.899744e+01	6.586327e+00	-7.348477e+01	3.201321e+01	212
7.059600e+04	1.610510e+01	2.000075e+01	3.699076e-01	6.856736e+00	1.902470e+01	6.613697e+00	-7.348477e+01	3.201524e+01	213
7.092900e+04	1.610510e+01	2.000075e+01	3.717885e-01	6.885483e+00	1.905187e+01	6.641055e+00	-7.348477e+01	3.201727e+01	214
7.126200e+04	1.610510e+01	2.000075e+01	3.736700e-01	6.914217e+00	1.907895e+01	6.668399e+00	-7.348477e+01	3.201929e+01	215
7.159500e+04	1.611010e+01	2.000075e+01	3.755522e-01	6.942937e+00	1.910596e+01	6.695731e+00	-7.348477e+01	3.202130e+01	216
7.192800e+04	1.611010e+01	2.000076e+01	3.774350e-01	6.971643e+00	1.913288e+01	6.723050e+00	-7.348477e+01	3.202331e+01	217
7.226100e+04	1.611010e+01	2.000076e+01	3.793184e-01	7.000336e+00	1.915972e+01	6.750355e+00	-7.348477e+01	3.202531e+01	218
7.259400e+04	1.611010e+01	2.000076e+01	3.812024e-01	7.029016e+00	1.918647e+01	6.777648e+00	-7.348477e+01	3.202730e+01	219
7.292700e+04	1.611010e+01	2.000076e+01	3.830870e-01	7.057682e+00	1.921315e+01	6.804927e+00	-7.348477e+01	3.202929e+01	220
7.326000e+04	1.611010e+01	2.000076e+01	3.849722e-01	7.086334e+00	1.923974e+01	6.832193e+00	-7.348477e+01	3.203128e+01	221
7.359300e+04	1.611010e+01	2.000076e+01	3.868579e-01	7.114972e+00	1.926625e+01	6.859446e+00	-7.348477e+01	3.203325e+01	222
7.392600e+04	1.611510e+01	2.000076e+01	3.887441e-01	7.143597e+00	1.929269e+01	6.886685e+00	-7.348477e+01	3.203523e+01	223
7.425900e+04	1.611510e+01	2.000076e+01	3.906309e-01	7.172208e+00	1.931904e+01	6.913912e+00	-7.348477e+01	3.203719e+01	224
7.459200e+04	1.611510e+01	2.000076e+01	3.925181e-01	7.200805e+00	1.934531e+01	6.941125e+00	-7.348477e+01	3.203915e+01	225
7.492500e+04	1.611510e+01	2.000077e+01	3.944059e-01	7.229388e+00	1.937151e+01	6.968324e+00	-7.348477e+01	3.204111e+01	226
7.525800e+04	1.611510e+01	2.000077e+01	3.962940e-01	7.257958e+00	1.939763e+01	6.995510e+00	-7.348477e+01	3.204306e+01	227
7.559100e+04	1.611510e+01	2.000077e+01	3.981827e-01	7.286513e+00	1.942367e+01	7.022683e+00	-7.348477e+01	3.204500e+01	228
7.592400e+04	1.612010e+01	2.000077e+01	4.000718e-01	7.315055e+00	1.944963e+01	7.049842e+00	-7.348477e+01	3.204694e+01	229
7.625700e+04	1.612010e+01	2.000077e+01	4.019612e-01	7.343583e+00	1.947552e+01	7.076987e+00	-7.348477e+01	3.204888e+01	230
7.659000e+04	1.612010e+01	2.000077e+01	4.038511e-01	7.372096e+00	1.950133e+01	7.104119e+00	-7.348477e+01	3.205080e+01	231
7.692300e+04	1.612010e+01	2.000077e+01	4.057414e-01	7.400596e+00	1.952706e+01	7.131237e+00	-7.348477e+01	3.205273e+01	232
7.725600e+04	1.612010e+01	2.000077e+01	4.076320e-01	7.429082e+00	1.955272e+01	7.158342e+00	-7.348477e+01	3.205464e+01	233
7.758900e+04	1.612010e+01	2.000077e+01	4.095230e-01	7.457553e+00	1.957830e+01	7.185433e+00	-7.348477e+01	3.205655e+01	234
7.792200e+04	1.612510e+01	2.000077e+01	4.114143e-01	7.486011e+00	1.960381e+01	7.212510e+00	-7.348477e+01	3.205846e+01	235
7.825500e+04	1.612510e+01	2.000078e+01	4.133059e-01	7.514454e+00	1.962925e+01	7.239574e+00	-7.348477e+01	3.206036e+01	236
7.858800e+04	1.612510e+01	2.000078e+01	4.151979e-01	7.542883e+00	1.965461e+01	7.266624e+00	-7.348477e+01	3.206225e+01	237
7.892100e+04	1.612510e+01	2.000078e+01	4.170901e-01	7.571298e+00	1.967990e+01	7.293660e+00	-7.348477e+01	3.206414e+01	238
7.925400e+04	1.612510e+01	2.000078e+01	4.189826e-01	7.599699e+00	1.970511e+01	7.320682e+00	-7.348477e+01	3.206602e+01	239
7.958700e+04	1.613010e+01	2.000078e+01	4.208754e-01	7.628086e+00	1.973026e+01	7.347690e+00	-7.348477e+01	3.206790e+01	240
7.992000e+04	1.613010e+01	2.000078e+01	4.227684e-01	7.656458e+00	1.975533e+01	7.374685e+00	-7.348477e+01	3.206977e+01	241
8.025300e+04	1.613010e+01	2.000078e+01	4.246616e-01	7.684816e+00	1.978033e+01	7.401665e+00	-7.348477e+01	3.207164e+01	242
8.058600e+04	1.613010e+01	2.000078e+01	4.265551e-01	7.713160e+00	1.980526e+01	7.428632e+00	-7.348477e+01	3.207350e+01	243
8.091900e+04	1.613010e+01	2.000078e+01	4.284488e-01	7.741489e+00	1.983011e+01	7.455584e+00	-7.348477e+01	3.207536e+01	244
8.125200e+04	1.613510e+01	2.000079e+01	4.303426e-01	7.769804e+00	1.985490e+01	7.482523e+00	-7.348477e+01	3.207721e+01	245
8.158500e+04	1.613510e+01	2.000079e+01	4.322366e-01	7.798105e+00	1.987962e+01	7.509448e+00	-7.348477e+01	3.207906e+01	246
8.191800e+04	1.613510e+01	2.000079e+01	4.341308e-01	7.826391e+00	1.990427e+01	7.536358e+00	-7.348477e+01	3.208090e+01	247
8.225100e+04	1.613510e+01	2.000079e+01	4.360251e-01	7.854663e+00	1.992885e+01	7.563255e+00	-7.348477e+01	3.208273e+01	248
8.258400e+04	1.613510e+01	2.000079e+01	4.379195e-01	7.882921e+00	1.995336e+01	7.590137e+00	-7.348477e+01	3.208456e+01	249
8.291700e+04	1.614010e+01	2.000079e+01	4.398140e-01	7.911164e+00	1.997780e+01	7.617005e+00	-7.348477e+01	3.208639e+01	250
8.325000e+04	1.614010e+01	2.000079e+01	4.417087e-01	7.939392e+00	2.000218e+01	7.643859e+00	-7.348477e+01	3.208820e+01	251
8.358300e+04	1.614010e+01	2.000079e+01	4.436034e-01	7.967606e+00	2.002648e+01	7.670699e+00	-7.348477e+01	3.209002e+01	252
8.391600e+04	1.614010e+01	2.000079e+01	4.454982e-01	7.995806e+00	2.005072e+01	7.697525e+00	-7.348477e+01	3.209183e+01	253
8.424900e+04	1.614010e+01	2.000079e+01	4.473931e-01	8.023991e+00	2.007489e+01	7.724337e+00	-7.348477e+01	3.209363e+01	254
8.458200e+04	1.614510e+01	2.000079e+01	4.492880e-01	8.052161e+00	2.009900e+01	7.751134e+00	-7.348477e+01	3.209543e+01	255
8.491500e+04	1.614510e+01	2.000080e+01	4.511829e-01	8.080317e+00	2.012304e+01	7.777917e+00	-7.348477e+01	3.209722e+01	256
8.524800e+04	1.614510e+01	2.000080e+01	4.530779e-01	8.108458e+00	2.014702e+01	7.804686e+00	-7.348477e+01	3.209901e+01	257
8.558100e+04	1.614510e+01	2.000080e+01	4.549728e-01	8.136585e+00	2.017093e+01	7.831441e+00	-7.348477e+01	3.210079e+01	258
8.591400e+04	1.614510e+01	2.000080e+01	4.568677e-01	8.164697e+00	2.019477e+01	7.858181e+00	-7.348477e+01	3.210257e+01	259
8.624700e+04	1.615010e+01	2.000080e+01	4.587627e-01	8.192794e+00	2.021855e+01	7.884907e+00	-7.348477e+01	3.210434e+01	260
8.658000e+04	1.615009e+01	2.000080e+01	4.606575e-01	8.220877e+00	2.024226e+01	7.911619e+00	-7.348477e+01	3.210611e+01	261
8.691300e+04	1.615009e+01	2.000080e+01	4.625524e-01	8.248945e+00	2.026592e+01	7.938316e+00	-7.348477e+01	3.210787e+01	262
8.724600e+04	1.615009e+01	2.000080e+01	4.644471e-01	8.276999e+00	2.028950e+01	7.964999e+00	-7.348477e+01	3.210963e+01	263
8.757900e+04	1.615509e+01	2.000080e+01	4.663418e-01	8.305038e+00	2.031303e+01	7.991667e+00	-7.348477e+01	3.211138e+01	264
8.791200e+04	1.615509e+01	2.000080e+01	4.682364e-01	8.333062e+00	2.033649e+01	8.018321e+00	-7.348477e+01	3.211313e+01	265
8.824500e+04	1.615509e+01	2.000080e+01	4.701309e-01	8.361071e+00	2.035989e+01	8.044961e+00	-7.348477e+01	3.211487e+01	266
8.857800e+04	1.615509e+01	2.000081e+01	4.720253e-01	8.389066e+00	2.038323e+01	8.071586e+00	-7.348477e+01	3.211661e+01	267
8.891100e+04	1.615509e+01	2.000081e+01	4.739195e-01	8.417045e+00	2.040650e+01	8.098197e+00	-7.348477e+01	3.211834e+01	268
8.924400e+04	1.616009e+01	2.000081e+01	4.758136e-01	8.445010e+00	2.042972e+01	8.124794e+00	-7.348477e+01	3.212007e+01	269
8.957700e+04	1.616009e+01	2.000081e+01	4.777076e-01	8.472961e+00	2.045287e+01	8.151376e+00	-7.348477e+01	3.212179e+01	270
8.991000e+04	1.616009e+01	2.000081e+01	4.796014e-01	8.500896e+00	2.047596e+01	8.177943e+00	-7.348477e+01	3.212351e+01	271
9.024300e+04	1.616009e+01	2.000081e+01	4.814950e-01	8.528817e+00	2.049899e+01	8.204496e+00	-7.348477e+01	3.212522e+01	272
9.057600e+04	1.616509e+01	2.000081e+01	4.833884e-01	8.556723e+00	2.052196e+01	8.231034e+00	-7.348477e+01	3.212693e+01	273
9.090900e+04	1.616509e+01	2.000081e+01	4.852817e-01	8.584614e+00	2.054487e+01	8.257558e+00	-7.348477e+01	3.212863e+01	274
9.124200e+04	1.616509e+01	2.000081e+01	4.871747e-01	8.612490e+00	2.056772e+01	8.284067e+00	-7.348477e+01	3.213033e+01	275
9.157500e+04	1.616509e+01	2.000081e+01	4.890675e-01	8.640352e+00	2.059051e+01	8.310562e+00	-7.348477e+01	3.213202e+01	276
9.190800e+04	1.617009e+01	2.000081e+01	4.909600e-01	8.668198e+00	2.061324e+01	8.337042e+00	-7.348477e+01	3.213371e+01	277
9.224100e+04	1.617009e+01	2.000082e+01	4.928523e-01	8.696030e+00	2.063592e+01	8.363508e+00	-7.348477e+01	3.213540e+01	278
9.257400e+04	1.617009e+01	2.000082e+01	4.947443e-01	8.723847e+00	2.065853e+01	8.389959e+00	-7.348477e+01	3.213707e+01	279
9.290700e+04	1.617009e+01	2.000082e+01	4.966361e-01	8.751649e+00	2.068109e+01	8.416395e+00	-7.348477e+01	3.213875e+01	280
9.324000e+04	1.617009e+01	2.000082e+01	4.985276e-01	8.779436e+00	2.070359e+01	8.442817e+00	-7.348477e+01	3.214042e+01	281
9.357300e+04	1.617509e+01	2.000082e+01	5.004187e-01	8.807208e+00	2.072603e+01	8.469224e+00	-7.348477e+01	3.214208e+01	282
9.390600e+04	1.617509e+01	2.000082e+01	5.023096e-01	8.834965e+00	2.074842e+01	8.495617e+00	-7.348477e+01	3.214374e+01	283
9.423900e+04	1.617509e+01	2.000082e+01	5.042002e-01	8.862708e+00	2.077074e+01	8.521995e+00	-7.348477e+01	3.214540e+01	284
9.457200e+04	1.617509e+01	2.000082e+01	5.060904e-01	8.890435e+00	2.079301e+01	8.548358e+00	-7.348477e+01	3.214705e+01	285
9.490500e+04	1.618009e+01	2.000082e+01	5.079803e-01	8.918148e+00	2.081523e+01	8.574706e+00	-7.348477e+01	3.214869e+01	286
9.523800e+04	1.618009e+01	2.000082e+01	5.098698e-01	8.945845e+00	2.083739e+01	8.601040e+00	-7.348477e+01	3.215034e+01	287
9.557100e+04	1.618009e+01	2.000082e+01	5.117590e-01	8.973528e+00	2.085949e+01	8.627360e+00	-7.348477e+01	3.215197e+01	288
9.590400e+04	1.618009e+01	2.000082e+01	5.136478e-01	9.001195e+00	2.088154e+01	8.653664e+00	-7.348477e+01	3.215360e+01	289
9.623700e+04	1.618509e+01	2.000083e+01	5.155362e-01	9.028848e+00	2.090353e+01	8.679954e+00	-7.348477e+01	3.215523e+01	290
9.657000e+04	1.618509e+01	2.000083e+01	5.174242e-01	9.056486e+00	2.092547e+01	8.706229e+00	-7.348477e+01	3.215685e+01	291
9.690300e+04	1.618509e+01	2.000083e+01	5.193118e-01	9.084108e+00	2.094735e+01	8.732490e+00	-7.348477e+01	3.215847e+01	292
9.723600e+04	1.618509e+01	2.000083e+01	5.211989e-01	9.111716e+00	2.096918e+01	8.758736e+00	-7.348477e+01	3.216009e+01	293
9.756900e+04	1.619009e+01	2.000083e+01	5.230857e-01	9.139309e+00	2.099095e+01	8.784967e+00	-7.348477e+01	3.216170e+01	294
9.790200e+04	1.619009e+01	2.000083e+01	5.249720e-01	9.166887e+00	2.101267e+01	8.811183e+00	-7.348477e+01	3.216330e+01	295
9.823500e+04	1.619009e+01	2.000083e+01	5.268579e-01	9.194450e+00	2.103434e+01	8.837385e+00	-7.348477e+01	3.216490e+01	296
9.856800e+04	1.619009e+01	2.000083e+01	5.287433e-01	9.221997e+00	2.105595e+01	8.863571e+00	-7.348477e+01	3.216650e+01	297
9.890100e+04	1.619509e+01	2.000083e+01	5.306282e-01	9.249530e+00	2.107751e+01	8.889744e+00	-7.348477e+01	3.216809e+01	298
9.923400e+04	1.619509e+01	2.000083e+01	5.325126e-01	9.277048e+00	2.109901e+01	8.915901e+00	-7.348477e+01	3.216968e+01	299
9.956700e+04	1.619509e+01	2.000083e+01	5.343966e-01	9.304551e+00	2.112047e+01	8.942044e+00	-7.348477e+01	3.217126e+01	300
9.990000e+04	1.619509e+01	2.000083e+01	5.362800e-01	9.332038e+00	2.114187e+01	8.968171e+00	-7.348477e+01	3.217284e+01	301
1.002330e+05	1.620009e+01	2.000083e+01	5.381630e-01	9.359511e+00	2.116322e+01	8.994285e+00	-7.348477e+01	3.217441e+01	302
1.005660e+05	1.620009e+01	2.000084e+01	5.400454e-01	9.386969e+00	2.118452e+01	9.020383e+00	-7.348477e+01	3.217598e+01	303
1.008990e+05	1.620009e+01	2.000084e+01	5.419273e-01	9.414411e+00	2.120576e+01	9.046466e+00	-7.348477e+01	3.217754e+01	304
1.012320e+05	1.620009e+01	2.000084e+01	5.438087e-01	9.441839e+00	2.122696e+01	9.072535e+00	-7.348477e+01	3.217910e+01	305
1.015650e+05	1.620509e+01	2.000084e+01	5.456895e-01	9.469252e+00	2.124810e+01	9.098589e+00	-7.348477e+01	3.218066e+01	306
1.018980e+05	1.620509e+01	2.000084e+01	5.475697e-01	9.496649e+00	2.126920e+01	9.124629e+00	-7.348477e+01	3.218221e+01	307
1.022310e+05	1.620509e+01	2.000084e+01	5.494494e-01	9.524032e+00	2.129024e+01	9.150653e+00	-7.348477e+01	3.218376e+01	308
1.025640e+05	1.620509e+01	2.000084e+01	5.513285e-01	9.551399e+00	2.131123e+01	9.176663e+00	-7.348477e+01	3.218531e+01	309
1.028970e+05	1.621009e+01	2.000084e+01	5.532070e-01	9.578752e+00	2.133217e+01	9.202658e+00	-7.348477e+01	3.218684e+01	310
1.032300e+05	1.621009e+01	2.000084e+01	5.550849e-01	9.606089e+00	2.135307e+01	9.228638e+00	-7.348477e+01	3.218838e+01	311
1.035630e+05	1.621009e+01	2.000084e+01	5.569622e-01	9.633411e+00	2.137391e+01	9.254603e+00	-7.348477e+01	3.218991e+01	312
1.038960e+05	1.621009e+01	2.000084e+01	5.588388e-01	9.660719e+00	2.139470e+01	9.280554e+00	-7.348477e+01	3.219144e+01	313
1.042290e+05	1.621509e+01	2.000084e+01	5.607149e-01	9.688011e+00	2.141545e+01	9.306489e+00	-7.348477e+01	3.219296e+01	314
1.045620e+05	1.621509e+01	2.000084e+01	5.625903e-01	9.715288e+00	2.143614e+01	9.332410e+00	-7.348477e+01	3.219448e+01	315
1.048950e+05	1.621509e+01	2.000084e+01	5.644651e-01	9.742550e+00	2.145679e+01	9.358316e+00	-7.348477e+01	3.219599e+01	316
1.052280e+05	1.621509e+01	2.000084e+01	5.663392e-01	9.769797e+00	2.147739e+01	9.384208e+00	-7.348477e+01	3.219750e+01	317
1.055610e+05	1.622009e+01	2.000085e+01	5.682126e-01	9.797029e+00	2.149794e+01	9.410084e+00	-7.348477e+01	3.219901e+01	318
1.058940e+05	1.622009e+01	2.000085e+01	5.700854e-01	9.824246e+00	2.151844e+01	9.435946e+00	-7.348477e+01	3.220051e+01	319
1.062270e+05	1.622009e+01	2.000085e+01	5.719575e-01	9.851448e+00	2.153889e+01	9.461793e+00	-7.348477e+01	3.220201e+01	320
1.065600e+05	1.622009e+01	2.000085e+01	5.738289e-01	9.878635e+00	2.155930e+01	9.487625e+00	-7.348477e+01	3.220350e+01	321
1.068930e+05	1.622509e+01	2.000085e+01	5.756996e-01	9.905806e+00	2.157966e+01	9.513442e+00	-7.348477e+01	3.220499e+01	322
1.072260e+05	1.622509e+01	2.000085e+01	5.775696e-01	9.932963e+00	2.159997e+01	9.539245e+00	-7.348477e+01	3.220648e+01	323
1.075590e+05	1.622509e+01	2.000085e+01	5.794389e-01	9.960105e+00	2.162024e+01	9.565033e+00	-7.348477e+01	3.220796e+01	324
1.078920e+05	1.622509e+01	2.000085e+01	5.813075e-01	9.987231e+00	2.164045e+01	9.590805e+00	-7.348477e+01	3.220944e+01	325
1.082250e+05	1.623009e+01	2.000085e+01	5.831753e-01	1.001434e+01	2.166063e+01	9.616564e+00	-7.348477e+01	3.221091e+01	326
1.085580e+05	1.623009e+01	2.000085e+01	5.850424e-01	1.004144e+01	2.168075e+01	9.642307e+00	-7.348477e+01	3.221238e+01	327
1.088910e+05	1.623009e+01	2.000085e+01	5.869087e-01	1.006852e+01	2.170083e+01	9.668035e+00	-7.348477e+01	3.221384e+01	328
1.092240e+05	1.623009e+01	2.000085e+01	5.887743e-01	1.009559e+01	2.172087e+01	9.693749e+00	-7.348477e+01	3.221531e+01	329
1.095570e+05	1.623509e+01	2.000085e+01	5.906392e-01	1.012264e+01	2.174085e+01	9.719448e+00	-7.348477e+01	3.221676e+01	330
1.098900e+05	1.623509e+01	2.000085e+01	5.925032e-01	1.014967e+01	2.176080e+01	9.745132e+00	-7.348477e+01	3.221822e+01	331
1.102230e+05	1.623509e+01	2.000085e+01	5.943665e-01	1.017670e+01	2.178069e+01	9.770801e+00	-7.348477e+01	3.221967e+01	332
1.105560e+05	1.623509e+01	2.000085e+01	5.962289e-01	1.020370e+01	2.180055e+01	9.796456e+00	-7.348477e+01	3.222111e+01	333
1.108890e+05	1.624009e+01	2.000086e+01	5.980906e-01	1.023069e+01	2.182035e+01	9.822095e+00	-7.348477e+01	3.222256e+01	334
1.112220e+05	1.624009e+01	2.000086e+01	5.999515e-01	1.025767e+01	2.184012e+01	9.847720e+00	-7.348477e+01	3.222399e+01	335
1.115550e+05	1.624009e+01	2.000086e+01	6.018115e-01	1.028463e+01	2.185983e+01	9.873330e+00	-7.348477e+01	3.222543e+01	336
1.118880e+05	1.624009e+01	2.000086e+01	6.036708e-01	1.031158e+01	2.187951e+01	9.898926e+00	-7.348477e+01	3.222686e+01	337
1.122210e+05	1.624509e+01	2.000086e+01	6.055292e-01	1.033851e+01	2.189914e+01	9.924506e+00	-7.348477e+01	3.222829e+01	338
1.125540e+05	1.624509e+01	2.000086e+01	6.073868e-01	1.036542e+01	2.191872e+01	9.950072e+00	-7.348477e+01	3.222971e+01	339
1.128870e+05	1.624509e+01	2.000086e+01	6.092435e-01	1.039232e+01	2.193827e+01	9.975623e+00	-7.348477e+01	3.223113e+01	340
1.132200e+05	1.624509e+01	2.000086e+01	6.110994e-01	1.041921e+01	2.195777e+01	1.000116e+01	-7.348477e+01	3.223254e+01	341
1.135530e+05	1.625009e+01	2.000086e+01	6.129544e-01	1.044608e+01	2.197722e+01	1.002668e+01	-7.348477e+01	3.223396e+01	342
1.138860e+05	1.625009e+01	2.000086e+01	6.148085e-01	1.047293e+01	2.199663e+01	1.005219e+01	-7.348477e+01	3.223536e+01	343
1.142190e+05	1.625009e+01	2.000086e+01	6.166618e-01	1.049977e+01	2.201600e+01	1.007768e+01	-7.348477e+01	3.223677e+01	344
1.145520e+05	1.625009e+01	2.000086e+01	6.185142e-01	1.052660e+01	2.203533e+01	1.010316e+01	-7.348477e+01	3.223817e+01	345
1.148850e+05	1.625509e+01	2.000086e+01	6.203657e-01	1.055341e+01	2.205462e+01	1.012862e+01	-7.348477e+01	3.223957e+01	346
1.152180e+05	1.625509e+01	2.000086e+01	6.222163e-01	1.058021e+01	2.207386e+01	1.015407e+01	-7.348477e+01	3.224096e+01	347
1.155510e+05	1.625509e+01	2.000086e+01	6.240660e-01	1.060699e+01	2.209306e+01	1.017950e+01	-7.348477e+01	3.224235e+01	348
1.158840e+05	1.625509e+01	2.000086e+01	6.259148e-01	1.063375e+01	2.211222e+01	1.020492e+01	-7.348477e+01	3.224373e+01	349
1.162170e+05	1.626009e+01	2.000086e+01	6.277627e-01	1.066050e+01	2.213133e+01	1.023032e+01	-7.348477e+01	3.224512e+01	350
1.165500e+05	1.626009e+01	2.000087e+01	6.296097e-01	1.068724e+01	2.215041e+01	1.025571e+01	-7.348477e+01	3.224650e+01	351
1.168830e+05	1.626009e+01	2.000087e+01	6.314557e-01	1.071396e+01	2.216944e+01	1.028108e+01	-7.348477e+01	3.224787e+01	352
1.172160e+05	1.626009e+01	2.000087e+01	6.333008e-01	1.074066e+01	2.218843e+01	1.030644e+01	-7.348477e+01	3.224924e+01	353
1.175490e+05	1.626509e+01	2.000087e+01	6.351449e-01	1.076735e+01	2.220738e+01	1.033179e+01	-7.348477e+01	3.225061e+01	354
1.178820e+05	1.626509e+01	2.000087e+01	6.369881e-01	1.079403e+01	2.222629e+01	1.035712e+01	-7.348477e+01	3.225197e+01	355
1.182150e+05	1.626509e+01	2.000087e+01	6.388303e-01	1.082069e+01	2.224516e+01	1.038243e+01	-7.348477e+01	3.225333e+01	356
1.185480e+05	1.626509e+01	2.000087e+01	6.406716e-01	1.084734e+01	2.226399e+01	1.040773e+01	-7.348477e+01	3.225469e+01	357
1.188810e+05	1.627009e+01	2.000087e+01	6.425119e-01	1.087397e+01	2.228278e+01	1.043302e+01	-7.348477e+01	3.225605e+01	358
1.192140e+05	1.627009e+01	2.000087e+01	6.443512e-01	1.090058e+01	2.230153e+01	1.045829e+01	-7.348477e+01	3.225740e+01	359
1.195470e+05	1.627009e+01	2.000087e+01	6.461895e-01	1.092718e+01	2.232024e+01	1.048354e+01	-7.348477e+01	3.225874e+01	360
1.198800e+05	1.627009e+01	2.000087e+01	6.480269e-01	1.095377e+01	2.233891e+01	1.050878e+01	-7.348477e+01	3.226009e+01	361
1.200000e+05	1.627509e+01	2.000087e+01	6.498632e-01	1.097210e+01	2.234286e+01	1.063661e-02	-7.348477e+01	3.226143e+01	361
