0.000000e+00	0.000000e+00	0.000000e+00	-2.000000e+03	2.500000e-01	1.000000e+01	2.073800e-01	1.000000e+00	0.000000e+00	1
5.000000e+02	0.000000e+00	2.277782e+02	5.859791e-01	2.674186e-01	1.003706e+01	4.917082e-01	-7.348477e+01	0.000000e+00	2
1.000000e+03	1.629726e+02	1.964036e+01	3.399969e-01	2.735842e-01	1.011699e+01	3.989799e-01	-7.348477e+01	3.578904e+01	3
1.500000e+03	0.000000e+00	2.704061e+02	3.189742e-01	3.109587e-01	1.016956e+01	6.845207e-01	-7.348477e+01	0.000000e+00	4
2.000000e+03	2.005045e+01	1.999736e+01	3.757942e-02	4.027054e-01	1.024288e+01	7.195897e-01	-7.348477e+01	3.218850e+01	5
2.500000e+03	2.043538e+01	1.999948e+01	4.935063e-02	4.899118e-01	1.032250e+01	7.689412e-01	-7.348477e+01	3.226266e+01	6
3.000000e+03	1.962526e+01	2.000019e+01	5.536785e-02	5.753497e-01	1.040521e+01	8.243101e-01	-7.348477e+01	3.223986e+01	7
3.500000e+03	1.890021e+01	2.000037e+01	5.784299e-02	6.588102e-01	1.049025e+01	8.821542e-01	-7.348477e+01	3.217910e+01	8
4.000000e+03	1.843019e+01	2.000039e+01	5.837717e-02	7.395256e-01	1.057736e+01	9.405326e-01	-7.348477e+01	3.211035e+01	9
4.500000e+03	1.812518e+01	2.000037e+01	5.771128e-02	8.168770e-01	1.066631e+01	9.982450e-01	-7.348477e+01	3.204402e+01	10
5.000000e+03	1.791018e+01	2.000035e+01	5.631905e-02	8.905266e-01	1.075682e+01	1.054565e+00	-7.348477e+01	3.198355e+01	11
5.500000e+03	1.775018e+01	2.000032e+01	5.454579e-02	9.603957e-01	1.084859e+01	1.109112e+00	-7.348477e+01	3.192998e+01	12
6.000000e+03	1.761518e+01	2.000029e+01	5.263837e-02	1.026605e+00	1.094129e+01	1.161752e+00	-7.348477e+01	3.188337e+01	13
6.500000e+03	1.750518e+01	2.000026e+01	5.150398e-02	1.089409e+00	1.103467e+01	1.212515e+00	-7.348477e+01	3.184337e+01	14
7.000000e+03	1.741518e+01	2.000024e+01	5.311608e-02	1.149138e+00	1.112844e+01	1.261536e+00	-7.348477e+01	3.180939e+01	15
7.500000e+03	1.733018e+01	2.000022e+01	5.476525e-02	1.206158e+00	1.122238e+01	1.309000e+00	-7.348477e+01	3.178076e+01	16
8.000000e+03	1.726018e+01	2.000021e+01	5.644813e-02	1.260832e+00	1.131631e+01	1.355113e+00	-7.348477e+01	3.175679e+01	17
8.500000e+03	1.719518e+01	2.000019e+01	5.816219e-02	1.313510e+00	1.141005e+01	1.400080e+00	-7.348477e+01	3.173684e+01	18
9.000000e+03	1.713518e+01	2.000018e+01	5.990540e-02	1.364507e+00	1.150347e+01	1.444093e+00	-7.348477e+01	3.172030e+01	19
9.500000e+03	1.708018e+01	2.000017e+01	6.167606e-02	1.414105e+00	1.159647e+01	1.487327e+00	-7.348477e+01	3.170666e+01	20
1.000000e+04	1.703517e+01	2.000017e+01	6.347270e-02	1.462549e+00	1.168895e+01	1.529931e+00	-7.348477e+01	3.169545e+01	21
1.050000e+04	1.699017e+01	2.000016e+01	6.529406e-02	1.510048e+00	1.178084e+01	1.572037e+00	-7.348477e+01	3.168629e+01	22
1.100000e+04	1.695017e+01	2.000016e+01	6.713902e-02	1.556777e+00	1.187209e+01	1.613752e+00	-7.348477e+01	3.167885e+01	23
1.150000e+04	1.691017e+01	2.000015e+01	6.900658e-02	1.602886e+00	1.196267e+01	1.655169e+00	-7.348477e+01	3.167284e+01	24
1.200000e+04	1.687517e+01	2.000015e+01	7.089586e-02	1.648496e+00	1.205253e+01	1.696361e+00	-7.348477e+01	3.166804e+01	25
1.250000e+04	1.684017e+01	2.000015e+01	7.280605e-02	1.693708e+00	1.214166e+01	1.737389e+00	-7.348477e+01	3.166426e+01	26
1.300000e+04	1.681017e+01	2.000015e+01	7.473643e-02	1.738605e+00	1.223005e+01	1.778304e+00	-7.348477e+01	3.166134e+01	27
1.350000e+04	1.678017e+01	2.000015e+01	7.668635e-02	1.783254e+00	1.231767e+01	1.819144e+00	-7.348477e+01	3.165915e+01	28
1.400000e+04	1.675016e+01	2.000015e+01	7.865521e-02	1.827710e+00	1.240454e+01	1.859941e+00	-7.348477e+01	3.165759e+01	29
1.450000e+04	1.672016e+01	2.000015e+01	8.064244e-02	1.872017e+00	1.249064e+01	1.900720e+00	-7.348477e+01	3.165656e+01	30
1.500000e+04	1.669516e+01	2.000015e+01	8.264754e-02	1.916210e+00	1.257598e+01	1.941501e+00	-7.348477e+01	3.165600e+01	31
1.550000e+04	1.667016e+01	2.000015e+01	8.467002e-02	1.960319e+00	1.266056e+01	1.982299e+00	-7.348477e+01	3.165584e+01	32
1.600000e+04	1.664516e+01	2.000015e+01	8.670944e-02	2.004366e+00	1.274439e+01	2.023125e+00	-7.348477e+01	3.165603e+01	33
1.650000e+04	1.662516e+01	2.000015e+01	8.876537e-02	2.048370e+00	1.282746e+01	2.063987e+00	-7.348477e+01	3.165653e+01	34
1.700000e+04	1.660016e+01	2.000015e+01	9.083741e-02	2.092345e+00	1.290980e+01	2.104894e+00	-7.348477e+01	3.165730e+01	35
1.750000e+04	1.658016e+01	2.000015e+01	9.292519e-02	2.136303e+00	1.299141e+01	2.145848e+00	-7.348477e+01	3.165832e+01	36
1.800000e+04	1.656015e+01	2.000015e+01	9.502834e-02	2.180252e+00	1.307229e+01	2.186854e+00	-7.348477e+01	3.165956e+01	37
1.850000e+04	1.654015e+01	2.000015e+01	9.714651e-02	2.224200e+00	1.315245e+01	2.227913e+00	-7.348477e+01	3.166100e+01	38
1.900000e+04	1.652015e+01	2.000015e+01	9.927938e-02	2.268153e+00	1.323192e+01	2.269026e+00	-7.348477e+01	3.166262e+01	39
1.950000e+04	1.650015e+01	2.000015e+01	1.014266e-01	2.312114e+00	1.331068e+01	2.310194e+00	-7.348477e+01	3.166441e+01	40
2.000000e+04	1.648015e+01	2.000015e+01	1.035879e-01	2.356086e+00	1.338876e+01	2.351416e+00	-7.348477e+01	3.166634e+01	41
2.050000e+04	1.646515e+01	2.000015e+01	1.057630e-01	2.400073e+00	1.346617e+01	2.392692e+00	-7.348477e+01	3.166841e+01	42
2.100000e+04	1.644515e+01	2.000016e+01	1.079516e-01	2.444075e+00	1.354290e+01	2.434020e+00	-7.348477e+01	3.167060e+01	43
2.150000e+04	1.643015e+01	2.000016e+01	1.101533e-01	2.488093e+00	1.361899e+01	2.475400e+00	-7.348477e+01	3.167291e+01	44
2.200000e+04	1.641515e+01	2.000016e+01	1.123680e-01	2.532129e+00	1.369442e+01	2.516830e+00	-7.348477e+01	3.167533e+01	45
2.250000e+04	1.640014e+01	2.000016e+01	1.145954e-01	2.576183e+00	1.376922e+01	2.558309e+00	-7.348477e+01	3.167785e+01	46
2.300000e+04	1.638514e+01	2.000016e+01	1.168352e-01	2.620254e+00	1.384339e+01	2.599834e+00	-7.348477e+01	3.168047e+01	47
2.350000e+04	1.637014e+01	2.000016e+01	1.190872e-01	2.664342e+00	1.391694e+01	2.641404e+00	-7.348477e+01	3.168316e+01	48
2.400000e+04	1.635514e+01	2.000016e+01	1.213511e-01	2.708447e+00	1.398988e+01	2.683017e+00	-7.348477e+01	3.168594e+01	49
2.450000e+04	1.634014e+01	2.000016e+01	1.236267e-01	2.752568e+00	1.406223e+01	2.724671e+00	-7.348477e+01	3.168879e+01	50
2.500000e+04	1.632514e+01	2.000016e+01	1.259137e-01	2.796706e+00	1.413398e+01	2.766364e+00	-7.348477e+01	3.169171e+01	51
2.550000e+04	1.631514e+01	2.000017e+01	1.282120e-01	2.840858e+00	1.420515e+01	2.808095e+00	-7.348477e+01	3.169470e+01	52
2.600000e+04	1.630014e+01	2.000017e+01	1.305214e-01	2.885024e+00	1.427575e+01	2.849862e+00	-7.348477e+01	3.169774e+01	53
2.650000e+04	1.629014e+01	2.000017e+01	1.328415e-01	2.929204e+00	1.434578e+01	2.891662e+00	-7.348477e+01	3.170084e+01	54
2.700000e+04	1.627514e+01	2.000017e+01	1.351723e-01	2.973396e+00	1.441526e+01	2.933494e+00	-7.348477e+01	3.170399e+01	55
2.750000e+04	1.626514e+01	2.000017e+01	1.375135e-01	3.017600e+00	1.448419e+01	2.975357e+00	-7.348477e+01	3.170719e+01	56
2.800000e+04	1.625513e+01	2.000017e+01	1.398649e-01	3.061814e+00	1.455258e+01	3.017248e+00	-7.348477e+01	3.171044e+01	57
2.850000e+04	1.624513e+01	2.000017e+01	1.422263e-01	3.106038e+00	1.462044e+01	3.059165e+00	-7.348477e+01	3.171372e+01	58
2.900000e+04	1.623513e+01	2.000017e+01	1.445975e-01	3.150270e+00	1.468777e+01	3.101108e+00	-7.348477e+01	3.171705e+01	59
2.950000e+04	1.622513e+01	2.000018e+01	1.469784e-01	3.194510e+00	1.475459e+01	3.143074e+00	-7.348477e+01	3.172041e+01	60
3.000000e+04	1.621513e+01	2.000018e+01	1.493688e-01	3.238757e+00	1.482090e+01	3.185061e+00	-7.348477e+01	3.172380e+01	61
3.050000e+04	1.620513e+01	2.000018e+01	1.517685e-01	3.283009e+00	1.488671e+01	3.227069e+00	-7.348477e+01	3.172722e+01	62
3.100000e+04	1.619513e+01	2.000018e+01	1.541773e-01	3.327266e+00	1.495203e+01	3.269095e+00	-7.348477e+01	3.173067e+01	63
3.150000e+04	1.618513e+01	2.000018e+01	1.565950e-01	3.371527e+00	1.501686e+01	3.311139e+00	-7.348477e+01	3.173414e+01	64
3.200000e+04	1.618013e+01	2.000018e+01	1.590215e-01	3.415790e+00	1.508120e+01	3.353198e+00	-7.348477e+01	3.173764e+01	65
3.250000e+04	1.617013e+01	2.000018e+01	1.614567e-01	3.460055e+00	1.514508e+01	3.395272e+00	-7.348477e+01	3.174116e+01	66
3.300000e+04	1.616013e+01	2.000018e+01	1.639003e-01	3.504322e+00	1.520849e+01	3.437359e+00	-7.348477e+01	3.174470e+01	67
3.350000e+04	1.615513e+01	2.000018e+01	1.663523e-01	3.548588e+00	1.527144e+01	3.479457e+00	-7.348477e+01	3.174826e+01	68
3.400000e+04	1.614513e+01	2.000019e+01	1.688124e-01	3.592853e+00	1.533394e+01	3.521565e+00	-7.348477e+01	3.175183e+01	69
3.450000e+04	1.614012e+01	2.000019e+01	1.712806e-01	3.637117e+00	1.539599e+01	3.563682e+00	-7.348477e+01	3.175541e+01	70
3.500000e+04	1.613512e+01	2.000019e+01	1.737566e-01	3.681378e+00	1.545759e+01	3.605808e+00	-7.348477e+01	3.175901e+01	71
3.550000e+04	1.612512e+01	2.000019e+01	1.762404e-01	3.725636e+00	1.551877e+01	3.647939e+00	-7.348477e+01	3.176262e+01	72
3.600000e+04	1.612012e+01	2.000019e+01	1.787317e-01	3.769889e+00	1.557951e+01	3.690076e+00	-7.348477e+01	3.176624e+01	73
3.650000e+04	1.611512e+01	2.000019e+01	1.812306e-01	3.814138e+00	1.563984e+01	3.732218e+00	-7.348477e+01	3.176987e+01	74
3.700000e+04	1.610512e+01	2.000019e+01	1.837367e-01	3.858381e+00	1.569974e+01	3.774362e+00	-7.348477e+01	3.177350e+01	75
3.750000e+04	1.610012e+01	2.000019e+01	1.862500e-01	3.902617e+00	1.575924e+01	3.816509e+00	-7.348477e+01	3.177714e+01	76
3.800000e+04	1.609512e+01	2.000020e+01	1.887704e-01	3.946845e+00	1.581833e+01	3.858657e+00	-7.348477e+01	3.178079e+01	77
3.850000e+04	1.609012e+01	2.000020e+01	1.912977e-01	3.991066e+00	1.587702e+01	3.900804e+00	-7.348477e+01	3.178444e+01	78
3.900000e+04	1.608512e+01	2.000020e+01	1.938318e-01	4.035277e+00	1.593531e+01	3.942951e+00	-7.348477e+01	3.178809e+01	79
3.950000e+04	1.608012e+01	2.000020e+01	1.963727e-01	4.079480e+00	1.599321e+01	3.985095e+00	-7.348477e+01	3.179174e+01	80
4.000000e+04	1.607512e+01	2.000020e+01	1.989200e-01	4.123671e+00	1.605073e+01	4.027237e+00	-7.348477e+01	3.179540e+01	81
4.050000e+04	1.607012e+01	2.000020e+01	2.014739e-01	4.167853e+00	1.610787e+01	4.069375e+00	-7.348477e+01	3.179905e+01	82
4.100000e+04	1.606512e+01	2.000020e+01	2.040340e-01	4.212022e+00	1.616464e+01	4.111509e+00	-7.348477e+01	3.180271e+01	83
4.150000e+04	1.606012e+01	2.000020e+01	2.066004e-01	4.256179e+00	1.622103e+01	4.153637e+00	-7.348477e+01	3.180636e+01	84
4.200000e+04	1.606012e+01	2.000020e+01	2.091728e-01	4.300324e+00	1.627707e+01	4.195758e+00	-7.348477e+01	3.181001e+01	85
4.250000e+04	1.605512e+01	2.000021e+01	2.117513e-01	4.344454e+00	1.633274e+01	4.237872e+00	-7.348477e+01	3.181366e+01	86
4.300000e+04	1.605012e+01	2.000021e+01	2.143356e-01	4.388571e+00	1.638805e+01	4.279979e+00	-7.348477e+01	3.181730e+01	87
4.350000e+04	1.604512e+01	2.000021e+01	2.169257e-01	4.432674e+00	1.644301e+01	4.322076e+00	-7.348477e+01	3.182094e+01	88
4.400000e+04	1.604011e+01	2.000021e+01	2.195215e-01	4.476761e+00	1.649763e+01	4.364164e+00	-7.348477e+01	3.182457e+01	89
4.450000e+04	1.604011e+01	2.000021e+01	2.221228e-01	4.520832e+00	1.655190e+01	4.406242e+00	-7.348477e+01	3.182820e+01	90
4.500000e+04	1.603511e+01	2.000021e+01	2.247296e-01	4.564887e+00	1.660584e+01	4.448309e+00	-7.348477e+01	3.183182e+01	91
4.550000e+04	1.603511e+01	2.000021e+01	2.273418e-01	4.608925e+00	1.665944e+01	4.490364e+00	-7.348477e+01	3.183544e+01	92
4.600000e+04	1.603011e+01	2.000021e+01	2.299592e-01	4.652945e+00	1.671271e+01	4.532407e+00	-7.348477e+01	3.183905e+01	93
4.650000e+04	1.602511e+01	2.000022e+01	2.325817e-01	4.696948e+00	1.676566e+01	4.574437e+00	-7.348477e+01	3.184265e+01	94
4.700000e+04	1.602511e+01	2.000022e+01	2.352093e-01	4.740932e+00	1.681828e+01	4.616454e+00	-7.348477e+01	3.184625e+01	95
4.750000e+04	1.602011e+01	2.000022e+01	2.378419e-01	4.784898e+00	1.687058e+01	4.658456e+00	-7.348477e+01	3.184984e+01	96
4.800000e+04	1.602011e+01	2.000022e+01	2.404793e-01	4.828844e+00	1.692258e+01	4.700443e+00	-7.348477e+01	3.185341e+01	97
4.850000e+04	1.601511e+01	2.000022e+01	2.431215e-01	4.872770e+00	1.697426e+01	4.742415e+00	-7.348477e+01	3.185698e+01	98
4.900000e+04	1.601511e+01	2.000022e+01	2.457684e-01	4.916677e+00	1.702563e+01	4.784371e+00	-7.348477e+01	3.186054e+01	99
4.950000e+04	1.601011e+01	2.000022e+01	2.484199e-01	4.960562e+00	1.707670e+01	4.826311e+00	-7.348477e+01	3.186409e+01	100
5.000000e+04	1.601011e+01	2.000022e+01	2.510758e-01	5.004426e+00	1.712747e+01	4.868233e+00	-7.348477e+01	3.186764e+01	101
5.050000e+04	1.601011e+01	2.000022e+01	2.537362e-01	5.048269e+00	1.717795e+01	4.910138e+00	-7.348477e+01	3.187117e+01	102
5.100000e+04	1.600511e+01	2.000023e+01	2.564009e-01	5.092090e+00	1.722813e+01	4.952025e+00	-7.348477e+01	3.187469e+01	103
5.150000e+04	1.600511e+01	2.000023e+01	2.590698e-01	5.135889e+00	1.727802e+01	4.993893e+00	-7.348477e+01	3.187820e+01	104
5.200000e+04	1.600511e+01	2.000023e+01	2.617429e-01	5.179665e+00	1.732763e+01	5.035742e+00	-7.348477e+01	3.188170e+01	105
5.250000e+04	1.600011e+01	2.000023e+01	2.644200e-01	5.223418e+00	1.737696e+01	5.077572e+00	-7.348477e+01	3.188519e+01	106
5.300000e+04	1.600011e+01	2.000023e+01	2.671012e-01	5.267147e+00	1.742600e+01	5.119382e+00	-7.348477e+01	3.188867e+01	107
5.350000e+04	1.600011e+01	2.000023e+01	2.697862e-01	5.310853e+00	1.747477e+01	5.161171e+00	-7.348477e+01	3.189213e+01	108
5.400000e+04	1.600011e+01	2.000023e+01	2.724750e-01	5.354534e+00	1.752327e+01	5.202939e+00	-7.348477e+01	3.189559e+01	109
5.450000e+04	1.599511e+01	2.000023e+01	2.751675e-01	5.398191e+00	1.757149e+01	5.244686e+00	-7.348477e+01	3.189903e+01	110
5.500000e+04	1.599511e+01	2.000023e+01	2.778637e-01	5.441823e+00	1.761945e+01	5.286411e+00	-7.348477e+01	3.190246e+01	111
5.550000e+04	1.599511e+01	2.000024e+01	2.805635e-01	5.485431e+00	1.766715e+01	5.328115e+00	-7.348477e+01	3.190588e+01	112
5.600000e+04	1.599511e+01	2.000024e+01	2.832667e-01	5.529012e+00	1.771458e+01	5.369795e+00	-7.348477e+01	3.190929e+01	113
5.650000e+04	1.599511e+01	2.000024e+01	2.859734e-01	5.572568e+00	1.776176e+01	5.411453e+00	-7.348477e+01	3.191269e+01	114
5.700000e+04	1.599011e+01	2.000024e+01	2.886834e-01	5.616098e+00	1.780868e+01	5.453088e+00	-7.348477e+01	3.191607e+01	115
5.750000e+04	1.599010e+01	2.000024e+01	2.913966e-01	5.659601e+00	1.785534e+01	5.494699e+00	-7.348477e+01	3.191944e+01	116
5.800000e+04	1.599010e+01	2.000024e+01	2.941131e-01	5.703078e+00	1.790176e+01	5.536286e+00	-7.348477e+01	3.192280e+01	117
5.850000e+04	1.599010e+01	2.000024e+01	2.968326e-01	5.746528e+00	1.794793e+01	5.577848e+00	-7.348477e+01	3.192615e+01	118
5.900000e+04	1.599010e+01	2.000024e+01	2.995552e-01	5.789951e+00	1.799385e+01	5.619386e+00	-7.348477e+01	3.192948e+01	119
5.950000e+04	1.599010e+01	2.000025e+01	3.022808e-01	5.833346e+00	1.803954e+01	5.660900e+00	-7.348477e+01	3.193280e+01	120
6.000000e+04	1.599010e+01	2.000025e+01	3.050092e-01	5.876714e+00	1.808498e+01	5.702387e+00	-7.348477e+01	3.193611e+01	121
6.050000e+04	1.599010e+01	2.000025e+01	3.077405e-01	5.920053e+00	1.813019e+01	5.743850e+00	-7.348477e+01	3.193941e+01	122
6.100000e+04	1.599010e+01	2.000025e+01	3.104745e-01	5.963365e+00	1.817516e+01	5.785286e+00	-7.348477e+01	3.194269e+01	123
6.150000e+04	1.599010e+01	2.000025e+01	3.132111e-01	6.006648e+00	1.821990e+01	5.826697e+00	-7.348477e+01	3.194596e+01	124
6.200000e+04	1.599010e+01	2.000025e+01	3.159504e-01	6.049903e+00	1.826441e+01	5.868080e+00	-7.348477e+01	3.194921e+01	125
6.250000e+04	1.599010e+01	2.000025e+01	3.186922e-01	6.093128e+00	1.830869e+01	5.909438e+00	-7.348477e+01	3.195246e+01	126
6.300000e+04	1.599010e+01	2.000025e+01	3.214365e-01	6.136325e+00	1.835275e+01	5.950768e+00	-7.348477e+01	3.195569e+01	127
6.350000e+04	1.599010e+01	2.000025e+01	3.241832e-01	6.179492e+00	1.839658e+01	5.992071e+00	-7.348477e+01	3.195891e+01	128
6.400000e+04	1.599010e+01	2.000026e+01	3.269323e-01	6.222630e+00	1.844019e+01	6.033346e+00	-7.348477e+01	3.196211e+01	129
6.450000e+04	1.599010e+01	2.000026e+01	3.296836e-01	6.265738e+00	1.848359e+01	6.074594e+00	-7.348477e+01	3.196531e+01	130
6.500000e+04	1.599010e+01	2.000026e+01	3.324371e-01	6.308816e+00	1.852677e+01	6.115814e+00	-7.348477e+01	3.196849e+01	131
6.550000e+04	1.599010e+01	2.000026e+01	3.351927e-01	6.351864e+00	1.856973e+01	6.157005e+00	-7.348477e+01	3.197165e+01	132
6.600000e+04	1.599010e+01	2.000026e+01	3.379504e-01	6.394882e+00	1.861249e+01	6.198168e+00	-7.348477e+01	3.197480e+01	133
6.650000e+04	1.599010e+01	2.000026e+01	3.407102e-01	6.437869e+00	1.865503e+01	6.239303e+00	-7.348477e+01	3.197795e+01	134
6.700000e+04	1.599010e+01	2.000026e+01	3.434718e-01	6.480826e+00	1.869737e+01	6.280408e+00	-7.348477e+01	3.198107e+01	135
6.750000e+04	1.599010e+01	2.000026e+01	3.462354e-01	6.523752e+00	1.873950e+01	6.321485e+00	-7.348477e+01	3.198419e+01	136
6.800000e+04	1.599010e+01	2.000026e+01	3.490008e-01	6.566647e+00	1.878143e+01	6.362532e+00	-7.348477e+01	3.198729e+01	137
6.850000e+04	1.599010e+01	2.000027e+01	3.517679e-01	6.609510e+00	1.882315e+01	6.403550e+00	-7.348477e+01	3.199038e+01	138
6.900000e+04	1.599010e+01	2.000027e+01	3.545368e-01	6.652343e+00	1.886468e+01	6.444538e+00	-7.348477e+01	3.199345e+01	139
6.950000e+04	1.599510e+01	2.000027e+01	3.573073e-01	6.695144e+00	1.890600e+01	6.485496e+00	-7.348477e+01	3.199652e+01	140
7.000000e+04	1.599510e+01	2.000027e+01	3.600793e-01	6.737913e+00	1.894714e+01	6.526424e+00	-7.348477e+01	3.199956e+01	141
7.050000e+04	1.599510e+01	2.000027e+01	3.628529e-01	6.780651e+00	1.898807e+01	6.567322e+00	-7.348477e+01	3.200260e+01	142
7.100000e+04	1.599510e+01	2.000027e+01	3.656280e-01	6.823357e+00	1.902882e+01	6.608190e+00	-7.348477e+01	3.200563e+01	143
7.150000e+04	1.599510e+01	2.000027e+01	3.684044e-01	6.866031e+00	1.906937e+01	6.649027e+00	-7.348477e+01	3.200864e+01	144
7.200000e+04	1.599510e+01	2.000027e+01	3.711822e-01	6.908672e+00	1.910974e+01	6.689833e+00	-7.348477e+01	3.201164e+01	145
7.250000e+04	1.599510e+01	2.000027e+01	3.739613e-01	6.951282e+00	1.914992e+01	6.730609e+00	-7.348477e+01	3.201462e+01	146
7.300000e+04	1.600010e+01	2.000028e+01	3.767416e-01	6.993859e+00	1.918991e+01	6.771353e+00	-7.348477e+01	3.201760e+01	147
7.350000e+04	1.600010e+01	2.000028e+01	3.795231e-01	7.036403e+00	1.922972e+01	6.812067e+00	-7.348477e+01	3.202056e+01	148
7.400000e+04	1.600010e+01	2.000028e+01	3.823058e-01	7.078915e+00	1.926935e+01	6.852749e+00	-7.348477e+01	3.202350e+01	149
7.450000e+04	1.600010e+01	2.000028e+01	3.850895e-01	7.121394e+00	1.930880e+01	6.893399e+00	-7.348477e+01	3.202644e+01	150
7.500000e+04	1.600010e+01	2.000028e+01	3.878742e-01	7.163840e+00	1.934807e+01	6.934018e+00	-7.348477e+01	3.202936e+01	151
7.550000e+04	1.600510e+01	2.000028e+01	3.906599e-01	7.206253e+00	1.938717e+01	6.974605e+00	-7.348477e+01	3.203227e+01	152
7.600000e+04	1.600510e+01	2.000028e+01	3.934464e-01	7.248634e+00	1.942608e+01	7.015161e+00	-7.348477e+01	3.203517e+01	153
7.650000e+04	1.600510e+01	2.000028e+01	3.962339e-01	7.290980e+00	1.946483e+01	7.055684e+00	-7.348477e+01	3.203806e+01	154
7.700000e+04	1.600510e+01	2.000028e+01	3.990221e-01	7.333294e+00	1.950340e+01	7.096175e+00	-7.348477e+01	3.204093e+01	155
7.750000e+04	1.600510e+01	2.000029e+01	4.018111e-01	7.375574e+00	1.954180e+01	7.136634e+00	-7.348477e+01	3.204379e+01	156
7.800000e+04	1.601010e+01	2.000029e+01	4.046008e-01	7.417821e+00	1.958003e+01	7.177061e+00	-7.348477e+01	3.204664e+01	157
7.850000e+04	1.601010e+01	2.000029e+01	4.073911e-01	7.460034e+00	1.961810e+01	7.217455e+00	-7.348477e+01	3.204948e+01	158
7.900000e+04	1.601010e+01	2.000029e+01	4.101820e-01	7.502214e+00	1.965600e+01	7.257817e+00	-7.348477e+01	3.205230e+01	159
7.950000e+04	1.601010e+01	2.000029e+01	4.129735e-01	7.544360e+00	1.969373e+01	7.298146e+00	-7.348477e+01	3.205512e+01	160
8.000000e+04	1.601510e+01	2.000029e+01	4.157655e-01	7.586472e+00	1.973130e+01	7.338443e+00	-7.348477e+01	3.205792e+01	161
8.050000e+04	1.601510e+01	2.000029e+01	4.185579e-01	7.628550e+00	1.976871e+01	7.378706e+00	-7.348477e+01	3.206071e+01	162
8.100000e+04	1.601510e+01	2.000029e+01	4.213507e-01	7.670594e+00	1.980596e+01	7.418937e+00	-7.348477e+01	3.206348e+01	163
8.150000e+04	1.601509e+01	2.000029e+01	4.241439e-01	7.712604e+00	1.984305e+01	7.459134e+00	-7.348477e+01	3.206625e+01	164
8.200000e+04	1.602009e+01	2.000029e+01	4.269374e-01	7.754580e+00	1.987998e+01	7.499298e+00	-7.348477e+01	3.206900e+01	165
8.250000e+04	1.602009e+01	2.000030e+01	4.297311e-01	7.796521e+00	1.991675e+01	7.539430e+00	-7.348477e+01	3.207174e+01	166
8.300000e+04	1.602009e+01	2.000030e+01	4.325251e-01	7.838429e+00	1.995337e+01	7.579527e+00	-7.348477e+01	3.207447e+01	167
8.350000e+04	1.602009e+01	2.000030e+01	4.353192e-01	7.880302e+00	1.998984e+01	7.619592e+00	-7.348477e+01	3.207719e+01	168
8.400000e+04	1.602509e+01	2.000030e+01	4.381135e-01	7.922141e+00	2.002615e+01	7.659623e+00	-7.348477e+01	3.207990e+01	169
8.450000e+04	1.602509e+01	2.000030e+01	4.409078e-01	7.963945e+00	2.006231e+01	7.699620e+00	-7.348477e+01	3.208260e+01	170
8.500000e+04	1.602509e+01	2.000030e+01	4.437021e-01	8.005714e+00	2.009832e+01	7.739584e+00	-7.348477e+01	3.208528e+01	171
8.550000e+04	1.603009e+01	2.000030e+01	4.464965e-01	8.047450e+00	2.013418e+01	7.779514e+00	-7.348477e+01	3.208795e+01	172
8.600000e+04	1.603009e+01	2.000030e+01	4.492908e-01	8.089150e+00	2.016990e+01	7.819411e+00	-7.348477e+01	3.209061e+01	173
8.650000e+04	1.603009e+01	2.000030e+01	4.520849e-01	8.130816e+00	2.020547e+01	7.859273e+00	-7.348477e+01	3.209326e+01	174
8.700000e+04	1.603009e+01	2.000031e+01	4.548790e-01	8.172447e+00	2.024089e+01	7.899102e+00	-7.348477e+01	3.209590e+01	175
8.750000e+04	1.603509e+01	2.000031e+01	4.576728e-01	8.214043e+00	2.027617e+01	7.938897e+00	-7.348477e+01	3.209853e+01	176
8.800000e+04	1.603509e+01	2.000031e+01	4.604664e-01	8.255605e+00	2.031131e+01	7.978658e+00	-7.348477e+01	3.210115e+01	177
8.850000e+04	1.603509e+01	2.000031e+01	4.632598e-01	8.297131e+00	2.034630e+01	8.018384e+00	-7.348477e+01	3.210375e+01	178
8.900000e+04	1.604009e+01	2.000031e+01	4.660528e-01	8.338623e+00	2.038116e+01	8.058077e+00	-7.348477e+01	3.210635e+01	179
8.950000e+04	1.604009e+01	2.000031e+01	4.688455e-01	8.380080e+00	2.041587e+01	8.097736e+00	-7.348477e+01	3.210893e+01	180
9.000000e+04	1.604009e+01	2.000031e+01	4.716378e-01	8.421501e+00	2.045045e+01	8.137360e+00	-7.348477e+01	3.211150e+01	181
9.050000e+04	1.604509e+01	2.000031e+01	4.744296e-01	8.462888e+00	2.048489e+01	8.176950e+00	-7.348477e+01	3.211407e+01	182
9.100000e+04	1.604509e+01	2.000031e+01	4.772210e-01	8.504240e+00	2.051919e+01	8.216505e+00	-7.348477e+01	3.211662e+01	183
9.150000e+04	1.604509e+01	2.000032e+01	4.800118e-01	8.545556e+00	2.055336e+01	8.256027e+00	-7.348477e+01	3.211916e+01	184
9.200000e+04	1.604509e+01	2.000032e+01	4.828022e-01	8.586837e+00	2.058739e+01	8.295514e+00	-7.348477e+01	3.212169e+01	185
9.250000e+04	1.605009e+01	2.000032e+01	4.855919e-01	8.628083e+00	2.062129e+01	8.334966e+00	-7.348477e+01	3.212421e+01	186
9.300000e+04	1.605009e+01	2.000032e+01	4.883810e-01	8.669294e+00	2.065506e+01	8.374384e+00	-7.348477e+01	3.212672e+01	187
9.350000e+04	1.605009e+01	2.000032e+01	4.911694e-01	8.710470e+00	2.068870e+01	8.413767e+00	-7.348477e+01	3.212922e+01	188
9.400000e+04	1.605509e+01	2.000032e+01	4.939571e-01	8.751610e+00	2.072221e+01	8.453116e+00	-7.348477e+01	3.213171e+01	189
9.450000e+04	1.605509e+01	2.000032e+01	4.967441e-01	8.792716e+00	2.075559e+01	8.492431e+00	-7.348477e+01	3.213419e+01	190
9.500000e+04	1.605509e+01	2.000032e+01	4.995303e-01	8.833785e+00	2.078884e+01	8.531710e+00	-7.348477e+01	3.213665e+01	191
9.550000e+04	1.606009e+01	2.000032e+01	5.023157e-01	8.874820e+00	2.082197e+01	8.570955e+00	-7.348477e+01	3.213911e+01	192
9.600000e+04	1.606009e+01	2.000032e+01	5.051002e-01	8.915819e+00	2.085496e+01	8.610166e+00	-7.348477e+01	3.214156e+01	193
9.650000e+04	1.606009e+01	2.000033e+01	5.078839e-01	8.956783e+00	2.088784e+01	8.649341e+00	-7.348477e+01	3.214400e+01	194
9.700000e+04	1.606509e+01	2.000033e+01	5.106666e-01	8.997711e+00	2.092059e+01	8.688482e+00	-7.348477e+01	3.214642e+01	195
9.750000e+04	1.606509e+01	2.000033e+01	5.134484e-01	9.038604e+00	2.095321e+01	8.727588e+00	-7.348477e+01	3.214884e+01	196
9.800000e+04	1.606509e+01	2.000033e+01	5.162291e-01	9.079461e+00	2.098571e+01	8.766659e+00	-7.348477e+01	3.215125e+01	197
9.850000e+04	1.607009e+01	2.000033e+01	5.190089e-01	9.120283e+00	2.101810e+01	8.805696e+00	-7.348477e+01	3.215365e+01	198
9.900000e+04	1.607009e+01	2.000033e+01	5.217876e-01	9.161070e+00	2.105036e+01	8.844697e+00	-7.348477e+01	3.215604e+01	199
9.950000e+04	1.607009e+01	2.000033e+01	5.245652e-01	9.201821e+00	2.108250e+01	8.883664e+00	-7.348477e+01	3.215842e+01	200
1.000000e+05	1.607509e+01	2.000033e+01	5.273417e-01	9.242536e+00	2.111452e+01	8.922596e+00	-7.348477e+01	3.216078e+01	201
1.005000e+05	1.607509e+01	2.000033e+01	5.301170e-01	9.283216e+00	2.114643e+01	8.961493e+00	-7.348477e+01	3.216314e+01	202
1.010000e+05	1.607509e+01	2.000033e+01	5.328912e-01	9.323861e+00	2.117822e+01	9.000355e+00	-7.348477e+01	3.216549e+01	203
1.015000e+05	1.608009e+01	2.000034e+01	5.356641e-01	9.364470e+00	2.120989e+01	9.039182e+00	-7.348477e+01	3.216783e+01	204
1.020000e+05	1.608009e+01	2.000034e+01	5.384358e-01	9.405043e+00	2.124145e+01	9.077974e+00	-7.348477e+01	3.217016e+01	205
1.025000e+05	1.608009e+01	2.000034e+01	5.412062e-01	9.445581e+00	2.127289e+01	9.116732e+00	-7.348477e+01	3.217249e+01	206
1.030000e+05	1.608509e+01	2.000034e+01	5.439753e-01	9.486083e+00	2.130422e+01	9.155454e+00	-7.348477e+01	3.217480e+01	207
1.035000e+05	1.608509e+01	2.000034e+01	5.467430e-01	9.526550e+00	2.133543e+01	9.194141e+00	-7.348477e+01	3.217710e+01	208
1.040000e+05	1.609009e+01	2.000034e+01	5.495094e-01	9.566981e+00	2.136653e+01	9.232793e+00	-7.348477e+01	3.217940e+01	209
1.045000e+05	1.609009e+01	2.000034e+01	5.522743e-01	9.607377e+00	2.139753e+01	9.271411e+00	-7.348477e+01	3.218168e+01	210
1.050000e+05	1.609009e+01	2.000034e+01	5.550378e-01	9.647737e+00	2.142841e+01	9.309993e+00	-7.348477e+01	3.218396e+01	211
1.055000e+05	1.609509e+01	2.000034e+01	5.577999e-01	9.688061e+00	2.145918e+01	9.348540e+00	-7.348477e+01	3.218622e+01	212
1.060000e+05	1.609509e+01	2.000034e+01	5.605605e-01	9.728350e+00	2.148984e+01	9.387053e+00	-7.348477e+01	3.218848e+01	213
1.065000e+05	1.609509e+01	2.000035e+01	5.633195e-01	9.768603e+00	2.152040e+01	9.425530e+00	-7.348477e+01	3.219073e+01	214
1.070000e+05	1.610009e+01	2.000035e+01	5.660770e-01	9.808821e+00	2.155084e+01	9.463972e+00	-7.348477e+01	3.219297e+01	215
1.075000e+05	1.610009e+01	2.000035e+01	5.688330e-01	9.849003e+00	2.158118e+01	9.502379e+00	-7.348477e+01	3.219520e+01	216
1.080000e+05	1.610009e+01	2.000035e+01	5.715873e-01	9.889150e+00	2.161142e+01	9.540751e+00	-7.348477e+01	3.219742e+01	217
1.085000e+05	1.610509e+01	2.000035e+01	5.743400e-01	9.929261e+00	2.164155e+01	9.579088e+00	-7.348477e+01	3.219963e+01	218
1.090000e+05	1.610509e+01	2.000035e+01	5.770910e-01	9.969337e+00	2.167157e+01	9.617390e+00	-7.348477e+01	3.220184e+01	219
1.095000e+05	1.610509e+01	2.000035e+01	5.798404e-01	1.000938e+01	2.170149e+01	9.655657e+00	-7.348477e+01	3.220404e+01	220
1.100000e+05	1.611009e+01	2.000035e+01	5.825880e-01	1.004938e+01	2.173131e+01	9.693889e+00	-7.348477e+01	3.220622e+01	221
1.105000e+05	1.611009e+01	2.000035e+01	5.853339e-01	1.008935e+01	2.176102e+01	9.732086e+00	-7.348477e+01	3.220840e+01	222
1.110000e+05	1.611009e+01	2.000035e+01	5.880780e-01	1.012928e+01	2.179064e+01	9.770248e+00	-7.348477e+01	3.221057e+01	223
1.115000e+05	1.611509e+01	2.000036e+01	5.908204e-01	1.016918e+01	2.182015e+01	9.808375e+00	-7.348477e+01	3.221274e+01	224
1.120000e+05	1.611509e+01	2.000036e+01	5.935609e-01	1.020904e+01	2.184956e+01	9.846467e+00	-7.348477e+01	3.221489e+01	225
1.125000e+05	1.611509e+01	2.000036e+01	5.962996e-01	1.024887e+01	2.187887e+01	9.884524e+00	-7.348477e+01	3.221704e+01	226
1.130000e+05	1.612009e+01	2.000036e+01	5.990365e-01	1.028866e+01	2.190809e+01	9.922546e+00	-7.348477e+01	3.221917e+01	227
1.135000e+05	1.612009e+01	2.000036e+01	6.017714e-01	1.032842e+01	2.193720e+01	9.960532e+00	-7.348477e+01	3.222130e+01	228
1.140000e+05	1.612509e+01	2.000036e+01	6.045045e-01	1.036814e+01	2.196622e+01	9.998484e+00	-7.348477e+01	3.222342e+01	229
1.145000e+05	1.612509e+01	2.000036e+01	6.072356e-01	1.040782e+01	2.199514e+01	1.003640e+01	-7.348477e+01	3.222554e+01	230
1.150000e+05	1.612509e+01	2.000036e+01	6.099647e-01	1.044747e+01	2.202396e+01	1.007428e+01	-7.348477e+01	3.222764e+01	231
1.155000e+05	1.613009e+01	2.000036e+01	6.126919e-01	1.048708e+01	2.205269e+01	1.011213e+01	-7.348477e+01	3.222974e+01	232
1.160000e+05	1.613009e+01	2.000036e+01	6.154171e-01	1.052666e+01	2.208132e+01	1.014994e+01	-7.348477e+01	3.223183e+01	233
1.165000e+05	1.613009e+01	2.000037e+01	6.181402e-01	1.056621e+01	2.210985e+01	1.018772e+01	-7.348477e+01	3.223391e+01	234
1.170000e+05	1.613509e+01	2.000037e+01	6.208613e-01	1.060571e+01	2.213830e+01	1.022546e+01	-7.348477e+01	3.223598e+01	235
1.175000e+05	1.613509e+01	2.000037e+01	6.235803e-01	1.064519e+01	2.216665e+01	1.026317e+01	-7.348477e+01	3.223804e+01	236
1.180000e+05	1.613509e+01	2.000037e+01	6.262972e-01	1.068462e+01	2.219490e+01	1.030084e+01	-7.348477e+01	3.224010e+01	237
1.185000e+05	1.614009e+01	2.000037e+01	6.290121e-01	1.072402e+01	2.222307e+01	1.033848e+01	-7.348477e+01	3.224215e+01	238
1.190000e+05	1.614009e+01	2.000037e+01	6.317247e-01	1.076339e+01	2.225114e+01	1.037608e+01	-7.348477e+01	3.224419e+01	239
1.195000e+05	1.614009e+01	2.000037e+01	6.344353e-01	1.080272e+01	2.227912e+01	1.041365e+01	-7.348477e+01	3.224623e+01	240
1.200000e+05	1.614509e+01	2.000037e+01	6.371436e-01	1.084202e+01	2.230702e+01	1.045118e-02	-7.348477e+01	3.224825e+01	240
