0.000000e+00	0.000000e+00	0.000000e+00	-2.000000e+03	2.500000e-01	1.000000e+01	2.073800e-01	1.000000e+00	0.000000e+00	1
3.330000e+02	8.380020e+00	1.505944e+01	4.661823e-02	2.528267e-01	1.000158e+01	1.602191e-01	-7.876282e+01	2.501943e+01	2
6.660000e+02	0.000000e+00	1.999940e+01	1.014898e-02	2.459406e-01	9.999166e+00	1.516053e-01	-7.889281e+01	0.000000e+00	3
9.990000e+02	0.000000e+00	1.999963e+01	6.910473e-03	2.385643e-01	9.995734e+00	1.463837e-01	-7.898931e+01	0.000000e+00	4
1.332000e+03	0.000000e+00	1.999969e+01	6.198550e-03	2.318166e-01	9.991437e+00	1.418876e-01	-7.906992e+01	0.000000e+00	5
1.665000e+03	0.000000e+00	1.999973e+01	5.842989e-03	2.257518e-01	9.986378e+00	1.377414e-01	-7.913896e+01	0.000000e+00	6
1.998000e+03	0.000000e+00	1.999976e+01	5.538062e-03	2.202865e-01	9.980644e+00	1.338935e-01	-7.919858e+01	0.000000e+00	7
2.331000e+03	0.000000e+00	1.999979e+01	5.241164e-03	2.153306e-01	9.974318e+00	1.303371e-01	-7.925008e+01	0.000000e+00	8
2.664000e+03	0.000000e+00	1.999981e+01	4.950879e-03	2.108053e-01	9.967474e+00	1.270670e-01	-7.929451e+01	0.000000e+00	9
2.997000e+03	0.000000e+00	1.999983e+01	4.672629e-03	2.066452e-01	9.960182e+00	1.240721e-01	-7.933283e+01	0.000000e+00	10
3.330000e+03	0.000000e+00	1.999985e+01	4.411878e-03	2.027973e-01	9.952500e+00	1.213356e-01	-7.936594e+01	0.000000e+00	11
3.663000e+03	0.000000e+00	1.999986e+01	4.172277e-03	1.992191e-01	9.944479e+00	1.188366e-01	-7.939461e+01	0.000000e+00	12
3.996000e+03	0.000000e+00	1.999988e+01	3.955583e-03	1.958766e-01	9.936165e+00	1.165524e-01	-7.941954e+01	0.000000e+00	13
4.329000e+03	0.000000e+00	1.999989e+01	3.761658e-03	1.927425e-01	9.927594e+00	1.144603e-01	-7.944131e+01	0.000000e+00	14
4.662000e+03	0.000000e+00	1.999990e+01	3.589364e-03	1.897945e-01	9.918799e+00	1.125385e-01	-7.946039e+01	0.000000e+00	15
4.995000e+03	0.000000e+00	1.999990e+01	3.436883e-03	1.870141e-01	9.909806e+00	1.107671e-01	-7.947721e+01	0.000000e+00	16
5.328000e+03	0.000000e+00	1.999991e+01	3.302118e-03	1.843857e-01	9.900640e+00	1.091282e-01	-7.949209e+01	0.000000e+00	17
5.661000e+03	0.000000e+00	1.999992e+01	3.182937e-03	1.818960e-01	9.891318e+00	1.076061e-01	-7.950532e+01	0.000000e+00	18
5.994000e+03	0.000000e+00	1.999992e+01	3.077317e-03	1.795333e-01	9.881859e+00	1.061870e-01	-7.951713e+01	0.000000e+00	19
6.327000e+03	0.000000e+00	1.999993e+01	2.983421e-03	1.772876e-01	9.872277e+00	1.048592e-01	-7.952772e+01	0.000000e+00	20
6.660000e+03	0.000000e+00	1.999993e+01	2.899627e-03	1.751497e-01	9.862584e+00	1.036124e-01	-7.953724e+01	0.000000e+00	21
6.993000e+03	0.000000e+00	1.999993e+01	2.824525e-03	1.731117e-01	9.852792e+00	1.024379e-01	-7.954584e+01	0.000000e+00	22
7.326000e+03	0.000000e+00	1.999994e+01	2.756912e-03	1.711663e-01	9.842911e+00	1.013280e-01	-7.955362e+01	0.000000e+00	23
7.659000e+03	0.000000e+00	1.999994e+01	2.695762e-03	1.693069e-01	9.832948e+00	1.002763e-01	-7.956068e+01	0.000000e+00	24
7.992000e+03	0.000000e+00	1.999994e+01	2.640207e-03	1.675276e-01	9.822912e+00	9.927709e-02	-7.956710e+01	0.000000e+00	25
8.325000e+03	0.000000e+00	1.999994e+01	2.589514e-03	1.658229e-01	9.812809e+00	9.832551e-02	-7.957295e+01	0.000000e+00	26
8.658000e+03	0.000000e+00	1.999994e+01	2.543063e-03	1.641879e-01	9.802645e+00	9.741727e-02	-7.957830e+01	0.000000e+00	27
8.991000e+03	0.000000e+00	1.999995e+01	2.500331e-03	1.626181e-01	9.792425e+00	9.654863e-02	-7.958318e+01	0.000000e+00	28
9.324000e+03	0.000000e+00	1.999995e+01	2.460874e-03	1.611092e-01	9.782155e+00	9.571629e-02	-7.958765e+01	0.000000e+00	29
9.657000e+03	0.000000e+00	1.999995e+01	2.424312e-03	1.596575e-01	9.771838e+00	9.491735e-02	-7.959174e+01	0.000000e+00	30
9.990000e+03	0.000000e+00	1.999995e+01	2.390325e-03	1.582594e-01	9.761480e+00	9.414923e-02	-7.959549e+01	0.000000e+00	31
1.032300e+04	0.000000e+00	1.999995e+01	2.358634e-03	1.569116e-01	9.751082e+00	9.340962e-02	-7.959893e+01	0.000000e+00	32
1.065600e+04	0.000000e+00	1.999995e+01	2.329003e-03	1.556111e-01	9.740650e+00	9.269646e-02	-7.960208e+01	0.000000e+00	33
1.098900e+04	0.000000e+00	1.999995e+01	2.301223e-03	1.543552e-01	9.730185e+00	9.200789e-02	-7.960496e+01	0.000000e+00	34
1.132200e+04	0.000000e+00	1.999995e+01	2.275117e-03	1.531412e-01	9.719691e+00	9.134225e-02	-7.960760e+01	0.000000e+00	35
1.165500e+04	0.000000e+00	1.999996e+01	2.250528e-03	1.519668e-01	9.709170e+00	9.069802e-02	-7.961001e+01	0.000000e+00	36
1.198800e+04	0.000000e+00	1.999996e+01	2.227319e-03	1.508297e-01	9.698625e+00	9.007382e-02	-7.961221e+01	0.000000e+00	37
1.232100e+04	0.000000e+00	1.999996e+01	2.205368e-03	1.497278e-01	9.688058e+00	8.946840e-02	-7.961422e+01	0.000000e+00	38
1.265400e+04	0.000000e+00	1.999996e+01	2.184569e-03	1.486592e-01	9.677471e+00	8.888062e-02	-7.961604e+01	0.000000e+00	39
1.298700e+04	0.000000e+00	1.999996e+01	2.164827e-03	1.476221e-01	9.666866e+00	8.830941e-02	-7.961770e+01	0.000000e+00	40
1.332000e+04	0.000000e+00	1.999996e+01	2.146057e-03	1.466149e-01	9.656244e+00	8.775383e-02	-7.961920e+01	0.000000e+00	41
1.365300e+04	0.000000e+00	1.999996e+01	2.128183e-03	1.456359e-01	9.645608e+00	8.721298e-02	-7.962055e+01	0.000000e+00	42
1.398600e+04	0.000000e+00	1.999996e+01	2.111138e-03	1.446837e-01	9.634960e+00	8.668603e-02	-7.962176e+01	0.000000e+00	43
1.431900e+04	0.000000e+00	1.999996e+01	2.094860e-03	1.437569e-01	9.624299e+00	8.617224e-02	-7.962284e+01	0.000000e+00	44
1.465200e+04	0.000000e+00	1.999996e+01	2.079293e-03	1.428542e-01	9.613629e+00	8.567089e-02	-7.962380e+01	0.000000e+00	45
1.498500e+04	0.000000e+00	1.999996e+01	2.064388e-03	1.419745e-01	9.602949e+00	8.518134e-02	-7.962464e+01	0.000000e+00	46
1.531800e+04	0.000000e+00	1.999996e+01	2.050098e-03	1.411165e-01	9.592262e+00	8.470298e-02	-7.962538e+01	0.000000e+00	47
1.565100e+04	0.000000e+00	1.999996e+01	2.036382e-03	1.402793e-01	9.581569e+00	8.423525e-02	-7.962601e+01	0.000000e+00	48
1.598400e+04	0.000000e+00	1.999996e+01	2.023202e-03	1.394618e-01	9.570870e+00	8.377761e-02	-7.962654e+01	0.000000e+00	49
1.631700e+04	0.000000e+00	1.999996e+01	2.010524e-03	1.386631e-01	9.560168e+00	8.332958e-02	-7.962699e+01	0.000000e+00	50
1.665000e+04	0.000000e+00	1.999996e+01	1.998315e-03	1.378823e-01	9.549461e+00	8.289071e-02	-7.962734e+01	0.000000e+00	51
1.698300e+04	0.000000e+00	1.999996e+01	1.986546e-03	1.371186e-01	9.538753e+00	8.246055e-02	-7.962762e+01	0.000000e+00	52
1.731600e+04	0.000000e+00	1.999996e+01	1.975190e-03	1.363712e-01	9.528042e+00	8.203870e-02	-7.962782e+01	0.000000e+00	53
1.764900e+04	0.000000e+00	1.999997e+01	1.964212e-03	1.356394e-01	9.517331e+00	8.162479e-02	-7.962794e+01	0.000000e+00	54
1.798200e+04	0.000000e+00	1.999996e+01	1.953619e-03	1.349224e-01	9.506620e+00	8.121847e-02	-7.962799e+01	0.000000e+00	55
1.831500e+04	0.000000e+00	1.999997e+01	1.943361e-03	1.342197e-01	9.495910e+00	8.081939e-02	-7.962799e+01	0.000000e+00	56
1.864800e+04	0.000000e+00	1.999996e+01	1.933425e-03	1.335305e-01	9.485202e+00	8.042725e-02	-7.962799e+01	0.000000e+00	57
1.898100e+04	0.000000e+00	1.999997e+01	1.923798e-03	1.328544e-01	9.474495e+00	8.004175e-02	-7.962799e+01	0.000000e+00	58
1.931400e+04	0.000000e+00	1.999997e+01	1.914458e-03	1.321908e-01	9.463791e+00	7.966262e-02	-7.962799e+01	0.000000e+00	59
1.964700e+04	0.000000e+00	1.999997e+01	1.905391e-03	1.315391e-01	9.453091e+00	7.928958e-02	-7.962799e+01	0.000000e+00	60
1.998000e+04	0.000000e+00	1.999997e+01	1.896582e-03	1.308988e-01	9.442394e+00	7.892239e-02	-7.962799e+01	0.000000e+00	61
2.031300e+04	0.000000e+00	1.999997e+01	1.888017e-03	1.302695e-01	9.431702e+00	7.856082e-02	-7.962799e+01	0.000000e+00	62
2.064600e+04	0.000000e+00	1.999997e+01	1.879685e-03	1.296508e-01	9.421015e+00	7.820465e-02	-7.962799e+01	0.000000e+00	63
2.097900e+04	0.000000e+00	1.999997e+01	1.871571e-03	1.290422e-01	9.410333e+00	7.785366e-02	-7.962799e+01	0.000000e+00	64
2.131200e+04	0.000000e+00	1.999997e+01	1.863667e-03	1.284433e-01	9.399658e+00	7.750766e-02	-7.962799e+01	0.000000e+00	65
2.164500e+04	0.000000e+00	1.999997e+01	1.855960e-03	1.278537e-01	9.388988e+00	7.716646e-02	-7.962799e+01	0.000000e+00	66
2.197800e+04	0.000000e+00	1.999997e+01	1.848441e-03	1.272732e-01	9.378326e+00	7.682989e-02	-7.962799e+01	0.000000e+00	67
2.231100e+04	0.000000e+00	1.999997e+01	1.841101e-03	1.267013e-01	9.367670e+00	7.649777e-02	-7.962799e+01	0.000000e+00	68
2.264400e+04	0.000000e+00	1.999997e+01	1.833931e-03	1.261377e-01	9.357022e+00	7.616994e-02	-7.962799e+01	0.000000e+00	69
2.297700e+04	0.000000e+00	1.999997e+01	1.826923e-03	1.255821e-01	9.346382e+00	7.584626e-02	-7.962799e+01	0.000000e+00	70
2.331000e+04	0.000000e+00	1.999997e+01	1.820070e-03	1.250343e-01	9.335750e+00	7.552658e-02	-7.962799e+01	0.000000e+00	71
2.364300e+04	0.000000e+00	1.999997e+01	1.813364e-03	1.244939e-01	9.325127e+00	7.521075e-02	-7.962799e+01	0.000000e+00	72
2.397600e+04	0.000000e+00	1.999997e+01	1.806798e-03	1.239607e-01	9.314513e+00	7.489866e-02	-7.962799e+01	0.000000e+00	73
2.430900e+04	0.000000e+00	1.999997e+01	1.800366e-03	1.234345e-01	9.303908e+00	7.459018e-02	-7.962799e+01	0.000000e+00	74
2.464200e+04	0.000000e+00	1.999997e+01	1.794062e-03	1.229149e-01	9.293312e+00	7.428519e-02	-7.962799e+01	0.000000e+00	75
2.497500e+04	0.000000e+00	1.999997e+01	1.787881e-03	1.224018e-01	9.282727e+00	7.398357e-02	-7.962799e+01	0.000000e+00	76
2.530800e+04	0.000000e+00	1.999997e+01	1.781817e-03	1.218950e-01	9.272151e+00	7.368523e-02	-7.962799e+01	0.000000e+00	77
2.564100e+04	0.000000e+00	1.999997e+01	1.775864e-03	1.213942e-01	9.261585e+00	7.339005e-02	-7.962799e+01	0.000000e+00	78
2.597400e+04	0.000000e+00	1.999997e+01	1.770019e-03	1.208992e-01	9.251030e+00	7.309794e-02	-7.962799e+01	0.000000e+00	79
2.630700e+04	0.000000e+00	1.999997e+01	1.764276e-03	1.204100e-01	9.240486e+00	7.280881e-02	-7.962799e+01	0.000000e+00	80
2.664000e+04	0.000000e+00	1.999997e+01	1.758632e-03	1.199262e-01	9.229953e+00	7.252258e-02	-7.962799e+01	0.000000e+00	81
2.697300e+04	0.000000e+00	1.999997e+01	1.753082e-03	1.194477e-01	9.219431e+00	7.223914e-02	-7.962799e+01	0.000000e+00	82
2.730600e+04	0.000000e+00	1.999997e+01	1.747623e-03	1.189744e-01	9.208920e+00	7.195843e-02	-7.962799e+01	0.000000e+00	83
2.763900e+04	0.000000e+00	1.999997e+01	1.742250e-03	1.185060e-01	9.198421e+00	7.168037e-02	-7.962799e+01	0.000000e+00	84
2.797200e+04	0.000000e+00	1.999997e+01	1.736961e-03	1.180426e-01	9.187933e+00	7.140488e-02	-7.962799e+01	0.000000e+00	85
2.830500e+04	0.000000e+00	1.999997e+01	1.731753e-03	1.175838e-01	9.177458e+00	7.113189e-02	-7.962799e+01	0.000000e+00	86
2.863800e+04	0.000000e+00	1.999997e+01	1.726621e-03	1.171295e-01	9.166994e+00	7.086134e-02	-7.962799e+01	0.000000e+00	87
2.897100e+04	0.000000e+00	1.999997e+01	1.721564e-03	1.166797e-01	9.156543e+00	7.059315e-02	-7.962799e+01	0.000000e+00	88
2.930400e+04	0.000000e+00	1.999997e+01	1.716577e-03	1.162343e-01	9.146105e+00	7.032728e-02	-7.962799e+01	0.000000e+00	89
2.963700e+04	0.000000e+00	1.999997e+01	1.711660e-03	1.157930e-01	9.135678e+00	7.006365e-02	-7.962799e+01	0.000000e+00	90
2.997000e+04	0.000000e+00	1.999997e+01	1.706809e-03	1.153558e-01	9.125265e+00	6.980222e-02	-7.962799e+01	0.000000e+00	91
3.030300e+04	0.000000e+00	1.999997e+01	1.702022e-03	1.149225e-01	9.114864e+00	6.954293e-02	-7.962799e+01	0.000000e+00	92
3.063600e+04	0.000000e+00	1.999997e+01	1.697296e-03	1.144931e-01	9.104477e+00	6.928572e-02	-7.962799e+01	0.000000e+00	93
3.096900e+04	0.000000e+00	1.999997e+01	1.692623e-03	1.140675e-01	9.094102e+00	6.903054e-02	-7.962799e+01	0.000000e+00	94
3.130200e+04	0.000000e+00	1.999997e+01	1.688021e-03	1.136455e-01	9.083741e+00	6.877735e-02	-7.962799e+01	0.000000e+00	95
3.163500e+04	0.000000e+00	1.999997e+01	1.683467e-03	1.132271e-01	9.073393e+00	6.852611e-02	-7.962799e+01	0.000000e+00	96
3.196800e+04	0.000000e+00	1.999997e+01	1.678967e-03	1.128122e-01	9.063058e+00	6.827676e-02	-7.962799e+01	0.000000e+00	97
3.230100e+04	0.000000e+00	1.999997e+01	1.674519e-03	1.124007e-01	9.052737e+00	6.802927e-02	-7.962799e+01	0.000000e+00	98
3.263400e+04	0.000000e+00	1.999997e+01	1.670121e-03	1.119925e-01	9.042429e+00	6.778358e-02	-7.962799e+01	0.000000e+00	99
3.296700e+04	0.000000e+00	1.999997e+01	1.665771e-03	1.115875e-01	9.032136e+00	6.753968e-02	-7.962799e+01	0.000000e+00	100
3.330000e+04	0.000000e+00	1.999997e+01	1.661468e-03	1.111857e-01	9.021856e+00	6.729751e-02	-7.962799e+01	0.000000e+00	101
3.363300e+04	0.000000e+00	1.999997e+01	1.657210e-03	1.107870e-01	9.011590e+00	6.705703e-02	-7.962799e+01	0.000000e+00	102
3.396600e+04	0.000000e+00	1.999997e+01	1.652997e-03	1.103913e-01	9.001338e+00	6.681823e-02	-7.962799e+01	0.000000e+00	103
3.429900e+04	0.000000e+00	1.999997e+01	1.648825e-03	1.099985e-01	8.991100e+00	6.658105e-02	-7.962799e+01	0.000000e+00	104
3.463200e+04	0.000000e+00	1.999997e+01	1.644696e-03	1.096086e-01	8.980876e+00	6.634547e-02	-7.962799e+01	0.000000e+00	105
3.496500e+04	0.000000e+00	1.999997e+01	1.640606e-03	1.092216e-01	8.970666e+00	6.611146e-02	-7.962799e+01	0.000000e+00	106
3.529800e+04	0.000000e+00	1.999998e+01	1.636541e-03	1.088373e-01	8.960471e+00	6.587899e-02	-7.962799e+01	0.000000e+00	107
3.563100e+04	0.000000e+00	1.999997e+01	1.632541e-03	1.084557e-01	8.950290e+00	6.564802e-02	-7.962799e+01	0.000000e+00	108
3.596400e+04	0.000000e+00	1.999997e+01	1.628566e-03	1.080768e-01	8.940124e+00	6.541854e-02	-7.962799e+01	0.000000e+00	109
3.629700e+04	0.000000e+00	1.999998e+01	1.624622e-03	1.077005e-01	8.929972e+00	6.519051e-02	-7.962799e+01	0.000000e+00	110
3.663000e+04	0.000000e+00	1.999997e+01	1.620719e-03	1.073267e-01	8.919834e+00	6.496390e-02	-7.962799e+01	0.000000e+00	111
3.696300e+04	0.000000e+00	1.999997e+01	1.616847e-03	1.069554e-01	8.909711e+00	6.473870e-02	-7.962799e+01	0.000000e+00	112
3.729600e+04	0.000000e+00	1.999997e+01	1.613008e-03	1.065865e-01	8.899603e+00	6.451487e-02	-7.962799e+01	0.000000e+00	113
3.762900e+04	0.000000e+00	1.999998e+01	1.609200e-03	1.062201e-01	8.889510e+00	6.429240e-02	-7.962799e+01	0.000000e+00	114
3.796200e+04	0.000000e+00	1.999997e+01	1.605424e-03	1.058560e-01	8.879431e+00	6.407126e-02	-7.962799e+01	0.000000e+00	115
3.829500e+04	0.000000e+00	1.999997e+01	1.601678e-03	1.054942e-01	8.869367e+00	6.385143e-02	-7.962799e+01	0.000000e+00	116
3.862800e+04	0.000000e+00	1.999997e+01	1.597962e-03	1.051347e-01	8.859318e+00	6.363289e-02	-7.962799e+01	0.000000e+00	117
3.896100e+04	0.000000e+00	1.999997e+01	1.594274e-03	1.047775e-01	8.849284e+00	6.341561e-02	-7.962799e+01	0.000000e+00	118
3.929400e+04	0.000000e+00	1.999997e+01	1.590580e-03	1.044224e-01	8.839265e+00	6.319958e-02	-7.962799e+01	0.000000e+00	119
3.962700e+04	0.000000e+00	1.999997e+01	1.586981e-03	1.040695e-01	8.829261e+00	6.298479e-02	-7.962799e+01	0.000000e+00	120
3.996000e+04	0.000000e+00	1.999998e+01	1.583377e-03	1.037187e-01	8.819271e+00	6.277120e-02	-7.962799e+01	0.000000e+00	121
4.029300e+04	0.000000e+00	1.999997e+01	1.579798e-03	1.033699e-01	8.809297e+00	6.255881e-02	-7.962799e+01	0.000000e+00	122
4.062600e+04	0.000000e+00	1.999997e+01	1.576245e-03	1.030233e-01	8.799338e+00	6.234759e-02	-7.962799e+01	0.000000e+00	123
4.095900e+04	0.000000e+00	1.999998e+01	1.572716e-03	1.026786e-01	8.789394e+00	6.213752e-02	-7.962799e+01	0.000000e+00	124
4.129200e+04	0.000000e+00	1.999998e+01	1.569212e-03	1.023360e-01	8.779465e+00	6.192861e-02	-7.962799e+01	0.000000e+00	125
4.162500e+04	0.000000e+00	1.999998e+01	1.565732e-03	1.019952e-01	8.769552e+00	6.172081e-02	-7.962799e+01	0.000000e+00	126
4.195800e+04	0.000000e+00	1.999998e+01	1.562275e-03	1.016565e-01	8.759654e+00	6.151413e-02	-7.962799e+01	0.000000e+00	127
4.229100e+04	0.000000e+00	1.999998e+01	1.558841e-03	1.013196e-01	8.749770e+00	6.130854e-02	-7.962799e+01	0.000000e+00	128
4.262400e+04	0.000000e+00	1.999998e+01	1.555429e-03	1.009846e-01	8.739903e+00	6.110404e-02	-7.962799e+01	0.000000e+00	129
4.295700e+04	0.000000e+00	1.999998e+01	1.552040e-03	1.006514e-01	8.730050e+00	6.090060e-02	-7.962799e+01	0.000000e+00	130
4.329000e+04	0.000000e+00	1.999998e+01	1.548671e-03	1.003200e-01	8.720213e+00	6.069822e-02	-7.962799e+01	0.000000e+00	131
4.362300e+04	0.000000e+00	1.999998e+01	1.545324e-03	9.999046e-02	8.710391e+00	6.049688e-02	-7.962799e+01	0.000000e+00	132
4.395600e+04	0.000000e+00	1.999998e+01	1.541997e-03	9.966266e-02	8.700584e+00	6.029657e-02	-7.962799e+01	0.000000e+00	133
4.428900e+04	0.000000e+00	1.999998e+01	1.538691e-03	9.933660e-02	8.690793e+00	6.009727e-02	-7.962799e+01	0.000000e+00	134
4.462200e+04	0.000000e+00	1.999997e+01	1.535401e-03	9.901226e-02	8.681017e+00	5.989897e-02	-7.962799e+01	0.000000e+00	135
4.495500e+04	0.000000e+00	1.999998e+01	1.532137e-03	9.868962e-02	8.671257e+00	5.970167e-02	-7.962799e+01	0.000000e+00	136
4.528800e+04	0.000000e+00	1.999998e+01	1.528890e-03	9.836865e-02	8.661512e+00	5.950535e-02	-7.962799e+01	0.000000e+00	137
4.562100e+04	0.000000e+00	1.999998e+01	1.525661e-03	9.804933e-02	8.651782e+00	5.930999e-02	-7.962799e+01	0.000000e+00	138
4.595400e+04	0.000000e+00	1.999997e+01	1.522449e-03	9.773165e-02	8.642068e+00	5.911560e-02	-7.962799e+01	0.000000e+00	139
4.628700e+04	0.000000e+00	1.999998e+01	1.519258e-03	9.741558e-02	8.632370e+00	5.892215e-02	-7.962799e+01	0.000000e+00	140
4.662000e+04	0.000000e+00	1.999998e+01	1.516083e-03	9.710110e-02	8.622687e+00	5.872964e-02	-7.962799e+01	0.000000e+00	141
4.695300e+04	0.000000e+00	1.999998e+01	1.512926e-03	9.678820e-02	8.613019e+00	5.853806e-02	-7.962799e+01	0.000000e+00	142
4.728600e+04	0.000000e+00	1.999998e+01	1.509786e-03	9.647685e-02	8.603367e+00	5.834740e-02	-7.962799e+01	0.000000e+00	143
4.761900e+04	0.000000e+00	1.999998e+01	1.506663e-03	9.616705e-02	8.593730e+00	5.815765e-02	-7.962799e+01	0.000000e+00	144
4.795200e+04	0.000000e+00	1.999998e+01	1.503557e-03	9.585876e-02	8.584109e+00	5.796879e-02	-7.962799e+01	0.000000e+00	145
4.828500e+04	0.000000e+00	1.999998e+01	1.500467e-03	9.555197e-02	8.574504e+00	5.778082e-02	-7.962799e+01	0.000000e+00	146
4.861800e+04	0.000000e+00	1.999998e+01	1.497393e-03	9.524668e-02	8.564914e+00	5.759374e-02	-7.962799e+01	0.000000e+00	147
4.895100e+04	0.000000e+00	1.999998e+01	1.494335e-03	9.494285e-02	8.555340e+00	5.740753e-02	-7.962799e+01	0.000000e+00	148
4.928400e+04	0.000000e+00	1.999998e+01	1.491293e-03	9.464048e-02	8.545781e+00	5.722218e-02	-7.962799e+01	0.000000e+00	149
4.961700e+04	0.000000e+00	1.999998e+01	1.488266e-03	9.433955e-02	8.536237e+00	5.703769e-02	-7.962799e+01	0.000000e+00	150
4.995000e+04	0.000000e+00	1.999998e+01	1.485255e-03	9.404004e-02	8.526710e+00	5.685405e-02	-7.962799e+01	0.000000e+00	151
5.028300e+04	0.000000e+00	1.999998e+01	1.482258e-03	9.374195e-02	8.517198e+00	5.667125e-02	-7.962799e+01	0.000000e+00	152
5.061600e+04	0.000000e+00	1.999998e+01	1.479277e-03	9.344525e-02	8.507701e+00	5.648928e-02	-7.962799e+01	0.000000e+00	153
5.094900e+04	0.000000e+00	1.999998e+01	1.476310e-03	9.314994e-02	8.498220e+00	5.630814e-02	-7.962799e+01	0.000000e+00	154
5.128200e+04	0.000000e+00	1.999998e+01	1.473356e-03	9.285599e-02	8.488755e+00	5.612782e-02	-7.962799e+01	0.000000e+00	155
5.161500e+04	0.000000e+00	1.999998e+01	1.470418e-03	9.256340e-02	8.479305e+00	5.594831e-02	-7.962799e+01	0.000000e+00	156
5.194800e+04	0.000000e+00	1.999998e+01	1.467494e-03	9.227216e-02	8.469871e+00	5.576960e-02	-7.962799e+01	0.000000e+00	157
5.228100e+04	0.000000e+00	1.999998e+01	1.464583e-03	9.198224e-02	8.460452e+00	5.559169e-02	-7.962799e+01	0.000000e+00	158
5.261400e+04	0.000000e+00	1.999998e+01	1.461686e-03	9.169364e-02	8.451049e+00	5.541457e-02	-7.962799e+01	0.000000e+00	159
5.294700e+04	0.000000e+00	1.999998e+01	1.458802e-03	9.140635e-02	8.441662e+00	5.523824e-02	-7.962799e+01	0.000000e+00	160
5.328000e+04	0.000000e+00	1.999998e+01	1.455932e-03	9.112036e-02	8.432290e+00	5.506268e-02	-7.962799e+01	0.000000e+00	161
5.361300e+04	0.000000e+00	1.999998e+01	1.453075e-03	9.083565e-02	8.422934e+00	5.488790e-02	-7.962799e+01	0.000000e+00	162
5.394600e+04	0.000000e+00	1.999998e+01	1.450231e-03	9.055221e-02	8.413593e+00	5.471388e-02	-7.962799e+01	0.000000e+00	163
5.427900e+04	0.000000e+00	1.999998e+01	1.447400e-03	9.027003e-02	8.404268e+00	5.454062e-02	-7.962799e+01	0.000000e+00	164
5.461200e+04	0.000000e+00	1.999998e+01	1.444581e-03	8.998911e-02	8.394959e+00	5.436812e-02	-7.962799e+01	0.000000e+00	165
5.494500e+04	0.000000e+00	1.999998e+01	1.441775e-03	8.970942e-02	8.385665e+00	5.419636e-02	-7.962799e+01	0.000000e+00	166
5.527800e+04	0.000000e+00	1.999998e+01	1.438981e-03	8.943096e-02	8.376387e+00	5.402535e-02	-7.962799e+01	0.000000e+00	167
5.561100e+04	0.000000e+00	1.999998e+01	1.436200e-03	8.915373e-02	8.367124e+00	5.385507e-02	-7.962799e+01	0.000000e+00	168
5.594400e+04	0.000000e+00	1.999998e+01	1.433431e-03	8.887770e-02	8.357877e+00	5.368553e-02	-7.962799e+01	0.000000e+00	169
5.627700e+04	0.000000e+00	1.999998e+01	1.430674e-03	8.860287e-02	8.348645e+00	5.351671e-02	-7.962799e+01	0.000000e+00	170
5.661000e+04	0.000000e+00	1.999998e+01	1.427928e-03	8.832924e-02	8.339429e+00	5.334861e-02	-7.962799e+01	0.000000e+00	171
5.694300e+04	0.000000e+00	1.999998e+01	1.425195e-03	8.805679e-02	8.330229e+00	5.318123e-02	-7.962799e+01	0.000000e+00	172
5.727600e+04	0.000000e+00	1.999998e+01	1.422473e-03	8.778551e-02	8.321044e+00	5.301456e-02	-7.962799e+01	0.000000e+00	173
5.760900e+04	0.000000e+00	1.999998e+01	1.419763e-03	8.751539e-02	8.311875e+00	5.284860e-02	-7.962799e+01	0.000000e+00	174
5.794200e+04	0.000000e+00	1.999998e+01	1.417064e-03	8.724643e-02	8.302721e+00	5.268334e-02	-7.962799e+01	0.000000e+00	175
5.827500e+04	0.000000e+00	1.999998e+01	1.414376e-03	8.697862e-02	8.293583e+00	5.251877e-02	-7.962799e+01	0.000000e+00	176
5.860800e+04	0.000000e+00	1.999998e+01	1.411700e-03	8.671194e-02	8.284461e+00	5.235490e-02	-7.962799e+01	0.000000e+00	177
5.894100e+04	0.000000e+00	1.999998e+01	1.409034e-03	8.644640e-02	8.275354e+00	5.219171e-02	-7.962799e+01	0.000000e+00	178
5.927400e+04	0.000000e+00	1.999998e+01	1.406380e-03	8.618197e-02	8.266262e+00	5.202921e-02	-7.962799e+01	0.000000e+00	179
5.960700e+04	0.000000e+00	1.999998e+01	1.403737e-03	8.591866e-02	8.257186e+00	5.186739e-02	-7.962799e+01	0.000000e+00	180
5.994000e+04	0.000000e+00	1.999998e+01	1.401104e-03	8.565646e-02	8.248126e+00	5.170623e-02	-7.962799e+01	0.000000e+00	181
6.027300e+04	0.000000e+00	1.999998e+01	1.398482e-03	8.539535e-02	8.239081e+00	5.154575e-02	-7.962799e+01	0.000000e+00	182
6.060600e+04	0.000000e+00	1.999998e+01	1.395871e-03	8.513534e-02	8.230051e+00	5.138594e-02	-7.962799e+01	0.000000e+00	183
6.093900e+04	0.000000e+00	1.999998e+01	1.393270e-03	8.487641e-02	8.221037e+00	5.122678e-02	-7.962799e+01	0.000000e+00	184
6.127200e+04	0.000000e+00	1.999998e+01	1.390679e-03	8.461856e-02	8.212039e+00	5.106828e-02	-7.962799e+01	0.000000e+00	185
6.160500e+04	0.000000e+00	1.999998e+01	1.388091e-03	8.436177e-02	8.203056e+00	5.091044e-02	-7.962799e+01	0.000000e+00	186
6.193800e+04	0.000000e+00	1.999998e+01	1.385529e-03	8.410605e-02	8.194089e+00	5.075324e-02	-7.962799e+01	0.000000e+00	187
6.227100e+04	0.000000e+00	1.999998e+01	1.382970e-03	8.385138e-02	8.185137e+00	5.059669e-02	-7.962799e+01	0.000000e+00	188
6.260400e+04	0.000000e+00	1.999998e+01	1.380420e-03	8.359776e-02	8.176200e+00	5.044078e-02	-7.962799e+01	0.000000e+00	189
6.293700e+04	0.000000e+00	1.999998e+01	1.377880e-03	8.334519e-02	8.167279e+00	5.028551e-02	-7.962799e+01	0.000000e+00	190
6.327000e+04	0.000000e+00	1.999998e+01	1.375351e-03	8.309365e-02	8.158373e+00	5.013088e-02	-7.962799e+01	0.000000e+00	191
6.360300e+04	0.000000e+00	1.999998e+01	1.372831e-03	8.284313e-02	8.149483e+00	4.997687e-02	-7.962799e+01	0.000000e+00	192
6.393600e+04	0.000000e+00	1.999998e+01	1.370321e-03	8.259364e-02	8.140608e+00	4.982349e-02	-7.962799e+01	0.000000e+00	193
6.426900e+04	0.000000e+00	1.999998e+01	1.367820e-03	8.234517e-02	8.131749e+00	4.967073e-02	-7.962799e+01	0.000000e+00	194
6.460200e+04	0.000000e+00	1.999998e+01	1.365330e-03	8.209770e-02	8.122905e+00	4.951859e-02	-7.962799e+01	0.000000e+00	195
6.493500e+04	0.000000e+00	1.999998e+01	1.362848e-03	8.185124e-02	8.114076e+00	4.936706e-02	-7.962799e+01	0.000000e+00	196
6.526800e+04	0.000000e+00	1.999998e+01	1.360377e-03	8.160578e-02	8.105263e+00	4.921615e-02	-7.962799e+01	0.000000e+00	197
6.560100e+04	0.000000e+00	1.999998e+01	1.357914e-03	8.136131e-02	8.096465e+00	4.906585e-02	-7.962799e+01	0.000000e+00	198
6.593400e+04	0.000000e+00	1.999998e+01	1.355461e-03	8.111782e-02	8.087683e+00	4.891615e-02	-7.962799e+01	0.000000e+00	199
6.626700e+04	0.000000e+00	1.999998e+01	1.353018e-03	8.087531e-02	8.078916e+00	4.876706e-02	-7.962799e+01	0.000000e+00	200
6.660000e+04	0.000000e+00	1.999998e+01	1.350583e-03	8.063378e-02	8.070164e+00	4.861856e-02	-7.962799e+01	0.000000e+00	201
6.693300e+04	0.000000e+00	1.999998e+01	1.348158e-03	8.039322e-02	8.061428e+00	4.847066e-02	-7.962799e+01	0.000000e+00	202
6.726600e+04	0.000000e+00	1.999998e+01	1.345742e-03	8.015362e-02	8.052707e+00	4.832335e-02	-7.962799e+01	0.000000e+00	203
6.759900e+04	0.000000e+00	1.999998e+01	1.343334e-03	7.991498e-02	8.044001e+00	4.817663e-02	-7.962799e+01	0.000000e+00	204
6.793200e+04	0.000000e+00	1.999998e+01	1.340936e-03	7.967729e-02	8.035310e+00	4.803049e-02	-7.962799e+01	0.000000e+00	205
6.826500e+04	0.000000e+00	1.999998e+01	1.338547e-03	7.944055e-02	8.026635e+00	4.788494e-02	-7.962799e+01	0.000000e+00	206
6.859800e+04	0.000000e+00	1.999998e+01	1.336167e-03	7.920474e-02	8.017975e+00	4.773997e-02	-7.962799e+01	0.000000e+00	207
6.893100e+04	0.000000e+00	1.999998e+01	1.333795e-03	7.896988e-02	8.009331e+00	4.759558e-02	-7.962799e+01	0.000000e+00	208
6.926400e+04	0.000000e+00	1.999998e+01	1.331432e-03	7.873595e-02	8.000701e+00	4.745176e-02	-7.962799e+01	0.000000e+00	209
6.959700e+04	0.000000e+00	1.999998e+01	1.329078e-03	7.850294e-02	7.992087e+00	4.730851e-02	-7.962799e+01	0.000000e+00	210
6.993000e+04	0.000000e+00	1.999998e+01	1.326732e-03	7.827085e-02	7.983488e+00	4.716582e-02	-7.962799e+01	0.000000e+00	211
7.026300e+04	0.000000e+00	1.999998e+01	1.324395e-03	7.803968e-02	7.974905e+00	4.702371e-02	-7.962799e+01	0.000000e+00	212
7.059600e+04	0.000000e+00	1.999998e+01	1.322067e-03	7.780943e-02	7.966336e+00	4.688215e-02	-7.962799e+01	0.000000e+00	213
7.092900e+04	0.000000e+00	1.999998e+01	1.319747e-03	7.758007e-02	7.957783e+00	4.674116e-02	-7.962799e+01	0.000000e+00	214
7.126200e+04	0.000000e+00	1.999998e+01	1.317435e-03	7.735163e-02	7.949245e+00	4.660072e-02	-7.962799e+01	0.000000e+00	215
7.159500e+04	0.000000e+00	1.999998e+01	1.315132e-03	7.712407e-02	7.940722e+00	4.646083e-02	-7.962799e+01	0.000000e+00	216
7.192800e+04	0.000000e+00	1.999998e+01	1.312837e-03	7.689741e-02	7.932214e+00	4.632150e-02	-7.962799e+01	0.000000e+00	217
7.226100e+04	0.000000e+00	1.999998e+01	1.310550e-03	7.667164e-02	7.923721e+00	4.618271e-02	-7.962799e+01	0.000000e+00	218
7.259400e+04	0.000000e+00	1.999999e+01	1.308266e-03	7.644675e-02	7.915244e+00	4.604447e-02	-7.962799e+01	0.000000e+00	219
7.292700e+04	0.000000e+00	1.999998e+01	1.306001e-03	7.622274e-02	7.906782e+00	4.590677e-02	-7.962799e+01	0.000000e+00	220
7.326000e+04	0.000000e+00	1.999998e+01	1.303739e-03	7.599960e-02	7.898334e+00	4.576961e-02	-7.962799e+01	0.000000e+00	221
7.359300e+04	0.000000e+00	1.999998e+01	1.301486e-03	7.577734e-02	7.889902e+00	4.563299e-02	-7.962799e+01	0.000000e+00	222
7.392600e+04	0.000000e+00	1.999998e+01	1.299240e-03	7.555593e-02	7.881485e+00	4.549690e-02	-7.962799e+01	0.000000e+00	223
7.425900e+04	0.000000e+00	1.999998e+01	1.297002e-03	7.533539e-02	7.873083e+00	4.536135e-02	-7.962799e+01	0.000000e+00	224
7.459200e+04	0.000000e+00	1.999998e+01	1.294772e-03	7.511571e-02	7.864696e+00	4.522632e-02	-7.962799e+01	0.000000e+00	225
7.492500e+04	0.000000e+00	1.999998e+01	1.292550e-03	7.489688e-02	7.856324e+00	4.509183e-02	-7.962799e+01	0.000000e+00	226
7.525800e+04	0.000000e+00	1.999998e+01	1.290336e-03	7.467889e-02	7.847967e+00	4.495785e-02	-7.962799e+01	0.000000e+00	227
7.559100e+04	0.000000e+00	1.999998e+01	1.288129e-03	7.446176e-02	7.839626e+00	4.482440e-02	-7.962799e+01	0.000000e+00	228
7.592400e+04	0.000000e+00	1.999998e+01	1.285931e-03	7.424546e-02	7.831299e+00	4.469147e-02	-7.962799e+01	0.000000e+00	229
7.625700e+04	0.000000e+00	1.999998e+01	1.283740e-03	7.402999e-02	7.822987e+00	4.455906e-02	-7.962799e+01	0.000000e+00	230
7.659000e+04	0.000000e+00	1.999998e+01	1.281557e-03	7.381536e-02	7.814690e+00	4.442716e-02	-7.962799e+01	0.000000e+00	231
7.692300e+04	0.000000e+00	1.999998e+01	1.279381e-03	7.360155e-02	7.806408e+00	4.429577e-02	-7.962799e+01	0.000000e+00	232
7.725600e+04	0.000000e+00	1.999998e+01	1.277214e-03	7.338857e-02	7.798141e+00	4.416490e-02	-7.962799e+01	0.000000e+00	233
7.758900e+04	0.000000e+00	1.999998e+01	1.275054e-03	7.317641e-02	7.789889e+00	4.403453e-02	-7.962799e+01	0.000000e+00	234
7.792200e+04	0.000000e+00	1.999998e+01	1.272901e-03	7.296507e-02	7.781652e+00	4.390466e-02	-7.962799e+01	0.000000e+00	235
7.825500e+04	0.000000e+00	1.999998e+01	1.270756e-03	7.275453e-02	7.773430e+00	4.377530e-02	-7.962799e+01	0.000000e+00	236
7.858800e+04	0.000000e+00	1.999998e+01	1.268618e-03	7.254481e-02	7.765222e+00	4.364644e-02	-7.962799e+01	0.000000e+00	237
7.892100e+04	0.000000e+00	1.999998e+01	1.266488e-03	7.233589e-02	7.757030e+00	4.351808e-02	-7.962799e+01	0.000000e+00	238
7.925400e+04	0.000000e+00	1.999998e+01	1.264365e-03	7.212777e-02	7.748852e+00	4.339022e-02	-7.962799e+01	0.000000e+00	239
7.958700e+04	0.000000e+00	1.999998e+01	1.262250e-03	7.192044e-02	7.740690e+00	4.326284e-02	-7.962799e+01	0.000000e+00	240
7.992000e+04	0.000000e+00	1.999998e+01	1.260142e-03	7.171391e-02	7.732542e+00	4.313596e-02	-7.962799e+01	0.000000e+00	241
8.025300e+04	0.000000e+00	1.999998e+01	1.258041e-03	7.150817e-02	7.724408e+00	4.300957e-02	-7.962799e+01	0.000000e+00	242
8.058600e+04	0.000000e+00	1.999998e+01	1.255948e-03	7.130321e-02	7.716290e+00	4.288367e-02	-7.962799e+01	0.000000e+00	243
8.091900e+04	0.000000e+00	1.999998e+01	1.253861e-03	7.109904e-02	7.708187e+00	4.275825e-02	-7.962799e+01	0.000000e+00	244
8.125200e+04	0.000000e+00	1.999999e+01	1.251778e-03	7.089564e-02	7.700098e+00	4.263331e-02	-7.962799e+01	0.000000e+00	245
8.158500e+04	0.000000e+00	1.999998e+01	1.249710e-03	7.069302e-02	7.692024e+00	4.250886e-02	-7.962799e+01	0.000000e+00	246
8.191800e+04	0.000000e+00	1.999998e+01	1.247646e-03	7.049117e-02	7.683965e+00	4.238488e-02	-7.962799e+01	0.000000e+00	247
8.225100e+04	0.000000e+00	1.999998e+01	1.245588e-03	7.029009e-02	7.675920e+00	4.226138e-02	-7.962799e+01	0.000000e+00	248
8.258400e+04	0.000000e+00	1.999998e+01	1.243537e-03	7.008977e-02	7.667891e+00	4.213835e-02	-7.962799e+01	0.000000e+00	249
8.291700e+04	0.000000e+00	1.999998e+01	1.241494e-03	6.989021e-02	7.659876e+00	4.201579e-02	-7.962799e+01	0.000000e+00	250
8.325000e+04	0.000000e+00	1.999998e+01	1.239457e-03	6.969141e-02	7.651875e+00	4.189371e-02	-7.962799e+01	0.000000e+00	251
8.358300e+04	0.000000e+00	1.999998e+01	1.237428e-03	6.949336e-02	7.643889e+00	4.177209e-02	-7.962799e+01	0.000000e+00	252
8.391600e+04	0.000000e+00	1.999998e+01	1.235405e-03	6.929607e-02	7.635918e+00	4.165094e-02	-7.962799e+01	0.000000e+00	253
8.424900e+04	0.000000e+00	1.999998e+01	1.233389e-03	6.909952e-02	7.627962e+00	4.153025e-02	-7.962799e+01	0.000000e+00	254
8.458200e+04	0.000000e+00	1.999998e+01	1.231381e-03	6.890371e-02	7.620020e+00	4.141003e-02	-7.962799e+01	0.000000e+00	255
8.491500e+04	0.000000e+00	1.999998e+01	1.229379e-03	6.870865e-02	7.612093e+00	4.129026e-02	-7.962799e+01	0.000000e+00	256
8.524800e+04	0.000000e+00	1.999998e+01	1.227383e-03	6.851432e-02	7.604180e+00	4.117095e-02	-7.962799e+01	0.000000e+00	257
8.558100e+04	0.000000e+00	1.999998e+01	1.225395e-03	6.832073e-02	7.596282e+00	4.105210e-02	-7.962799e+01	0.000000e+00	258
8.591400e+04	0.000000e+00	1.999998e+01	1.223413e-03	6.812787e-02	7.588399e+00	4.093370e-02	-7.962799e+01	0.000000e+00	259
8.624700e+04	0.000000e+00	1.999998e+01	1.221439e-03	6.793573e-02	7.580530e+00	4.081575e-02	-7.962799e+01	0.000000e+00	260
8.658000e+04	0.000000e+00	1.999998e+01	1.219470e-03	6.774432e-02	7.572676e+00	4.069825e-02	-7.962799e+01	0.000000e+00	261
8.691300e+04	0.000000e+00	1.999998e+01	1.217509e-03	6.755363e-02	7.564836e+00	4.058120e-02	-7.962799e+01	0.000000e+00	262
8.724600e+04	0.000000e+00	1.999998e+01	1.215554e-03	6.736366e-02	7.557011e+00	4.046460e-02	-7.962799e+01	0.000000e+00	263
8.757900e+04	0.000000e+00	1.999998e+01	1.213606e-03	6.717440e-02	7.549200e+00	4.034844e-02	-7.962799e+01	0.000000e+00	264
8.791200e+04	0.000000e+00	1.999998e+01	1.211664e-03	6.698585e-02	7.541404e+00	4.023272e-02	-7.962799e+01	0.000000e+00	265
8.824500e+04	0.000000e+00	1.999998e+01	1.209729e-03	6.679801e-02	7.533622e+00	4.011744e-02	-7.962799e+01	0.000000e+00	266
8.857800e+04	0.000000e+00	1.999998e+01	1.207801e-03	6.661088e-02	7.525854e+00	4.000260e-02	-7.962799e+01	0.000000e+00	267
8.891100e+04	0.000000e+00	1.999998e+01	1.205879e-03	6.642445e-02	7.518101e+00	3.988820e-02	-7.962799e+01	0.000000e+00	268
8.924400e+04	0.000000e+00	1.999998e+01	1.203963e-03	6.623872e-02	7.510363e+00	3.977423e-02	-7.962799e+01	0.000000e+00	269
8.957700e+04	0.000000e+00	1.999998e+01	1.202054e-03	6.605368e-02	7.502638e+00	3.966069e-02	-7.962799e+01	0.000000e+00	270
8.991000e+04	0.000000e+00	1.999998e+01	1.200151e-03	6.586934e-02	7.494928e+00	3.954759e-02	-7.962799e+01	0.000000e+00	271
9.024300e+04	0.000000e+00	1.999998e+01	1.198255e-03	6.568569e-02	7.487233e+00	3.943491e-02	-7.962799e+01	0.000000e+00	272
9.057600e+04	0.000000e+00	1.999998e+01	1.196365e-03	6.550272e-02	7.479552e+00	3.932266e-02	-7.962799e+01	0.000000e+00	273
9.090900e+04	0.000000e+00	1.999998e+01	1.194482e-03	6.532044e-02	7.471885e+00	3.921084e-02	-7.962799e+01	0.000000e+00	274
9.124200e+04	0.000000e+00	1.999998e+01	1.192605e-03	6.513884e-02	7.464233e+00	3.909943e-02	-7.962799e+01	0.000000e+00	275
9.157500e+04	0.000000e+00	1.999998e+01	1.190734e-03	6.495792e-02	7.456594e+00	3.898846e-02	-7.962799e+01	0.000000e+00	276
9.190800e+04	0.000000e+00	1.999998e+01	1.188869e-03	6.477768e-02	7.448970e+00	3.887790e-02	-7.962799e+01	0.000000e+00	277
9.224100e+04	0.000000e+00	1.999998e+01	1.187011e-03	6.459811e-02	7.441361e+00	3.876775e-02	-7.962799e+01	0.000000e+00	278
9.257400e+04	0.000000e+00	1.999999e+01	1.185157e-03	6.441920e-02	7.433765e+00	3.865803e-02	-7.962799e+01	0.000000e+00	279
9.290700e+04	0.000000e+00	1.999999e+01	1.183313e-03	6.424097e-02	7.426184e+00	3.854872e-02	-7.962799e+01	0.000000e+00	280
9.324000e+04	0.000000e+00	1.999999e+01	1.181473e-03	6.406339e-02	7.418617e+00	3.843982e-02	-7.962799e+01	0.000000e+00	281
9.357300e+04	0.000000e+00	1.999998e+01	1.179639e-03	6.388648e-02	7.411065e+00	3.833134e-02	-7.962799e+01	0.000000e+00	282
9.390600e+04	0.000000e+00	1.999999e+01	1.177812e-03	6.371023e-02	7.403526e+00	3.822326e-02	-7.962799e+01	0.000000e+00	283
9.423900e+04	0.000000e+00	1.999999e+01	1.175991e-03	6.353463e-02	7.396002e+00	3.811559e-02	-7.962799e+01	0.000000e+00	284
9.457200e+04	0.000000e+00	1.999999e+01	1.174176e-03	6.335969e-02	7.388491e+00	3.800833e-02	-7.962799e+01	0.000000e+00	285
9.490500e+04	0.000000e+00	1.999999e+01	1.172366e-03	6.318540e-02	7.380995e+00	3.790147e-02	-7.962799e+01	0.000000e+00	286
9.523800e+04	0.000000e+00	1.999999e+01	1.170563e-03	6.301175e-02	7.373513e+00	3.779501e-02	-7.962799e+01	0.000000e+00	287
9.557100e+04	0.000000e+00	1.999999e+01	1.168766e-03	6.283875e-02	7.366046e+00	3.768896e-02	-7.962799e+01	0.000000e+00	288
9.590400e+04	0.000000e+00	1.999999e+01	1.166975e-03	6.266639e-02	7.358592e+00	3.758330e-02	-7.962799e+01	0.000000e+00	289
9.623700e+04	0.000000e+00	1.999999e+01	1.165190e-03	6.249467e-02	7.351152e+00	3.747804e-02	-7.962799e+01	0.000000e+00	290
9.657000e+04	0.000000e+00	1.999999e+01	1.163411e-03	6.232358e-02	7.343726e+00	3.737318e-02	-7.962799e+01	0.000000e+00	291
9.690300e+04	0.000000e+00	1.999999e+01	1.161638e-03	6.215313e-02	7.336315e+00	3.726871e-02	-7.962799e+01	0.000000e+00	292
9.723600e+04	0.000000e+00	1.999999e+01	1.159870e-03	6.198331e-02	7.328917e+00	3.716463e-02	-7.962799e+01	0.000000e+00	293
9.756900e+04	0.000000e+00	1.999999e+01	1.158109e-03	6.181412e-02	7.321534e+00	3.706095e-02	-7.962799e+01	0.000000e+00	294
9.790200e+04	0.000000e+00	1.999999e+01	1.156353e-03	6.164556e-02	7.314164e+00	3.695765e-02	-7.962799e+01	0.000000e+00	295
9.823500e+04	0.000000e+00	1.999999e+01	1.154604e-03	6.147762e-02	7.306808e+00	3.685475e-02	-7.962799e+01	0.000000e+00	296
9.856800e+04	0.000000e+00	1.999999e+01	1.152860e-03	6.131030e-02	7.299467e+00	3.675222e-02	-7.962799e+01	0.000000e+00	297
9.890100e+04	0.000000e+00	1.999999e+01	1.151122e-03	6.114360e-02	7.292139e+00	3.665009e-02	-7.962799e+01	0.000000e+00	298
9.923400e+04	0.000000e+00	1.999999e+01	1.149389e-03	6.097751e-02	7.284825e+00	3.654833e-02	-7.962799e+01	0.000000e+00	299
9.956700e+04	0.000000e+00	1.999999e+01	1.147663e-03	6.081204e-02	7.277525e+00	3.644696e-02	-7.962799e+01	0.000000e+00	300
9.990000e+04	0.000000e+00	1.999999e+01	1.145942e-03	6.064717e-02	7.270239e+00	3.634597e-02	-7.962799e+01	0.000000e+00	301
1.002330e+05	0.000000e+00	1.999999e+01	1.144227e-03	6.048292e-02	7.262967e+00	3.624535e-02	-7.962799e+01	0.000000e+00	302
1.005660e+05	0.000000e+00	1.999999e+01	1.142518e-03	6.031927e-02	7.255709e+00	3.614511e-02	-7.962799e+01	0.000000e+00	303
1.008990e+05	0.000000e+00	1.999999e+01	1.140814e-03	6.015622e-02	7.248465e+00	3.604525e-02	-7.962799e+01	0.000000e+00	304
1.012320e+05	0.000000e+00	1.999999e+01	1.139116e-03	5.999378e-02	7.241234e+00	3.594576e-02	-7.962799e+01	0.000000e+00	305
1.015650e+05	0.000000e+00	1.999999e+01	1.137423e-03	5.983193e-02	7.234017e+00	3.584664e-02	-7.962799e+01	0.000000e+00	306
1.018980e+05	0.000000e+00	1.999999e+01	1.135737e-03	5.967068e-02	7.226814e+00	3.574790e-02	-7.962799e+01	0.000000e+00	307
1.022310e+05	0.000000e+00	1.999999e+01	1.134055e-03	5.951002e-02	7.219625e+00	3.564952e-02	-7.962799e+01	0.000000e+00	308
1.025640e+05	0.000000e+00	1.999999e+01	1.132380e-03	5.934995e-02	7.212450e+00	3.555151e-02	-7.962799e+01	0.000000e+00	309
1.028970e+05	0.000000e+00	1.999999e+01	1.130710e-03	5.919047e-02	7.205288e+00	3.545386e-02	-7.962799e+01	0.000000e+00	310
1.032300e+05	0.000000e+00	1.999999e+01	1.129045e-03	5.903157e-02	7.198140e+00	3.535658e-02	-7.962799e+01	0.000000e+00	311
1.035630e+05	0.000000e+00	1.999999e+01	1.127386e-03	5.887326e-02	7.191006e+00	3.525966e-02	-7.962799e+01	0.000000e+00	312
1.038960e+05	0.000000e+00	1.999999e+01	1.125733e-03	5.871553e-02	7.183885e+00	3.516311e-02	-7.962799e+01	0.000000e+00	313
1.042290e+05	0.000000e+00	1.999999e+01	1.124085e-03	5.855838e-02	7.176778e+00	3.506691e-02	-7.962799e+01	0.000000e+00	314
1.045620e+05	0.000000e+00	1.999999e+01	1.122442e-03	5.840180e-02	7.169685e+00	3.497107e-02	-7.962799e+01	0.000000e+00	315
1.048950e+05	0.000000e+00	1.999999e+01	1.120805e-03	5.824580e-02	7.162605e+00	3.487559e-02	-7.962799e+01	0.000000e+00	316
1.052280e+05	0.000000e+00	1.999999e+01	1.119174e-03	5.809037e-02	7.155539e+00	3.478047e-02	-7.962799e+01	0.000000e+00	317
1.055610e+05	0.000000e+00	1.999999e+01	1.117547e-03	5.793551e-02	7.148487e+00	3.468570e-02	-7.962799e+01	0.000000e+00	318
1.058940e+05	0.000000e+00	1.999999e+01	1.115927e-03	5.778122e-02	7.141448e+00	3.459128e-02	-7.962799e+01	0.000000e+00	319
1.062270e+05	0.000000e+00	1.999999e+01	1.114311e-03	5.762749e-02	7.134423e+00	3.449721e-02	-7.962799e+01	0.000000e+00	320
1.065600e+05	0.000000e+00	1.999999e+01	1.112701e-03	5.747432e-02	7.127411e+00	3.440349e-02	-7.962799e+01	0.000000e+00	321
1.068930e+05	0.000000e+00	1.999999e+01	1.111096e-03	5.732171e-02	7.120413e+00	3.431013e-02	-7.962799e+01	0.000000e+00	322
1.072260e+05	0.000000e+00	1.999999e+01	1.109497e-03	5.716966e-02	7.113428e+00	3.421710e-02	-7.962799e+01	0.000000e+00	323
1.075590e+05	0.000000e+00	1.999999e+01	1.107903e-03	5.701817e-02	7.106457e+00	3.412443e-02	-7.962799e+01	0.000000e+00	324
1.078920e+05	0.000000e+00	1.999999e+01	1.106314e-03	5.686723e-02	7.099499e+00	3.403209e-02	-7.962799e+01	0.000000e+00	325
1.082250e+05	0.000000e+00	1.999999e+01	1.104730e-03	5.671684e-02	7.092555e+00	3.394010e-02	-7.962799e+01	0.000000e+00	326
1.085580e+05	0.000000e+00	1.999999e+01	1.103152e-03	5.656700e-02	7.085624e+00	3.384846e-02	-7.962799e+01	0.000000e+00	327
1.088910e+05	0.000000e+00	1.999999e+01	1.101579e-03	5.641770e-02	7.078707e+00	3.375715e-02	-7.962799e+01	0.000000e+00	328
1.092240e+05	0.000000e+00	1.999999e+01	1.100011e-03	5.626895e-02	7.071803e+00	3.366618e-02	-7.962799e+01	0.000000e+00	329
1.095570e+05	0.000000e+00	1.999999e+01	1.098448e-03	5.612074e-02	7.064913e+00	3.357555e-02	-7.962799e+01	0.000000e+00	330
1.098900e+05	0.000000e+00	1.999999e+01	1.096891e-03	5.597307e-02	7.058036e+00	3.348525e-02	-7.962799e+01	0.000000e+00	331
1.102230e+05	0.000000e+00	1.999999e+01	1.095339e-03	5.582594e-02	7.051172e+00	3.339529e-02	-7.962799e+01	0.000000e+00	332
1.105560e+05	0.000000e+00	1.999999e+01	1.093792e-03	5.567934e-02	7.044322e+00	3.330566e-02	-7.962799e+01	0.000000e+00	333
1.108890e+05	0.000000e+00	1.999999e+01	1.092250e-03	5.553328e-02	7.037485e+00	3.321636e-02	-7.962799e+01	0.000000e+00	334
1.112220e+05	2.384392e+01	1.999999e+01	1.090713e-03	5.538775e-02	7.030661e+00	3.312739e-02	-7.962799e+01	2.917934e+01	335
1.115550e+05	2.384889e+01	1.999999e+01	1.089181e-03	5.524275e-02	7.023850e+00	3.303875e-02	-7.962799e+01	2.918347e+01	336
1.118880e+05	2.385387e+01	1.999999e+01	1.087654e-03	5.509827e-02	7.017053e+00	3.295044e-02	-7.962799e+01	2.918761e+01	337
1.122210e+05	2.385885e+01	1.999999e+01	1.086133e-03	5.495432e-02	7.010269e+00	3.286246e-02	-7.962799e+01	2.919175e+01	338
1.125540e+05	2.386382e+01	1.999999e+01	1.084616e-03	5.481089e-02	7.003499e+00	3.277480e-02	-7.962799e+01	2.919589e+01	339
1.128870e+05	2.386379e+01	1.999999e+01	1.083105e-03	5.466798e-02	6.996741e+00	3.268747e-02	-7.962799e+01	2.920003e+01	340
1.132200e+05	2.386877e+01	1.999999e+01	1.081598e-03	5.452559e-02	6.989997e+00	3.260045e-02	-7.962799e+01	2.920417e+01	341
1.135530e+05	2.387375e+01	1.999999e+01	1.080097e-03	5.438372e-02	6.983266e+00	3.251376e-02	-7.962799e+01	2.920832e+01	342
1.138860e+05	2.387873e+01	1.999999e+01	1.078600e-03	5.424236e-02	6.976548e+00	3.242739e-02	-7.962799e+01	2.921247e+01	343
1.142190e+05	2.388371e+01	1.999999e+01	1.077108e-03	5.410151e-02	6.969844e+00	3.234134e-02	-7.962799e+01	2.921661e+01	344
1.145520e+05	2.388868e+01	1.999999e+01	1.075622e-03	5.396118e-02	6.963152e+00	3.225560e-02	-7.962799e+01	2.922077e+01	345
1.148850e+05	2.389366e+01	1.999999e+01	1.074141e-03	5.382135e-02	6.956474e+00	3.217018e-02	-7.962799e+01	2.922493e+01	346
1.152180e+05	2.389864e+01	1.999999e+01	1.072664e-03	5.368202e-02	6.949808e+00	3.208508e-02	-7.962799e+01	2.922908e+01	347
1.155510e+05	2.390362e+01	1.999998e+01	1.071190e-03	5.354320e-02	6.943156e+00	3.200028e-02	-7.962799e+01	2.923320e+01	348
1.158840e+05	2.390860e+01	1.999999e+01	1.069725e-03	5.340489e-02	6.936517e+00	3.191581e-02	-7.962799e+01	2.923740e+01	349
1.162170e+05	2.391358e+01	1.999999e+01	1.068264e-03	5.326707e-02	6.929891e+00	3.183164e-02	-7.962799e+01	2.924156e+01	350
1.165500e+05	2.391856e+01	1.999999e+01	1.066807e-03	5.312975e-02	6.923278e+00	3.174778e-02	-7.962799e+01	2.924573e+01	351
1.168830e+05	2.391853e+01	1.999999e+01	1.065354e-03	5.299293e-02	6.916678e+00	3.166423e-02	-7.962799e+01	2.924990e+01	352
1.172160e+05	2.392351e+01	1.999999e+01	1.063907e-03	5.285660e-02	6.910091e+00	3.158098e-02	-7.962799e+01	2.925406e+01	353
1.175490e+05	2.392849e+01	1.999999e+01	1.062464e-03	5.272076e-02	6.903517e+00	3.149805e-02	-7.962799e+01	2.925823e+01	354
1.178820e+05	2.393347e+01	1.999999e+01	1.061027e-03	5.258541e-02	6.896956e+00	3.141541e-02	-7.962799e+01	2.926241e+01	355
1.182150e+05	2.393845e+01	1.999999e+01	1.059594e-03	5.245056e-02	6.890408e+00	3.133309e-02	-7.962799e+01	2.926658e+01	356
1.185480e+05	2.394343e+01	1.999999e+01	1.058166e-03	5.231618e-02	6.883873e+00	3.125106e-02	-7.962799e+01	2.927076e+01	357
1.188810e+05	2.394841e+01	1.999999e+01	1.056743e-03	5.218229e-02	6.877351e+00	3.116933e-02	-7.962799e+01	2.927494e+01	358
1.192140e+05	2.395339e+01	1.999999e+01	1.055324e-03	5.204889e-02	6.870841e+00	3.108791e-02	-7.962799e+01	2.927912e+01	359
1.195470e+05	2.395837e+01	1.999999e+01	1.053910e-03	5.191596e-02	6.864345e+00	3.100678e-02	-7.962799e+01	2.928330e+01	360
1.198800e+05	2.396335e+01	1.999999e+01	1.052501e-03	5.178351e-02	6.857861e+00	3.092595e-02	-7.962799e+01	2.928748e+01	361
1.200000e+05	2.396333e+01	1.999999e+01	9.705769e-04	5.174421e-02	6.855429e+00	3.106158e-05	-7.962799e+01	2.929167e+01	361
