0.000000e+00	0.000000e+00	0.000000e+00	-2.000000e+03	2.500000e-01	1.000000e+01	2.073800e-01	1.000000e+00	0.000000e+00	1
5.000000e+02	8.380020e+00	1.505944e+01	5.194590e-02	2.495247e-01	1.000067e+01	1.548914e-01	-7.884089e+01	2.501943e+01	2
1.000000e+03	0.000000e+00	1.999961e+01	1.038747e-02	2.383452e-01	9.995996e+00	1.461564e-01	-7.899625e+01	0.000000e+00	3
1.500000e+03	0.000000e+00	1.999972e+01	8.371759e-03	2.284042e-01	9.989343e+00	1.394910e-01	-7.911357e+01	0.000000e+00	4
2.000000e+03	0.000000e+00	1.999978e+01	7.628071e-03	2.199242e-01	9.981058e+00	1.335600e-01	-7.920686e+01	0.000000e+00	5
2.500000e+03	0.000000e+00	1.999982e+01	6.953374e-03	2.126036e-01	9.971430e+00	1.282952e-01	-7.928153e+01	0.000000e+00	6
3.000000e+03	0.000000e+00	1.999985e+01	6.306144e-03	2.061838e-01	9.960711e+00	1.236720e-01	-7.934121e+01	0.000000e+00	7
3.500000e+03	0.000000e+00	1.999988e+01	5.714043e-03	2.004728e-01	9.949111e+00	1.196373e-01	-7.938905e+01	0.000000e+00	8
4.000000e+03	0.000000e+00	1.999990e+01	5.196301e-03	1.953331e-01	9.936800e+00	1.161173e-01	-7.942766e+01	0.000000e+00	9
4.500000e+03	0.000000e+00	1.999992e+01	4.757225e-03	1.906663e-01	9.923911e+00	1.130337e-01	-7.945913e+01	0.000000e+00	10
5.000000e+03	0.000000e+00	1.999993e+01	4.391046e-03	1.863999e-01	9.910548e+00	1.103134e-01	-7.948505e+01	0.000000e+00	11
5.500000e+03	0.000000e+00	1.999994e+01	4.087538e-03	1.824786e-01	9.896792e+00	1.078932e-01	-7.950661e+01	0.000000e+00	12
6.000000e+03	0.000000e+00	1.999994e+01	3.835662e-03	1.788589e-01	9.882708e+00	1.057212e-01	-7.952475e+01	0.000000e+00	13
6.500000e+03	0.000000e+00	1.999996e+01	3.625478e-03	1.755049e-01	9.868346e+00	1.037556e-01	-7.954014e+01	0.000000e+00	14
7.000000e+03	0.000000e+00	1.999996e+01	3.448499e-03	1.723869e-01	9.853748e+00	1.019626e-01	-7.955330e+01	0.000000e+00	15
7.500000e+03	0.000000e+00	1.999997e+01	3.297993e-03	1.694795e-01	9.838948e+00	1.003158e-01	-7.956464e+01	0.000000e+00	16
8.000000e+03	0.000000e+00	1.999997e+01	3.168734e-03	1.667611e-01	9.823973e+00	9.879381e-02	-7.957446e+01	0.000000e+00	17
8.500000e+03	0.000000e+00	1.999997e+01	3.056562e-03	1.642125e-01	9.808846e+00	9.737933e-02	-7.958301e+01	0.000000e+00	18
9.000000e+03	0.000000e+00	1.999997e+01	2.958316e-03	1.618174e-01	9.793588e+00	9.605842e-02	-7.959047e+01	0.000000e+00	19
9.500000e+03	0.000000e+00	1.999998e+01	2.871527e-03	1.595611e-01	9.778215e+00	9.481957e-02	-7.959700e+01	0.000000e+00	20
1.000000e+04	0.000000e+00	1.999998e+01	2.794264e-03	1.574309e-01	9.762742e+00	9.365322e-02	-7.960272e+01	0.000000e+00	21
1.050000e+04	0.000000e+00	1.999998e+01	2.725003e-03	1.554153e-01	9.747181e+00	9.255135e-02	-7.960774e+01	0.000000e+00	22
1.100000e+04	0.000000e+00	1.999998e+01	2.662530e-03	1.535043e-01	9.731544e+00	9.150718e-02	-7.961214e+01	0.000000e+00	23
1.150000e+04	0.000000e+00	1.999998e+01	2.605865e-03	1.516889e-01	9.715839e+00	9.051489e-02	-7.961599e+01	0.000000e+00	24
1.200000e+04	0.000000e+00	1.999998e+01	2.554214e-03	1.499609e-01	9.700076e+00	8.956947e-02	-7.961935e+01	0.000000e+00	25
1.250000e+04	0.000000e+00	1.999998e+01	2.506921e-03	1.483132e-01	9.684263e+00	8.866658e-02	-7.962227e+01	0.000000e+00	26
1.300000e+04	0.000000e+00	1.999998e+01	2.463442e-03	1.467393e-01	9.668406e+00	8.780241e-02	-7.962479e+01	0.000000e+00	27
1.350000e+04	0.000000e+00	1.999998e+01	2.423322e-03	1.452333e-01	9.652512e+00	8.697362e-02	-7.962696e+01	0.000000e+00	28
1.400000e+04	0.000000e+00	1.999999e+01	2.386175e-03	1.437899e-01	9.636586e+00	8.617725e-02	-7.962881e+01	0.000000e+00	29
1.450000e+04	0.000000e+00	1.999999e+01	2.351673e-03	1.424044e-01	9.620633e+00	8.541069e-02	-7.963036e+01	0.000000e+00	30
1.500000e+04	0.000000e+00	1.999999e+01	2.319532e-03	1.410724e-01	9.604658e+00	8.467158e-02	-7.963164e+01	0.000000e+00	31
1.550000e+04	0.000000e+00	1.999999e+01	2.289511e-03	1.397901e-01	9.588666e+00	8.395783e-02	-7.963268e+01	0.000000e+00	32
1.600000e+04	0.000000e+00	1.999999e+01	2.261396e-03	1.385538e-01	9.572660e+00	8.326756e-02	-7.963349e+01	0.000000e+00	33
1.650000e+04	0.000000e+00	1.999999e+01	2.235003e-03	1.373602e-01	9.556643e+00	8.259906e-02	-7.963409e+01	0.000000e+00	34
1.700000e+04	0.000000e+00	1.999999e+01	2.210169e-03	1.362065e-01	9.540619e+00	8.195080e-02	-7.963451e+01	0.000000e+00	35
1.750000e+04	0.000000e+00	1.999999e+01	2.186751e-03	1.350899e-01	9.524591e+00	8.132138e-02	-7.963475e+01	0.000000e+00	36
1.800000e+04	0.000000e+00	1.999999e+01	2.164621e-03	1.340079e-01	9.508562e+00	8.070954e-02	-7.963482e+01	0.000000e+00	37
1.850000e+04	0.000000e+00	1.999999e+01	2.143667e-03	1.329582e-01	9.492533e+00	8.011414e-02	-7.963482e+01	0.000000e+00	38
1.900000e+04	0.000000e+00	1.999999e+01	2.123789e-03	1.319388e-01	9.476509e+00	7.953410e-02	-7.963482e+01	0.000000e+00	39
1.950000e+04	0.000000e+00	1.999999e+01	2.104896e-03	1.309478e-01	9.460489e+00	7.896848e-02	-7.963482e+01	0.000000e+00	40
2.000000e+04	0.000000e+00	1.999999e+01	2.086907e-03	1.299833e-01	9.444478e+00	7.841639e-02	-7.963482e+01	0.000000e+00	41
2.050000e+04	0.000000e+00	1.999999e+01	2.069750e-03	1.290438e-01	9.428475e+00	7.787703e-02	-7.963482e+01	0.000000e+00	42
2.100000e+04	0.000000e+00	1.999999e+01	2.053359e-03	1.281278e-01	9.412484e+00	7.734965e-02	-7.963482e+01	0.000000e+00	43
2.150000e+04	0.000000e+00	1.999999e+01	2.037675e-03	1.272338e-01	9.396506e+00	7.683356e-02	-7.963482e+01	0.000000e+00	44
2.200000e+04	0.000000e+00	1.999999e+01	2.022645e-03	1.263607e-01	9.380542e+00	7.632814e-02	-7.963482e+01	0.000000e+00	45
2.250000e+04	0.000000e+00	1.999999e+01	2.008220e-03	1.255072e-01	9.364594e+00	7.583281e-02	-7.963482e+01	0.000000e+00	46
2.300000e+04	0.000000e+00	1.999999e+01	1.994355e-03	1.246723e-01	9.348662e+00	7.534702e-02	-7.963482e+01	0.000000e+00	47
2.350000e+04	0.000000e+00	1.999999e+01	1.981011e-03	1.238549e-01	9.332749e+00	7.487029e-02	-7.963482e+01	0.000000e+00	48
2.400000e+04	0.000000e+00	1.999999e+01	1.968150e-03	1.230542e-01	9.316855e+00	7.440214e-02	-7.963482e+01	0.000000e+00	49
2.450000e+04	0.000000e+00	1.999999e+01	1.955740e-03	1.222691e-01	9.300981e+00	7.394216e-02	-7.963482e+01	0.000000e+00	50
2.500000e+04	0.000000e+00	1.999999e+01	1.943749e-03	1.214991e-01	9.285128e+00	7.348994e-02	-7.963482e+01	0.000000e+00	51
2.550000e+04	0.000000e+00	1.999999e+01	1.932150e-03	1.207432e-01	9.269298e+00	7.304512e-02	-7.963482e+01	0.000000e+00	52
2.600000e+04	0.000000e+00	1.999999e+01	1.920916e-03	1.200007e-01	9.253490e+00	7.260735e-02	-7.963482e+01	0.000000e+00	53
2.650000e+04	0.000000e+00	1.999999e+01	1.910024e-03	1.192712e-01	9.237706e+00	7.217631e-02	-7.963482e+01	0.000000e+00	54
2.700000e+04	0.000000e+00	1.999999e+01	1.899453e-03	1.185538e-01	9.221947e+00	7.175171e-02	-7.963482e+01	0.000000e+00	55
2.750000e+04	0.000000e+00	1.999999e+01	1.889182e-03	1.178482e-01	9.206213e+00	7.133326e-02	-7.963482e+01	0.000000e+00	56
2.800000e+04	0.000000e+00	1.999999e+01	1.879193e-03	1.171536e-01	9.190504e+00	7.092072e-02	-7.963482e+01	0.000000e+00	57
2.850000e+04	0.000000e+00	1.999999e+01	1.869469e-03	1.164697e-01	9.174822e+00	7.051382e-02	-7.963482e+01	0.000000e+00	58
2.900000e+04	0.000000e+00	1.999999e+01	1.859994e-03	1.157960e-01	9.159167e+00	7.011235e-02	-7.963482e+01	0.000000e+00	59
2.950000e+04	0.000000e+00	1.999999e+01	1.850753e-03	1.151321e-01	9.143540e+00	6.971609e-02	-7.963482e+01	0.000000e+00	60
3.000000e+04	0.000000e+00	1.999999e+01	1.841733e-03	1.144775e-01	9.127941e+00	6.932485e-02	-7.963482e+01	0.000000e+00	61
3.050000e+04	0.000000e+00	1.999999e+01	1.832922e-03	1.138319e-01	9.112370e+00	6.893843e-02	-7.963482e+01	0.000000e+00	62
3.100000e+04	0.000000e+00	1.999999e+01	1.824308e-03	1.131949e-01	9.096828e+00	6.855666e-02	-7.963482e+01	0.000000e+00	63
3.150000e+04	0.000000e+00	1.999999e+01	1.815881e-03	1.125662e-01	9.081315e+00	6.817938e-02	-7.963482e+01	0.000000e+00	64
3.200000e+04	0.000000e+00	1.999999e+01	1.807629e-03	1.119454e-01	9.065832e+00	6.780642e-02	-7.963482e+01	0.000000e+00	65
3.250000e+04	0.000000e+00	1.999999e+01	1.799545e-03	1.113324e-01	9.050380e+00	6.743765e-02	-7.963482e+01	0.000000e+00	66
3.300000e+04	0.000000e+00	1.999999e+01	1.791614e-03	1.107267e-01	9.034957e+00	6.707292e-02	-7.963482e+01	0.000000e+00	67
3.350000e+04	0.000000e+00	1.999999e+01	1.783844e-03	1.101282e-01	9.019566e+00	6.671210e-02	-7.963482e+01	0.000000e+00	68
3.400000e+04	0.000000e+00	1.999999e+01	1.776212e-03	1.095365e-01	9.004205e+00	6.635508e-02	-7.963482e+01	0.000000e+00	69
3.450000e+04	0.000000e+00	2.000000e+01	1.768715e-03	1.089515e-01	8.988876e+00	6.600173e-02	-7.963482e+01	0.000000e+00	70
3.500000e+04	0.000000e+00	1.999999e+01	1.761348e-03	1.083730e-01	8.973579e+00	6.565194e-02	-7.963482e+01	0.000000e+00	71
3.550000e+04	0.000000e+00	2.000000e+01	1.754105e-03	1.078007e-01	8.958313e+00	6.530562e-02	-7.963482e+01	0.000000e+00	72
3.600000e+04	0.000000e+00	2.000000e+01	1.746979e-03	1.072344e-01	8.943079e+00	6.496266e-02	-7.963482e+01	0.000000e+00	73
3.650000e+04	0.000000e+00	2.000000e+01	1.739965e-03	1.066740e-01	8.927878e+00	6.462298e-02	-7.963482e+01	0.000000e+00	74
3.700000e+04	0.000000e+00	2.000000e+01	1.733059e-03	1.061193e-01	8.912709e+00	6.428647e-02	-7.963482e+01	0.000000e+00	75
3.750000e+04	0.000000e+00	2.000000e+01	1.726255e-03	1.055701e-01	8.897573e+00	6.395307e-02	-7.963482e+01	0.000000e+00	76
3.800000e+04	0.000000e+00	2.000000e+01	1.719550e-03	1.050263e-01	8.882469e+00	6.362269e-02	-7.963482e+01	0.000000e+00	77
3.850000e+04	0.000000e+00	2.000000e+01	1.712939e-03	1.044876e-01	8.867399e+00	6.329525e-02	-7.963482e+01	0.000000e+00	78
3.900000e+04	0.000000e+00	2.000000e+01	1.706418e-03	1.039541e-01	8.852362e+00	6.297069e-02	-7.963482e+01	0.000000e+00	79
3.950000e+04	0.000000e+00	2.000000e+01	1.699961e-03	1.034255e-01	8.837358e+00	6.264894e-02	-7.963482e+01	0.000000e+00	80
4.000000e+04	0.000000e+00	1.999999e+01	1.693631e-03	1.029017e-01	8.822387e+00	6.232993e-02	-7.963482e+01	0.000000e+00	81
4.050000e+04	0.000000e+00	1.999999e+01	1.687359e-03	1.023825e-01	8.807451e+00	6.201359e-02	-7.963482e+01	0.000000e+00	82
4.100000e+04	0.000000e+00	2.000000e+01	1.681168e-03	1.018680e-01	8.792547e+00	6.169988e-02	-7.963482e+01	0.000000e+00	83
4.150000e+04	0.000000e+00	2.000000e+01	1.675048e-03	1.013579e-01	8.777678e+00	6.138874e-02	-7.963482e+01	0.000000e+00	84
4.200000e+04	0.000000e+00	2.000000e+01	1.669000e-03	1.008522e-01	8.762843e+00	6.108011e-02	-7.963482e+01	0.000000e+00	85
4.250000e+04	0.000000e+00	2.000000e+01	1.663021e-03	1.003508e-01	8.748041e+00	6.077394e-02	-7.963482e+01	0.000000e+00	86
4.300000e+04	0.000000e+00	2.000000e+01	1.657109e-03	9.985354e-02	8.733274e+00	6.047018e-02	-7.963482e+01	0.000000e+00	87
4.350000e+04	0.000000e+00	2.000000e+01	1.651261e-03	9.936036e-02	8.718541e+00	6.016879e-02	-7.963482e+01	0.000000e+00	88
4.400000e+04	0.000000e+00	2.000000e+01	1.645475e-03	9.887117e-02	8.703842e+00	5.986973e-02	-7.963482e+01	0.000000e+00	89
4.450000e+04	0.000000e+00	2.000000e+01	1.639749e-03	9.838590e-02	8.689177e+00	5.957294e-02	-7.963482e+01	0.000000e+00	90
4.500000e+04	0.000000e+00	2.000000e+01	1.634082e-03	9.790447e-02	8.674547e+00	5.927839e-02	-7.963482e+01	0.000000e+00	91
4.550000e+04	0.000000e+00	2.000000e+01	1.628471e-03	9.742679e-02	8.659951e+00	5.898604e-02	-7.963482e+01	0.000000e+00	92
4.600000e+04	0.000000e+00	2.000000e+01	1.622915e-03	9.695281e-02	8.645390e+00	5.869585e-02	-7.963482e+01	0.000000e+00	93
4.650000e+04	0.000000e+00	2.000000e+01	1.617412e-03	9.648244e-02	8.630863e+00	5.840779e-02	-7.963482e+01	0.000000e+00	94
4.700000e+04	0.000000e+00	2.000000e+01	1.611961e-03	9.601563e-02	8.616371e+00	5.812182e-02	-7.963482e+01	0.000000e+00	95
4.750000e+04	0.000000e+00	2.000000e+01	1.606560e-03	9.555231e-02	8.601914e+00	5.783791e-02	-7.963482e+01	0.000000e+00	96
4.800000e+04	0.000000e+00	2.000000e+01	1.601207e-03	9.509243e-02	8.587491e+00	5.755602e-02	-7.963482e+01	0.000000e+00	97
4.850000e+04	0.000000e+00	2.000000e+01	1.595903e-03	9.463591e-02	8.573103e+00	5.727613e-02	-7.963482e+01	0.000000e+00	98
4.900000e+04	0.000000e+00	2.000000e+01	1.590644e-03	9.418272e-02	8.558749e+00	5.699821e-02	-7.963482e+01	0.000000e+00	99
4.950000e+04	0.000000e+00	2.000000e+01	1.585431e-03	9.373278e-02	8.544430e+00	5.672222e-02	-7.963482e+01	0.000000e+00	100
5.000000e+04	0.000000e+00	2.000000e+01	1.580261e-03	9.328606e-02	8.530147e+00	5.644815e-02	-7.963482e+01	0.000000e+00	101
5.050000e+04	0.000000e+00	2.000000e+01	1.575135e-03	9.284250e-02	8.515897e+00	5.617595e-02	-7.963482e+01	0.000000e+00	102
5.100000e+04	0.000000e+00	2.000000e+01	1.570050e-03	9.240206e-02	8.501683e+00	5.590562e-02	-7.963482e+01	0.000000e+00	103
5.150000e+04	0.000000e+00	2.000000e+01	1.565006e-03	9.196468e-02	8.487503e+00	5.563712e-02	-7.963482e+01	0.000000e+00	104
5.200000e+04	0.000000e+00	2.000000e+01	1.560002e-03	9.153033e-02	8.473359e+00	5.537042e-02	-7.963482e+01	0.000000e+00	105
5.250000e+04	0.000000e+00	2.000000e+01	1.555037e-03	9.109896e-02	8.459249e+00	5.510552e-02	-7.963482e+01	0.000000e+00	106
5.300000e+04	0.000000e+00	2.000000e+01	1.550110e-03	9.067053e-02	8.445174e+00	5.484237e-02	-7.963482e+01	0.000000e+00	107
5.350000e+04	0.000000e+00	2.000000e+01	1.545220e-03	9.024500e-02	8.431134e+00	5.458097e-02	-7.963482e+01	0.000000e+00	108
5.400000e+04	0.000000e+00	2.000000e+01	1.540368e-03	8.982233e-02	8.417128e+00	5.432129e-02	-7.963482e+01	0.000000e+00	109
5.450000e+04	0.000000e+00	2.000000e+01	1.535551e-03	8.940249e-02	8.403158e+00	5.406331e-02	-7.963482e+01	0.000000e+00	110
5.500000e+04	0.000000e+00	2.000000e+01	1.530769e-03	8.898543e-02	8.389222e+00	5.380702e-02	-7.963482e+01	0.000000e+00	111
5.550000e+04	0.000000e+00	2.000000e+01	1.526022e-03	8.857112e-02	8.375321e+00	5.355238e-02	-7.963482e+01	0.000000e+00	112
5.600000e+04	0.000000e+00	2.000000e+01	1.521308e-03	8.815954e-02	8.361455e+00	5.329939e-02	-7.963482e+01	0.000000e+00	113
5.650000e+04	0.000000e+00	2.000000e+01	1.516628e-03	8.775064e-02	8.347624e+00	5.304802e-02	-7.963482e+01	0.000000e+00	114
5.700000e+04	0.000000e+00	2.000000e+01	1.511980e-03	8.734440e-02	8.333827e+00	5.279826e-02	-7.963482e+01	0.000000e+00	115
5.750000e+04	0.000000e+00	2.000000e+01	1.507365e-03	8.694077e-02	8.320065e+00	5.255009e-02	-7.963482e+01	0.000000e+00	116
5.800000e+04	0.000000e+00	2.000000e+01	1.502780e-03	8.653975e-02	8.306338e+00	5.230349e-02	-7.963482e+01	0.000000e+00	117
5.850000e+04	0.000000e+00	2.000000e+01	1.498227e-03	8.614128e-02	8.292646e+00	5.205845e-02	-7.963482e+01	0.000000e+00	118
5.900000e+04	0.000000e+00	2.000000e+01	1.493705e-03	8.574536e-02	8.278989e+00	5.181495e-02	-7.963482e+01	0.000000e+00	119
5.950000e+04	0.000000e+00	2.000000e+01	1.489181e-03	8.535194e-02	8.265366e+00	5.157298e-02	-7.963482e+01	0.000000e+00	120
6.000000e+04	0.000000e+00	2.000000e+01	1.484747e-03	8.496100e-02	8.251778e+00	5.133252e-02	-7.963482e+01	0.000000e+00	121
6.050000e+04	0.000000e+00	2.000000e+01	1.480314e-03	8.457252e-02	8.238224e+00	5.109356e-02	-7.963482e+01	0.000000e+00	122
6.100000e+04	0.000000e+00	2.000000e+01	1.475909e-03	8.418647e-02	8.224706e+00	5.085608e-02	-7.963482e+01	0.000000e+00	123
6.150000e+04	0.000000e+00	2.000000e+01	1.471532e-03	8.380283e-02	8.211222e+00	5.062007e-02	-7.963482e+01	0.000000e+00	124
6.200000e+04	0.000000e+00	2.000000e+01	1.467182e-03	8.342156e-02	8.197772e+00	5.038552e-02	-7.963482e+01	0.000000e+00	125
6.250000e+04	0.000000e+00	2.000000e+01	1.462860e-03	8.304266e-02	8.184357e+00	5.015241e-02	-7.963482e+01	0.000000e+00	126
6.300000e+04	0.000000e+00	2.000000e+01	1.458565e-03	8.266609e-02	8.170976e+00	4.992072e-02	-7.963482e+01	0.000000e+00	127
6.350000e+04	0.000000e+00	2.000000e+01	1.454296e-03	8.229184e-02	8.157630e+00	4.969045e-02	-7.963482e+01	0.000000e+00	128
6.400000e+04	0.000000e+00	2.000000e+01	1.450054e-03	8.191987e-02	8.144319e+00	4.946159e-02	-7.963482e+01	0.000000e+00	129
6.450000e+04	0.000000e+00	2.000000e+01	1.445838e-03	8.155017e-02	8.131042e+00	4.923411e-02	-7.963482e+01	0.000000e+00	130
6.500000e+04	0.000000e+00	2.000000e+01	1.441648e-03	8.118273e-02	8.117799e+00	4.900802e-02	-7.963482e+01	0.000000e+00	131
6.550000e+04	0.000000e+00	2.000000e+01	1.437482e-03	8.081751e-02	8.104591e+00	4.878329e-02	-7.963482e+01	0.000000e+00	132
6.600000e+04	0.000000e+00	2.000000e+01	1.433342e-03	8.045450e-02	8.091417e+00	4.855992e-02	-7.963482e+01	0.000000e+00	133
6.650000e+04	0.000000e+00	2.000000e+01	1.429227e-03	8.009368e-02	8.078278e+00	4.833790e-02	-7.963482e+01	0.000000e+00	134
6.700000e+04	0.000000e+00	2.000000e+01	1.425136e-03	7.973502e-02	8.065172e+00	4.811721e-02	-7.963482e+01	0.000000e+00	135
6.750000e+04	0.000000e+00	2.000000e+01	1.421069e-03	7.937852e-02	8.052101e+00	4.789784e-02	-7.963482e+01	0.000000e+00	136
6.800000e+04	0.000000e+00	2.000000e+01	1.417026e-03	7.902415e-02	8.039064e+00	4.767978e-02	-7.963482e+01	0.000000e+00	137
6.850000e+04	0.000000e+00	2.000000e+01	1.413006e-03	7.867189e-02	8.026062e+00	4.746302e-02	-7.963482e+01	0.000000e+00	138
6.900000e+04	0.000000e+00	2.000000e+01	1.409011e-03	7.832174e-02	8.013093e+00	4.724756e-02	-7.963482e+01	0.000000e+00	139
6.950000e+04	0.000000e+00	2.000000e+01	1.405038e-03	7.797366e-02	8.000158e+00	4.703338e-02	-7.963482e+01	0.000000e+00	140
7.000000e+04	0.000000e+00	2.000000e+01	1.401088e-03	7.762764e-02	7.987258e+00	4.682047e-02	-7.963482e+01	0.000000e+00	141
7.050000e+04	0.000000e+00	2.000000e+01	1.397160e-03	7.728366e-02	7.974392e+00	4.660882e-02	-7.963482e+01	0.000000e+00	142
7.100000e+04	0.000000e+00	2.000000e+01	1.393255e-03	7.694172e-02	7.961559e+00	4.639842e-02	-7.963482e+01	0.000000e+00	143
7.150000e+04	0.000000e+00	2.000000e+01	1.389373e-03	7.660179e-02	7.948761e+00	4.618926e-02	-7.963482e+01	0.000000e+00	144
7.200000e+04	0.000000e+00	2.000000e+01	1.385512e-03	7.626385e-02	7.935996e+00	4.598134e-02	-7.963482e+01	0.000000e+00	145
7.250000e+04	0.000000e+00	2.000000e+01	1.381673e-03	7.592790e-02	7.923265e+00	4.577464e-02	-7.963482e+01	0.000000e+00	146
7.300000e+04	0.000000e+00	2.000000e+01	1.377855e-03	7.559391e-02	7.910568e+00	4.556916e-02	-7.963482e+01	0.000000e+00	147
7.350000e+04	0.000000e+00	2.000000e+01	1.374059e-03	7.526187e-02	7.897905e+00	4.536488e-02	-7.963482e+01	0.000000e+00	148
7.400000e+04	0.000000e+00	2.000000e+01	1.370284e-03	7.493177e-02	7.885276e+00	4.516180e-02	-7.963482e+01	0.000000e+00	149
7.450000e+04	0.000000e+00	2.000000e+01	1.366530e-03	7.460359e-02	7.872680e+00	4.495990e-02	-7.963482e+01	0.000000e+00	150
7.500000e+04	0.000000e+00	2.000000e+01	1.362797e-03	7.427732e-02	7.860118e+00	4.475919e-02	-7.963482e+01	0.000000e+00	151
7.550000e+04	0.000000e+00	2.000000e+01	1.359084e-03	7.395293e-02	7.847589e+00	4.455964e-02	-7.963482e+01	0.000000e+00	152
7.600000e+04	0.000000e+00	2.000000e+01	1.355392e-03	7.363043e-02	7.835094e+00	4.436126e-02	-7.963482e+01	0.000000e+00	153
7.650000e+04	0.000000e+00	2.000000e+01	1.351720e-03	7.330979e-02	7.822632e+00	4.416404e-02	-7.963482e+01	0.000000e+00	154
7.700000e+04	0.000000e+00	2.000000e+01	1.348068e-03	7.299100e-02	7.810204e+00	4.396796e-02	-7.963482e+01	0.000000e+00	155
7.750000e+04	0.000000e+00	2.000000e+01	1.344436e-03	7.267405e-02	7.797809e+00	4.377302e-02	-7.963482e+01	0.000000e+00	156
7.800000e+04	0.000000e+00	2.000000e+01	1.340823e-03	7.235892e-02	7.785448e+00	4.357920e-02	-7.963482e+01	0.000000e+00	157
7.850000e+04	0.000000e+00	2.000000e+01	1.337231e-03	7.204561e-02	7.773120e+00	4.338651e-02	-7.963482e+01	0.000000e+00	158
7.900000e+04	0.000000e+00	2.000000e+01	1.333657e-03	7.173409e-02	7.760825e+00	4.319494e-02	-7.963482e+01	0.000000e+00	159
7.950000e+04	0.000000e+00	2.000000e+01	1.330103e-03	7.142435e-02	7.748564e+00	4.300447e-02	-7.963482e+01	0.000000e+00	160
8.000000e+04	0.000000e+00	2.000000e+01	1.326568e-03	7.111639e-02	7.736335e+00	4.281510e-02	-7.963482e+01	0.000000e+00	161
8.050000e+04	0.000000e+00	2.000000e+01	1.323052e-03	7.081019e-02	7.724140e+00	4.262683e-02	-7.963482e+01	0.000000e+00	162
8.100000e+04	0.000000e+00	2.000000e+01	1.319555e-03	7.050574e-02	7.711978e+00	4.243964e-02	-7.963482e+01	0.000000e+00	163
8.150000e+04	0.000000e+00	2.000000e+01	1.316077e-03	7.020302e-02	7.699848e+00	4.225352e-02	-7.963482e+01	0.000000e+00	164
8.200000e+04	0.000000e+00	2.000000e+01	1.312617e-03	6.990203e-02	7.687752e+00	4.206848e-02	-7.963482e+01	0.000000e+00	165
8.250000e+04	0.000000e+00	2.000000e+01	1.309175e-03	6.960275e-02	7.675689e+00	4.188450e-02	-7.963482e+01	0.000000e+00	166
8.300000e+04	0.000000e+00	2.000000e+01	1.305752e-03	6.930517e-02	7.663658e+00	4.170157e-02	-7.963482e+01	0.000000e+00	167
8.350000e+04	0.000000e+00	2.000000e+01	1.302347e-03	6.900928e-02	7.651660e+00	4.151969e-02	-7.963482e+01	0.000000e+00	168
8.400000e+04	0.000000e+00	2.000000e+01	1.298960e-03	6.871507e-02	7.639696e+00	4.133886e-02	-7.963482e+01	0.000000e+00	169
8.450000e+04	0.000000e+00	2.000000e+01	1.295591e-03	6.842252e-02	7.627763e+00	4.115906e-02	-7.963482e+01	0.000000e+00	170
8.500000e+04	0.000000e+00	2.000000e+01	1.292239e-03	6.813162e-02	7.615864e+00	4.098028e-02	-7.963482e+01	0.000000e+00	171
8.550000e+04	0.000000e+00	2.000000e+01	1.288905e-03	6.784237e-02	7.603997e+00	4.080253e-02	-7.963482e+01	0.000000e+00	172
8.600000e+04	0.000000e+00	2.000000e+01	1.285589e-03	6.755476e-02	7.592163e+00	4.062579e-02	-7.963482e+01	0.000000e+00	173
8.650000e+04	0.000000e+00	2.000000e+01	1.282290e-03	6.726876e-02	7.580361e+00	4.045006e-02	-7.963482e+01	0.000000e+00	174
8.700000e+04	0.000000e+00	2.000000e+01	1.279008e-03	6.698438e-02	7.568591e+00	4.027533e-02	-7.963482e+01	0.000000e+00	175
8.750000e+04	0.000000e+00	2.000000e+01	1.275744e-03	6.670159e-02	7.556854e+00	4.010160e-02	-7.963482e+01	0.000000e+00	176
8.800000e+04	0.000000e+00	2.000000e+01	1.272496e-03	6.642040e-02	7.545150e+00	3.992886e-02	-7.963482e+01	0.000000e+00	177
8.850000e+04	0.000000e+00	2.000000e+01	1.269266e-03	6.614078e-02	7.533477e+00	3.975709e-02	-7.963482e+01	0.000000e+00	178
8.900000e+04	0.000000e+00	2.000000e+01	1.266052e-03	6.586274e-02	7.521837e+00	3.958630e-02	-7.963482e+01	0.000000e+00	179
8.950000e+04	0.000000e+00	2.000000e+01	1.262855e-03	6.558625e-02	7.510229e+00	3.941649e-02	-7.963482e+01	0.000000e+00	180
9.000000e+04	0.000000e+00	2.000000e+01	1.259675e-03	6.531131e-02	7.498654e+00	3.924763e-02	-7.963482e+01	0.000000e+00	181
9.050000e+04	0.000000e+00	2.000000e+01	1.256511e-03	6.503792e-02	7.487110e+00	3.907973e-02	-7.963482e+01	0.000000e+00	182
9.100000e+04	0.000000e+00	2.000000e+01	1.253364e-03	6.476605e-02	7.475598e+00	3.891278e-02	-7.963482e+01	0.000000e+00	183
9.150000e+04	0.000000e+00	2.000000e+01	1.250232e-03	6.449569e-02	7.464119e+00	3.874678e-02	-7.963482e+01	0.000000e+00	184
9.200000e+04	0.000000e+00	2.000000e+01	1.247117e-03	6.422685e-02	7.452671e+00	3.858172e-02	-7.963482e+01	0.000000e+00	185
9.250000e+04	0.000000e+00	2.000000e+01	1.244018e-03	6.395951e-02	7.441255e+00	3.841759e-02	-7.963482e+01	0.000000e+00	186
9.300000e+04	0.000000e+00	2.000000e+01	1.240935e-03	6.369366e-02	7.429871e+00	3.825438e-02	-7.963482e+01	0.000000e+00	187
9.350000e+04	0.000000e+00	2.000000e+01	1.237868e-03	6.342928e-02	7.418519e+00	3.809210e-02	-7.963482e+01	0.000000e+00	188
9.400000e+04	0.000000e+00	2.000000e+01	1.234817e-03	6.316638e-02	7.407198e+00	3.793073e-02	-7.963482e+01	0.000000e+00	189
9.450000e+04	0.000000e+00	2.000000e+01	1.231782e-03	6.290494e-02	7.395910e+00	3.777027e-02	-7.963482e+01	0.000000e+00	190
9.500000e+04	0.000000e+00	2.000000e+01	1.228762e-03	6.264495e-02	7.384652e+00	3.761072e-02	-7.963482e+01	0.000000e+00	191
9.550000e+04	0.000000e+00	2.000000e+01	1.225758e-03	6.238641e-02	7.373427e+00	3.745206e-02	-7.963482e+01	0.000000e+00	192
9.600000e+04	0.000000e+00	2.000000e+01	1.222769e-03	6.212930e-02	7.362232e+00	3.729430e-02	-7.963482e+01	0.000000e+00	193
9.650000e+04	0.000000e+00	2.000000e+01	1.219795e-03	6.187361e-02	7.351069e+00	3.713742e-02	-7.963482e+01	0.000000e+00	194
9.700000e+04	0.000000e+00	2.000000e+01	1.216837e-03	6.161934e-02	7.339938e+00	3.698142e-02	-7.963482e+01	0.000000e+00	195
9.750000e+04	0.000000e+00	2.000000e+01	1.213893e-03	6.136648e-02	7.328838e+00	3.682630e-02	-7.963482e+01	0.000000e+00	196
9.800000e+04	0.000000e+00	2.000000e+01	1.210961e-03	6.111502e-02	7.317769e+00	3.667205e-02	-7.963482e+01	0.000000e+00	197
9.850000e+04	0.000000e+00	2.000000e+01	1.208052e-03	6.086494e-02	7.306731e+00	3.651867e-02	-7.963482e+01	0.000000e+00	198
9.900000e+04	0.000000e+00	2.000000e+01	1.205154e-03	6.061625e-02	7.295725e+00	3.636614e-02	-7.963482e+01	0.000000e+00	199
9.950000e+04	0.000000e+00	2.000000e+01	1.202270e-03	6.036893e-02	7.284750e+00	3.621447e-02	-7.963482e+01	0.000000e+00	200
1.000000e+05	0.000000e+00	2.000000e+01	1.199402e-03	6.012297e-02	7.273805e+00	3.606365e-02	-7.963482e+01	0.000000e+00	201
1.005000e+05	0.000000e+00	2.000000e+01	1.196548e-03	5.987837e-02	7.262892e+00	3.591367e-02	-7.963482e+01	0.000000e+00	202
1.010000e+05	0.000000e+00	2.000000e+01	1.193708e-03	5.963511e-02	7.252009e+00	3.576453e-02	-7.963482e+01	0.000000e+00	203
1.015000e+05	0.000000e+00	2.000001e+01	1.190861e-03	5.939319e-02	7.241158e+00	3.561622e-02	-7.963482e+01	0.000000e+00	204
1.020000e+05	0.000000e+00	2.000000e+01	1.188072e-03	5.915261e-02	7.230337e+00	3.546874e-02	-7.963482e+01	0.000000e+00	205
1.025000e+05	0.000000e+00	2.000000e+01	1.185276e-03	5.891334e-02	7.219547e+00	3.532209e-02	-7.963482e+01	0.000000e+00	206
1.030000e+05	0.000000e+00	2.000000e+01	1.182494e-03	5.867539e-02	7.208788e+00	3.517625e-02	-7.963482e+01	0.000000e+00	207
1.035000e+05	0.000000e+00	2.000000e+01	1.179727e-03	5.843875e-02	7.198059e+00	3.503123e-02	-7.963482e+01	0.000000e+00	208
1.040000e+05	0.000000e+00	2.000000e+01	1.176972e-03	5.820340e-02	7.187361e+00	3.488701e-02	-7.963482e+01	0.000000e+00	209
1.045000e+05	0.000000e+00	2.000000e+01	1.174233e-03	5.796934e-02	7.176694e+00	3.474359e-02	-7.963482e+01	0.000000e+00	210
1.050000e+05	0.000000e+00	2.000000e+01	1.171508e-03	5.773656e-02	7.166057e+00	3.460098e-02	-7.963482e+01	0.000000e+00	211
1.055000e+05	0.000000e+00	2.000000e+01	1.168796e-03	5.750506e-02	7.155450e+00	3.445916e-02	-7.963482e+01	0.000000e+00	212
1.060000e+05	0.000000e+00	2.000000e+01	1.166098e-03	5.727482e-02	7.144874e+00	3.431812e-02	-7.963482e+01	0.000000e+00	213
1.065000e+05	0.000000e+00	2.000000e+01	1.163414e-03	5.704585e-02	7.134328e+00	3.417787e-02	-7.963482e+01	0.000000e+00	214
1.070000e+05	0.000000e+00	2.000000e+01	1.160743e-03	5.681812e-02	7.123813e+00	3.403840e-02	-7.963482e+01	0.000000e+00	215
1.075000e+05	0.000000e+00	2.000000e+01	1.158086e-03	5.659163e-02	7.113327e+00	3.389970e-02	-7.963482e+01	0.000000e+00	216
1.080000e+05	0.000000e+00	2.000000e+01	1.155443e-03	5.636639e-02	7.102872e+00	3.376177e-02	-7.963482e+01	0.000000e+00	217
1.085000e+05	0.000000e+00	2.000000e+01	1.152813e-03	5.614236e-02	7.092447e+00	3.362460e-02	-7.963482e+01	0.000000e+00	218
1.090000e+05	0.000000e+00	2.000000e+01	1.150196e-03	5.591956e-02	7.082051e+00	3.348820e-02	-7.963482e+01	0.000000e+00	219
1.095000e+05	0.000000e+00	2.000000e+01	1.147593e-03	5.569798e-02	7.071686e+00	3.335255e-02	-7.963482e+01	0.000000e+00	220
1.100000e+05	0.000000e+00	2.000000e+01	1.145003e-03	5.547759e-02	7.061351e+00	3.321765e-02	-7.963482e+01	0.000000e+00	221
1.105000e+05	0.000000e+00	2.000000e+01	1.142426e-03	5.525841e-02	7.051045e+00	3.308350e-02	-7.963482e+01	0.000000e+00	222
1.110000e+05	0.000000e+00	2.000000e+01	1.139862e-03	5.504042e-02	7.040769e+00	3.295008e-02	-7.963482e+01	0.000000e+00	223
1.115000e+05	2.384392e+01	2.000000e+01	1.137311e-03	5.482361e-02	7.030523e+00	3.281741e-02	-7.963482e+01	2.918282e+01	224
1.120000e+05	2.385389e+01	2.000000e+01	1.134774e-03	5.460798e-02	7.020307e+00	3.268547e-02	-7.963482e+01	2.918906e+01	225
1.125000e+05	2.385885e+01	2.000000e+01	1.132249e-03	5.439351e-02	7.010120e+00	3.255425e-02	-7.963482e+01	2.919531e+01	226
1.130000e+05	2.386882e+01	2.000000e+01	1.129737e-03	5.418021e-02	6.999963e+00	3.242376e-02	-7.963482e+01	2.920157e+01	227
1.135000e+05	2.387378e+01	2.000000e+01	1.127238e-03	5.396807e-02	6.989835e+00	3.229399e-02	-7.963482e+01	2.920783e+01	228
1.140000e+05	2.387874e+01	2.000000e+01	1.124752e-03	5.375707e-02	6.979737e+00	3.216493e-02	-7.963482e+01	2.921409e+01	229
1.145000e+05	2.388871e+01	2.000000e+01	1.122278e-03	5.354722e-02	6.969668e+00	3.203659e-02	-7.963482e+01	2.922036e+01	230
1.150000e+05	2.389368e+01	2.000000e+01	1.119817e-03	5.333850e-02	6.959629e+00	3.190895e-02	-7.963482e+01	2.922663e+01	231
1.155000e+05	2.390365e+01	2.000000e+01	1.117368e-03	5.313091e-02	6.949618e+00	3.178201e-02	-7.963482e+01	2.923291e+01	232
1.160000e+05	2.390861e+01	2.000000e+01	1.114933e-03	5.292443e-02	6.939637e+00	3.165577e-02	-7.963482e+01	2.923920e+01	233
1.165000e+05	2.391358e+01	2.000000e+01	1.112509e-03	5.271908e-02	6.929685e+00	3.153022e-02	-7.963482e+01	2.924549e+01	234
1.170000e+05	2.392355e+01	2.000000e+01	1.110098e-03	5.251483e-02	6.919763e+00	3.140537e-02	-7.963482e+01	2.925178e+01	235
1.175000e+05	2.392852e+01	2.000000e+01	1.107699e-03	5.231168e-02	6.909869e+00	3.128119e-02	-7.963482e+01	2.925808e+01	236
1.180000e+05	2.393849e+01	2.000000e+01	1.105309e-03	5.210963e-02	6.900004e+00	3.115770e-02	-7.963482e+01	2.926433e+01	237
1.185000e+05	2.394346e+01	2.000000e+01	1.102938e-03	5.190866e-02	6.890168e+00	3.103489e-02	-7.963482e+01	2.927069e+01	238
1.190000e+05	2.394842e+01	2.000000e+01	1.100576e-03	5.170877e-02	6.880361e+00	3.091275e-02	-7.963482e+01	2.927701e+01	239
1.195000e+05	2.395840e+01	2.000000e+01	1.098227e-03	5.150996e-02	6.870583e+00	3.079128e-02	-7.963482e+01	2.928332e+01	240
1.200000e+05	2.396337e+01	2.000000e+01	1.095889e-03	5.131222e-02	6.860833e+00	3.067047e-05	-7.963482e+01	2.928965e+01	240
