0.000000e+00	0.000000e+00	0.000000e+00	-2.000000e+03	2.500000e-01	6.860000e+00	2.073800e-01	1.000000e+00	0.000000e+00	1
5.000000e+02	0.000000e+00	5.704151e+00	6.649047e-02	2.446961e-01	6.883726e+00	1.403465e-01	-7.338583e+01	0.000000e+00	2
1.000000e+03	0.000000e+00	0.000000e+00	1.299954e-02	2.282973e-01	6.891770e+00	1.273466e-01	-7.338583e+01	0.000000e+00	3
1.500000e+03	0.000000e+00	0.000000e+00	9.922686e-03	2.141106e-01	6.895932e+00	1.174237e-01	-7.377696e+01	0.000000e+00	4
2.000000e+03	0.000000e+00	0.000000e+00	8.563140e-03	2.020563e-01	6.897665e+00	1.088604e-01	-7.404204e+01	0.000000e+00	5
2.500000e+03	0.000000e+00	0.000000e+00	7.261622e-03	1.915208e-01	6.897739e+00	1.015986e-01	-7.423193e+01	0.000000e+00	6
3.000000e+03	0.000000e+00	0.000000e+00	6.070343e-03	1.820978e-01	6.896611e+00	9.552812e-02	-7.437430e+01	0.000000e+00	7
3.500000e+03	0.000000e+00	0.000000e+00	5.095440e-03	1.735670e-01	6.894565e+00	9.043257e-02	-7.448555e+01	0.000000e+00	8
4.000000e+03	0.000000e+00	0.000000e+00	4.342670e-03	1.658031e-01	6.891787e+00	8.608981e-02	-7.457570e+01	0.000000e+00	9
4.500000e+03	0.000000e+00	0.000000e+00	3.767929e-03	1.587189e-01	6.888402e+00	8.232180e-02	-7.465093e+01	0.000000e+00	10
5.000000e+03	0.000000e+00	0.000000e+00	3.322030e-03	1.522428e-01	6.884503e+00	7.899969e-02	-7.471510e+01	0.000000e+00	11
5.500000e+03	0.000000e+00	0.000000e+00	2.966481e-03	1.463112e-01	6.880157e+00	7.603315e-02	-7.477073e+01	0.000000e+00	12
6.000000e+03	0.000000e+00	0.000000e+00	2.674783e-03	1.408669e-01	6.875418e+00	7.335831e-02	-7.481948e+01	0.000000e+00	13
6.500000e+03	0.000000e+00	0.000000e+00	2.429519e-03	1.358588e-01	6.870331e+00	7.092874e-02	-7.486254e+01	0.000000e+00	14
7.000000e+03	0.000000e+00	0.000000e+00	2.219290e-03	1.312415e-01	6.864931e+00	6.870941e-02	-7.490080e+01	0.000000e+00	15
7.500000e+03	0.000000e+00	0.000000e+00	2.036472e-03	1.269749e-01	6.859252e+00	6.667289e-02	-7.493493e+01	0.000000e+00	16
8.000000e+03	0.000000e+00	0.000000e+00	1.875781e-03	1.230236e-01	6.853320e+00	6.479707e-02	-7.496545e+01	0.000000e+00	17
8.500000e+03	0.000000e+00	0.000000e+00	1.733402e-03	1.193566e-01	6.847160e+00	6.306363e-02	-7.499283e+01	0.000000e+00	18
9.000000e+03	0.000000e+00	0.000000e+00	1.606470e-03	1.159463e-01	6.840793e+00	6.145713e-02	-7.501741e+01	0.000000e+00	19
9.500000e+03	0.000000e+00	0.000000e+00	1.492753e-03	1.127686e-01	6.834237e+00	5.996434e-02	-7.503950e+01	0.000000e+00	20
1.000000e+04	0.000000e+00	0.000000e+00	1.390465e-03	1.098020e-01	6.827511e+00	5.857385e-02	-7.505938e+01	0.000000e+00	21
1.050000e+04	0.000000e+00	0.000000e+00	1.298142e-03	1.070275e-01	6.820629e+00	5.727568e-02	-7.507728e+01	0.000000e+00	22
1.100000e+04	0.000000e+00	0.000000e+00	1.214562e-03	1.044281e-01	6.813605e+00	5.606110e-02	-7.509338e+01	0.000000e+00	23
1.150000e+04	0.000000e+00	0.000000e+00	1.138693e-03	1.019887e-01	6.806452e+00	5.492238e-02	-7.510787e+01	0.000000e+00	24
1.200000e+04	0.000000e+00	9.465030e-07	1.069654e-03	9.969570e-02	6.799180e+00	5.385270e-02	-7.512090e+01	0.000000e+00	25
1.250000e+04	0.000000e+00	3.524345e-06	1.006686e-03	9.753709e-02	6.791799e+00	5.284600e-02	-7.513260e+01	0.000000e+00	26
1.300000e+04	0.000000e+00	5.869174e-06	9.491315e-04	9.550193e-02	6.784320e+00	5.189685e-02	-7.514309e+01	0.000000e+00	27
1.350000e+04	0.000000e+00	8.007460e-06	8.964185e-04	9.358040e-02	6.776751e+00	5.100041e-02	-7.515248e+01	0.000000e+00	28
1.400000e+04	0.000000e+00	9.962037e-06	8.480456e-04	9.176363e-02	6.769099e+00	5.015235e-02	-7.516086e+01	0.000000e+00	29
1.450000e+04	0.000000e+00	1.175229e-05	8.035732e-04	9.004361e-02	6.761371e+00	4.934876e-02	-7.516832e+01	0.000000e+00	30
1.500000e+04	0.000000e+00	1.339287e-05	7.626136e-04	8.841306e-02	6.753575e+00	4.858613e-02	-7.517494e+01	0.000000e+00	31
1.550000e+04	0.000000e+00	1.490295e-05	7.248243e-04	8.686538e-02	6.745715e+00	4.786129e-02	-7.518078e+01	0.000000e+00	32
1.600000e+04	0.000000e+00	1.629251e-05	6.899020e-04	8.539456e-02	6.737798e+00	4.717137e-02	-7.518590e+01	0.000000e+00	33
1.650000e+04	0.000000e+00	1.757448e-05	6.575771e-04	8.399513e-02	6.729828e+00	4.651378e-02	-7.519037e+01	0.000000e+00	34
1.700000e+04	0.000000e+00	1.875879e-05	6.276097e-04	8.266209e-02	6.721811e+00	4.588616e-02	-7.519422e+01	0.000000e+00	35
1.750000e+04	0.000000e+00	1.985395e-05	5.997856e-04	8.139086e-02	6.713750e+00	4.528636e-02	-7.519751e+01	0.000000e+00	36
1.800000e+04	0.000000e+00	2.088335e-05	5.739136e-04	8.017727e-02	6.705650e+00	4.471243e-02	-7.520027e+01	0.000000e+00	37
1.850000e+04	0.000000e+00	2.195746e-05	5.498221e-04	7.901748e-02	6.697514e+00	4.416260e-02	-7.520255e+01	0.000000e+00	38
1.900000e+04	0.000000e+00	2.283481e-05	5.273573e-04	7.790795e-02	6.689346e+00	4.363523e-02	-7.520438e+01	0.000000e+00	39
1.950000e+04	0.000000e+00	2.377041e-05	5.063809e-04	7.684545e-02	6.681149e+00	4.312884e-02	-7.520580e+01	0.000000e+00	40
2.000000e+04	0.000000e+00	2.459069e-05	4.867684e-04	7.582699e-02	6.672926e+00	4.264206e-02	-7.520681e+01	0.000000e+00	41
2.050000e+04	0.000000e+00	2.533405e-05	4.684074e-04	7.484982e-02	6.664680e+00	4.217365e-02	-7.520747e+01	0.000000e+00	42
2.100000e+04	0.000000e+00	2.605292e-05	4.511965e-04	7.391140e-02	6.656413e+00	4.172244e-02	-7.520778e+01	0.000000e+00	43
2.150000e+04	0.000000e+00	2.672616e-05	4.350437e-04	7.300938e-02	6.648129e+00	4.128739e-02	-7.520782e+01	0.000000e+00	44
2.200000e+04	0.000000e+00	2.733631e-05	4.198660e-04	7.214159e-02	6.639828e+00	4.086751e-02	-7.520782e+01	0.000000e+00	45
2.250000e+04	0.000000e+00	2.790814e-05	4.055877e-04	7.130602e-02	6.631513e+00	4.046192e-02	-7.520782e+01	0.000000e+00	46
2.300000e+04	0.000000e+00	2.835951e-05	3.921402e-04	7.050080e-02	6.623187e+00	4.006977e-02	-7.520782e+01	0.000000e+00	47
2.350000e+04	0.000000e+00	2.890851e-05	3.794612e-04	6.972420e-02	6.614851e+00	3.969030e-02	-7.520782e+01	0.000000e+00	48
2.400000e+04	0.000000e+00	2.934916e-05	3.674936e-04	6.897461e-02	6.606507e+00	3.932280e-02	-7.520782e+01	0.000000e+00	49
2.450000e+04	0.000000e+00	2.985672e-05	3.561856e-04	6.825054e-02	6.598157e+00	3.896661e-02	-7.520782e+01	0.000000e+00	50
2.500000e+04	0.000000e+00	3.023318e-05	3.454898e-04	6.755059e-02	6.589801e+00	3.862111e-02	-7.520782e+01	0.000000e+00	51
2.550000e+04	0.000000e+00	3.061086e-05	3.353628e-04	6.687348e-02	6.581443e+00	3.828574e-02	-7.520782e+01	0.000000e+00	52
2.600000e+04	0.000000e+00	3.099923e-05	3.257647e-04	6.621798e-02	6.573082e+00	3.795997e-02	-7.520782e+01	0.000000e+00	53
2.650000e+04	0.000000e+00	3.135112e-05	3.166593e-04	6.558296e-02	6.564720e+00	3.764330e-02	-7.520782e+01	0.000000e+00	54
2.700000e+04	0.000000e+00	3.168539e-05	3.080131e-04	6.496739e-02	6.556359e+00	3.733528e-02	-7.520782e+01	0.000000e+00	55
2.750000e+04	0.000000e+00	3.197194e-05	2.997953e-04	6.437025e-02	6.548000e+00	3.703548e-02	-7.520782e+01	0.000000e+00	56
2.800000e+04	0.000000e+00	3.226146e-05	2.919777e-04	6.379065e-02	6.539643e+00	3.674350e-02	-7.520782e+01	0.000000e+00	57
2.850000e+04	0.000000e+00	3.254344e-05	2.845342e-04	6.322770e-02	6.531291e+00	3.645896e-02	-7.520782e+01	0.000000e+00	58
2.900000e+04	0.000000e+00	3.277268e-05	2.774409e-04	6.268061e-02	6.522942e+00	3.618151e-02	-7.520782e+01	0.000000e+00	59
2.950000e+04	0.000000e+00	3.301967e-05	2.706755e-04	6.214861e-02	6.514600e+00	3.591083e-02	-7.520782e+01	0.000000e+00	60
3.000000e+04	0.000000e+00	3.315827e-05	2.642177e-04	6.163098e-02	6.506264e+00	3.564661e-02	-7.520782e+01	0.000000e+00	61
3.050000e+04	0.000000e+00	3.344024e-05	2.580484e-04	6.112707e-02	6.497936e+00	3.538855e-02	-7.520782e+01	0.000000e+00	62
3.100000e+04	0.000000e+00	3.363058e-05	2.521502e-04	6.063623e-02	6.489615e+00	3.513640e-02	-7.520782e+01	0.000000e+00	63
3.150000e+04	0.000000e+00	3.381162e-05	2.465068e-04	6.015788e-02	6.481304e+00	3.488989e-02	-7.520782e+01	0.000000e+00	64
3.200000e+04	0.000000e+00	3.397868e-05	2.411032e-04	5.969146e-02	6.473002e+00	3.464878e-02	-7.520782e+01	0.000000e+00	65
3.250000e+04	0.000000e+00	3.409978e-05	2.359254e-04	5.923645e-02	6.464710e+00	3.441285e-02	-7.520782e+01	0.000000e+00	66
3.300000e+04	0.000000e+00	3.432104e-05	2.309604e-04	5.879234e-02	6.456429e+00	3.418188e-02	-7.520782e+01	0.000000e+00	67
3.350000e+04	0.000000e+00	3.439203e-05	2.261961e-04	5.835868e-02	6.448160e+00	3.395568e-02	-7.520782e+01	0.000000e+00	68
3.400000e+04	0.000000e+00	3.454026e-05	2.216212e-04	5.793502e-02	6.439903e+00	3.373406e-02	-7.520782e+01	0.000000e+00	69
3.450000e+04	0.000000e+00	3.472166e-05	2.172254e-04	5.752095e-02	6.431658e+00	3.351683e-02	-7.520782e+01	0.000000e+00	70
3.500000e+04	0.000000e+00	3.483733e-05	2.129988e-04	5.711607e-02	6.423427e+00	3.330382e-02	-7.520782e+01	0.000000e+00	71
3.550000e+04	0.000000e+00	3.490874e-05	2.089323e-04	5.672001e-02	6.415209e+00	3.309489e-02	-7.520782e+01	0.000000e+00	72
3.600000e+04	0.000000e+00	3.500052e-05	2.050174e-04	5.633242e-02	6.407005e+00	3.288987e-02	-7.520782e+01	0.000000e+00	73
3.650000e+04	0.000000e+00	3.515757e-05	2.012462e-04	5.595297e-02	6.398816e+00	3.268862e-02	-7.520782e+01	0.000000e+00	74
3.700000e+04	0.000000e+00	3.524648e-05	1.976111e-04	5.558134e-02	6.390642e+00	3.249100e-02	-7.520782e+01	0.000000e+00	75
3.750000e+04	0.000000e+00	3.533751e-05	1.941053e-04	5.521723e-02	6.382483e+00	3.229689e-02	-7.520782e+01	0.000000e+00	76
3.800000e+04	0.000000e+00	3.541010e-05	1.907222e-04	5.486035e-02	6.374339e+00	3.210617e-02	-7.520782e+01	0.000000e+00	77
3.850000e+04	0.000000e+00	3.547329e-05	1.874557e-04	5.451045e-02	6.366212e+00	3.191871e-02	-7.520782e+01	0.000000e+00	78
3.900000e+04	0.000000e+00	3.551445e-05	1.843000e-04	5.416726e-02	6.358101e+00	3.173440e-02	-7.520782e+01	0.000000e+00	79
3.950000e+04	0.000000e+00	3.556638e-05	1.812498e-04	5.383053e-02	6.350007e+00	3.155315e-02	-7.520782e+01	0.000000e+00	80
4.000000e+04	0.000000e+00	3.562963e-05	1.783000e-04	5.350005e-02	6.341930e+00	3.137485e-02	-7.520782e+01	0.000000e+00	81
4.050000e+04	0.000000e+00	3.567276e-05	1.754457e-04	5.317558e-02	6.333871e+00	3.119940e-02	-7.520782e+01	0.000000e+00	82
4.100000e+04	0.000000e+00	3.574619e-05	1.726827e-04	5.285692e-02	6.325829e+00	3.102671e-02	-7.520782e+01	0.000000e+00	83
4.150000e+04	0.000000e+00	3.581554e-05	1.700065e-04	5.254388e-02	6.317805e+00	3.085670e-02	-7.520782e+01	0.000000e+00	84
4.200000e+04	0.000000e+00	3.585289e-05	1.674133e-04	5.223625e-02	6.309799e+00	3.068928e-02	-7.520782e+01	0.000000e+00	85
4.250000e+04	0.000000e+00	3.586407e-05	1.648992e-04	5.193387e-02	6.301812e+00	3.052438e-02	-7.520782e+01	0.000000e+00	86
4.300000e+04	0.000000e+00	3.590751e-05	1.624608e-04	5.163655e-02	6.293843e+00	3.036192e-02	-7.520782e+01	0.000000e+00	87
4.350000e+04	0.000000e+00	3.594429e-05	1.600948e-04	5.134414e-02	6.285893e+00	3.020182e-02	-7.520782e+01	0.000000e+00	88
4.400000e+04	0.000000e+00	3.594438e-05	1.577978e-04	5.105647e-02	6.277962e+00	3.004402e-02	-7.520782e+01	0.000000e+00	89
4.450000e+04	0.000000e+00	3.596830e-05	1.555671e-04	5.077340e-02	6.270050e+00	2.988845e-02	-7.520782e+01	0.000000e+00	90
4.500000e+04	0.000000e+00	3.601375e-05	1.533997e-04	5.049478e-02	6.262158e+00	2.973504e-02	-7.520782e+01	0.000000e+00	91
4.550000e+04	0.000000e+00	3.602506e-05	1.512930e-04	5.022048e-02	6.254286e+00	2.958375e-02	-7.520782e+01	0.000000e+00	92
4.600000e+04	0.000000e+00	3.602850e-05	1.492445e-04	4.995036e-02	6.246433e+00	2.943450e-02	-7.520782e+01	0.000000e+00	93
4.650000e+04	0.000000e+00	3.603770e-05	1.472518e-04	4.968430e-02	6.238600e+00	2.928725e-02	-7.520782e+01	0.000000e+00	94
4.700000e+04	0.000000e+00	3.604345e-05	1.453125e-04	4.942218e-02	6.230787e+00	2.914193e-02	-7.520782e+01	0.000000e+00	95
4.750000e+04	0.000000e+00	3.604505e-05	1.434246e-04	4.916389e-02	6.222995e+00	2.899850e-02	-7.520782e+01	0.000000e+00	96
4.800000e+04	0.000000e+00	3.603752e-05	1.415860e-04	4.890931e-02	6.215223e+00	2.885691e-02	-7.520782e+01	0.000000e+00	97
4.850000e+04	0.000000e+00	3.603475e-05	1.397948e-04	4.865834e-02	6.207472e+00	2.871712e-02	-7.520782e+01	0.000000e+00	98
4.900000e+04	0.000000e+00	3.603449e-05	1.380491e-04	4.841088e-02	6.199741e+00	2.857907e-02	-7.520782e+01	0.000000e+00	99
4.950000e+04	0.000000e+00	3.601127e-05	1.363471e-04	4.816683e-02	6.192031e+00	2.844272e-02	-7.520782e+01	0.000000e+00	100
5.000000e+04	0.000000e+00	3.601599e-05	1.346873e-04	4.792609e-02	6.184342e+00	2.830803e-02	-7.520782e+01	0.000000e+00	101
5.050000e+04	0.000000e+00	3.598838e-05	1.330680e-04	4.768859e-02	6.176674e+00	2.817495e-02	-7.520782e+01	0.000000e+00	102
5.100000e+04	0.000000e+00	3.597464e-05	1.314877e-04	4.745422e-02	6.169027e+00	2.804346e-02	-7.520782e+01	0.000000e+00	103
5.150000e+04	0.000000e+00	3.595803e-05	1.299450e-04	4.722292e-02	6.161401e+00	2.791352e-02	-7.520782e+01	0.000000e+00	104
5.200000e+04	0.000000e+00	3.592315e-05	1.284385e-04	4.699460e-02	6.153796e+00	2.778508e-02	-7.520782e+01	0.000000e+00	105
5.250000e+04	0.000000e+00	3.591375e-05	1.269669e-04	4.676918e-02	6.146213e+00	2.765811e-02	-7.520782e+01	0.000000e+00	106
5.300000e+04	0.000000e+00	3.588149e-05	1.255290e-04	4.654659e-02	6.138651e+00	2.753257e-02	-7.520782e+01	0.000000e+00	107
5.350000e+04	0.000000e+00	3.585258e-05	1.241235e-04	4.632676e-02	6.131111e+00	2.740845e-02	-7.520782e+01	0.000000e+00	108
5.400000e+04	0.000000e+00	3.581819e-05	1.227494e-04	4.610962e-02	6.123592e+00	2.728570e-02	-7.520782e+01	0.000000e+00	109
5.450000e+04	0.000000e+00	3.578160e-05	1.214055e-04	4.589511e-02	6.116095e+00	2.716429e-02	-7.520782e+01	0.000000e+00	110
5.500000e+04	0.000000e+00	3.575103e-05	1.200909e-04	4.568316e-02	6.108620e+00	2.704420e-02	-7.520782e+01	0.000000e+00	111
5.550000e+04	0.000000e+00	3.571084e-05	1.188045e-04	4.547371e-02	6.101166e+00	2.692539e-02	-7.520782e+01	0.000000e+00	112
5.600000e+04	0.000000e+00	3.568497e-05	1.175453e-04	4.526670e-02	6.093735e+00	2.680784e-02	-7.520782e+01	0.000000e+00	113
5.650000e+04	0.000000e+00	3.562784e-05	1.163126e-04	4.506208e-02	6.086325e+00	2.669153e-02	-7.520782e+01	0.000000e+00	114
5.700000e+04	0.000000e+00	3.559490e-05	1.151053e-04	4.485979e-02	6.078937e+00	2.657642e-02	-7.520782e+01	0.000000e+00	115
5.750000e+04	0.000000e+00	3.554619e-05	1.139228e-04	4.465978e-02	6.071571e+00	2.646249e-02	-7.520782e+01	0.000000e+00	116
5.800000e+04	0.000000e+00	3.549445e-05	1.127641e-04	4.446200e-02	6.064226e+00	2.634973e-02	-7.520782e+01	0.000000e+00	117
5.850000e+04	0.000000e+00	3.544630e-05	1.116286e-04	4.426639e-02	6.056904e+00	2.623810e-02	-7.520782e+01	0.000000e+00	118
5.900000e+04	0.000000e+00	3.539470e-05	1.105154e-04	4.407292e-02	6.049604e+00	2.612758e-02	-7.520782e+01	0.000000e+00	119
5.950000e+04	0.000000e+00	3.533493e-05	1.094240e-04	4.388153e-02	6.042326e+00	2.601815e-02	-7.520782e+01	0.000000e+00	120
6.000000e+04	0.000000e+00	3.527873e-05	1.083536e-04	4.369218e-02	6.035070e+00	2.590980e-02	-7.520782e+01	0.000000e+00	121
6.050000e+04	0.000000e+00	3.522569e-05	1.073035e-04	4.350483e-02	6.027836e+00	2.580249e-02	-7.520782e+01	0.000000e+00	122
6.100000e+04	0.000000e+00	3.516365e-05	1.062733e-04	4.331944e-02	6.020625e+00	2.569622e-02	-7.520782e+01	0.000000e+00	123
6.150000e+04	0.000000e+00	3.509990e-05	1.052622e-04	4.313596e-02	6.013435e+00	2.559095e-02	-7.520782e+01	0.000000e+00	124
6.200000e+04	0.000000e+00	3.503829e-05	1.042697e-04	4.295435e-02	6.006268e+00	2.548668e-02	-7.520782e+01	0.000000e+00	125
6.250000e+04	0.000000e+00	3.496882e-05	1.032953e-04	4.277459e-02	5.999122e+00	2.538338e-02	-7.520782e+01	0.000000e+00	126
6.300000e+04	0.000000e+00	3.489667e-05	1.023383e-04	4.259663e-02	5.991999e+00	2.528104e-02	-7.520782e+01	0.000000e+00	127
6.350000e+04	0.000000e+00	3.482975e-05	1.013985e-04	4.242043e-02	5.984899e+00	2.517964e-02	-7.520782e+01	0.000000e+00	128
6.400000e+04	0.000000e+00	3.475395e-05	1.004751e-04	4.224597e-02	5.977820e+00	2.507916e-02	-7.520782e+01	0.000000e+00	129
6.450000e+04	0.000000e+00	3.467778e-05	9.956779e-05	4.207320e-02	5.970763e+00	2.497959e-02	-7.520782e+01	0.000000e+00	130
6.500000e+04	0.000000e+00	3.460071e-05	9.867610e-05	4.190210e-02	5.963729e+00	2.488092e-02	-7.520782e+01	0.000000e+00	131
6.550000e+04	0.000000e+00	3.451930e-05	9.779958e-05	4.173264e-02	5.956717e+00	2.478311e-02	-7.520782e+01	0.000000e+00	132
6.600000e+04	0.000000e+00	3.444015e-05	9.693781e-05	4.156478e-02	5.949727e+00	2.468617e-02	-7.520782e+01	0.000000e+00	133
6.650000e+04	0.000000e+00	3.435288e-05	9.609040e-05	4.139850e-02	5.942759e+00	2.459008e-02	-7.520782e+01	0.000000e+00	134
6.700000e+04	0.000000e+00	3.427218e-05	9.525695e-05	4.123376e-02	5.935814e+00	2.449482e-02	-7.520782e+01	0.000000e+00	135
6.750000e+04	0.000000e+00	3.417815e-05	9.443709e-05	4.107054e-02	5.928890e+00	2.440038e-02	-7.520782e+01	0.000000e+00	136
6.800000e+04	0.000000e+00	3.408875e-05	9.363046e-05	4.090881e-02	5.921989e+00	2.430675e-02	-7.520782e+01	0.000000e+00	137
6.850000e+04	0.000000e+00	3.399412e-05	9.283670e-05	4.074855e-02	5.915110e+00	2.421391e-02	-7.520782e+01	0.000000e+00	138
6.900000e+04	0.000000e+00	3.389533e-05	9.205548e-05	4.058973e-02	5.908253e+00	2.412186e-02	-7.520782e+01	0.000000e+00	139
6.950000e+04	0.000000e+00	3.379875e-05	9.128648e-05	4.043233e-02	5.901418e+00	2.403057e-02	-7.520782e+01	0.000000e+00	140
7.000000e+04	0.000000e+00	3.369627e-05	9.052938e-05	4.027631e-02	5.894605e+00	2.394004e-02	-7.520782e+01	0.000000e+00	141
7.050000e+04	0.000000e+00	3.359294e-05	8.978387e-05	4.012166e-02	5.887815e+00	2.385025e-02	-7.520782e+01	0.000000e+00	142
7.100000e+04	0.000000e+00	3.348162e-05	8.904968e-05	3.996836e-02	5.881046e+00	2.376120e-02	-7.520782e+01	0.000000e+00	143
7.150000e+04	0.000000e+00	3.336977e-05	8.832650e-05	3.981638e-02	5.874300e+00	2.367287e-02	-7.520782e+01	0.000000e+00	144
7.200000e+04	0.000000e+00	3.326109e-05	8.761408e-05	3.966570e-02	5.867575e+00	2.358526e-02	-7.520782e+01	0.000000e+00	145
7.250000e+04	0.000000e+00	3.314025e-05	8.691214e-05	3.951630e-02	5.860872e+00	2.349834e-02	-7.520782e+01	0.000000e+00	146
7.300000e+04	0.000000e+00	3.302135e-05	8.622043e-05	3.936816e-02	5.854192e+00	2.341212e-02	-7.520782e+01	0.000000e+00	147
7.350000e+04	0.000000e+00	3.289413e-05	8.553870e-05	3.922126e-02	5.847533e+00	2.332658e-02	-7.520782e+01	0.000000e+00	148
7.400000e+04	0.000000e+00	3.276906e-05	8.486672e-05	3.907557e-02	5.840896e+00	2.324171e-02	-7.520782e+01	0.000000e+00	149
7.450000e+04	0.000000e+00	3.263174e-05	8.420425e-05	3.893109e-02	5.834282e+00	2.315750e-02	-7.520782e+01	0.000000e+00	150
7.500000e+04	0.000000e+00	3.249472e-05	8.355107e-05	3.878779e-02	5.827689e+00	2.307395e-02	-7.520782e+01	0.000000e+00	151
7.550000e+04	0.000000e+00	3.235297e-05	8.290696e-05	3.864566e-02	5.821117e+00	2.299104e-02	-7.520782e+01	0.000000e+00	152
7.600000e+04	0.000000e+00	3.221574e-05	8.227172e-05	3.850467e-02	5.814568e+00	2.290877e-02	-7.520782e+01	0.000000e+00	153
7.650000e+04	0.000000e+00	3.205205e-05	8.164513e-05	3.836481e-02	5.808040e+00	2.282712e-02	-7.520782e+01	0.000000e+00	154
7.700000e+04	0.000000e+00	3.190077e-05	8.102700e-05	3.822606e-02	5.801534e+00	2.274609e-02	-7.520782e+01	0.000000e+00	155
7.750000e+04	0.000000e+00	3.173376e-05	8.041715e-05	3.808841e-02	5.795050e+00	2.266568e-02	-7.520782e+01	0.000000e+00	156
7.800000e+04	0.000000e+00	3.156721e-05	7.981538e-05	3.795184e-02	5.788588e+00	2.258586e-02	-7.520782e+01	0.000000e+00	157
7.850000e+04	0.000000e+00	3.138906e-05	7.922152e-05	3.781634e-02	5.782147e+00	2.250664e-02	-7.520782e+01	0.000000e+00	158
7.900000e+04	0.000000e+00	3.120888e-05	7.863539e-05	3.768188e-02	5.775728e+00	2.242800e-02	-7.520782e+01	0.000000e+00	159
7.950000e+04	0.000000e+00	3.101573e-05	7.805683e-05	3.754846e-02	5.769330e+00	2.234994e-02	-7.520782e+01	0.000000e+00	160
8.000000e+04	0.000000e+00	3.082256e-05	7.748566e-05	3.741606e-02	5.762954e+00	2.227245e-02	-7.520782e+01	0.000000e+00	161
8.050000e+04	0.000000e+00	3.061683e-05	7.692174e-05	3.728467e-02	5.756599e+00	2.219553e-02	-7.520782e+01	0.000000e+00	162
8.100000e+04	0.000000e+00	3.040203e-05	7.636490e-05	3.715427e-02	5.750266e+00	2.211916e-02	-7.520782e+01	0.000000e+00	163
8.150000e+04	0.000000e+00	3.017768e-05	7.581501e-05	3.702485e-02	5.743954e+00	2.204335e-02	-7.520782e+01	0.000000e+00	164
8.200000e+04	0.000000e+00	2.994199e-05	7.527191e-05	3.689639e-02	5.737663e+00	2.196807e-02	-7.520782e+01	0.000000e+00	165
8.250000e+04	0.000000e+00	2.969998e-05	7.473546e-05	3.676889e-02	5.731394e+00	2.189334e-02	-7.520782e+01	0.000000e+00	166
8.300000e+04	0.000000e+00	2.944113e-05	7.420552e-05	3.664233e-02	5.725146e+00	2.181913e-02	-7.520782e+01	0.000000e+00	167
8.350000e+04	0.000000e+00	2.917033e-05	7.368197e-05	3.651669e-02	5.718919e+00	2.174545e-02	-7.520782e+01	0.000000e+00	168
8.400000e+04	0.000000e+00	2.888143e-05	7.316467e-05	3.639197e-02	5.712714e+00	2.167228e-02	-7.520782e+01	0.000000e+00	169
8.450000e+04	0.000000e+00	2.857762e-05	7.265350e-05	3.626816e-02	5.706529e+00	2.159963e-02	-7.520782e+01	0.000000e+00	170
8.500000e+04	0.000000e+00	2.825179e-05	7.214833e-05	3.614524e-02	5.700366e+00	2.152748e-02	-7.520782e+01	0.000000e+00	171
8.550000e+04	0.000000e+00	2.790602e-05	7.164905e-05	3.602320e-02	5.694224e+00	2.145582e-02	-7.520782e+01	0.000000e+00	172
8.600000e+04	0.000000e+00	2.753324e-05	7.115554e-05	3.590202e-02	5.688103e+00	2.138467e-02	-7.520782e+01	0.000000e+00	173
8.650000e+04	0.000000e+00	2.713028e-05	7.066769e-05	3.578171e-02	5.682003e+00	2.131400e-02	-7.520782e+01	0.000000e+00	174
8.700000e+04	0.000000e+00	2.669271e-05	7.018539e-05	3.566225e-02	5.675924e+00	2.124381e-02	-7.520782e+01	0.000000e+00	175
8.750000e+04	0.000000e+00	2.621025e-05	6.970854e-05	3.554362e-02	5.669865e+00	2.117410e-02	-7.520782e+01	0.000000e+00	176
8.800000e+04	0.000000e+00	2.567321e-05	6.923702e-05	3.542583e-02	5.663828e+00	2.110486e-02	-7.520782e+01	0.000000e+00	177
8.850000e+04	0.000000e+00	2.506093e-05	6.877075e-05	3.530885e-02	5.657811e+00	2.103609e-02	-7.520782e+01	0.000000e+00	178
8.900000e+04	0.000000e+00	2.434857e-05	6.830962e-05	3.519268e-02	5.651815e+00	2.096778e-02	-7.520782e+01	0.000000e+00	179
8.950000e+04	0.000000e+00	2.350217e-05	6.785354e-05	3.507731e-02	5.645840e+00	2.089993e-02	-7.520782e+01	0.000000e+00	180
9.000000e+04	0.000000e+00	2.238667e-05	6.740241e-05	3.496273e-02	5.639885e+00	2.083252e-02	-7.520782e+01	0.000000e+00	181
9.050000e+04	0.000000e+00	2.065235e-05	6.695616e-05	3.484892e-02	5.633951e+00	2.076556e-02	-7.520782e+01	0.000000e+00	182
9.100000e+04	0.000000e+00	1.075637e-05	6.651470e-05	3.473589e-02	5.628037e+00	2.069905e-02	-7.520782e+01	0.000000e+00	183
9.150000e+04	0.000000e+00	1.074860e-05	6.607783e-05	3.462362e-02	5.622144e+00	2.063297e-02	-7.520782e+01	0.000000e+00	184
9.200000e+04	0.000000e+00	1.073944e-05	6.564561e-05	3.451211e-02	5.616272e+00	2.056732e-02	-7.520782e+01	0.000000e+00	185
9.250000e+04	0.000000e+00	1.072872e-05	6.521793e-05	3.440134e-02	5.610420e+00	2.050210e-02	-7.520782e+01	0.000000e+00	186
9.300000e+04	0.000000e+00	1.071988e-05	6.479469e-05	3.429131e-02	5.604588e+00	2.043731e-02	-7.520782e+01	0.000000e+00	187
9.350000e+04	0.000000e+00	1.070862e-05	6.437583e-05	3.418200e-02	5.598776e+00	2.037293e-02	-7.520782e+01	0.000000e+00	188
9.400000e+04	0.000000e+00	1.069877e-05	6.396125e-05	3.407342e-02	5.592985e+00	2.030897e-02	-7.520782e+01	0.000000e+00	189
9.450000e+04	0.000000e+00	1.068878e-05	6.355090e-05	3.396555e-02	5.587214e+00	2.024542e-02	-7.520782e+01	0.000000e+00	190
9.500000e+04	0.000000e+00	1.067840e-05	6.314469e-05	3.385838e-02	5.581463e+00	2.018227e-02	-7.520782e+01	0.000000e+00	191
9.550000e+04	0.000000e+00	1.066796e-05	6.274256e-05	3.375191e-02	5.575732e+00	2.011953e-02	-7.520782e+01	0.000000e+00	192
9.600000e+04	0.000000e+00	1.065771e-05	6.234444e-05	3.364613e-02	5.570021e+00	2.005718e-02	-7.520782e+01	0.000000e+00	193
9.650000e+04	0.000000e+00	1.064724e-05	6.195026e-05	3.354103e-02	5.564331e+00	1.999523e-02	-7.520782e+01	0.000000e+00	194
9.700000e+04	0.000000e+00	1.063625e-05	6.155996e-05	3.343661e-02	5.558660e+00	1.993367e-02	-7.520782e+01	0.000000e+00	195
9.750000e+04	0.000000e+00	1.062592e-05	6.117347e-05	3.333286e-02	5.553009e+00	1.987249e-02	-7.520782e+01	0.000000e+00	196
9.800000e+04	0.000000e+00	1.061438e-05	6.079073e-05	3.322976e-02	5.547378e+00	1.981170e-02	-7.520782e+01	0.000000e+00	197
9.850000e+04	0.000000e+00	1.060415e-05	6.041169e-05	3.312733e-02	5.541767e+00	1.975129e-02	-7.520782e+01	0.000000e+00	198
9.900000e+04	0.000000e+00	1.059301e-05	6.003627e-05	3.302554e-02	5.536175e+00	1.969125e-02	-7.520782e+01	0.000000e+00	199
9.950000e+04	0.000000e+00	1.058210e-05	5.966443e-05	3.292439e-02	5.530603e+00	1.963158e-02	-7.520782e+01	0.000000e+00	200
1.000000e+05	0.000000e+00	1.057108e-05	5.929611e-05	3.282387e-02	5.525051e+00	1.957229e-02	-7.520782e+01	0.000000e+00	201
1.005000e+05	0.000000e+00	1.055934e-05	5.893124e-05	3.272398e-02	5.519518e+00	1.951335e-02	-7.520782e+01	0.000000e+00	202
1.010000e+05	0.000000e+00	1.054861e-05	5.856979e-05	3.262472e-02	5.514005e+00	1.945478e-02	-7.520782e+01	0.000000e+00	203
1.015000e+05	0.000000e+00	1.053765e-05	5.821170e-05	3.252607e-02	5.508511e+00	1.939657e-02	-7.520782e+01	0.000000e+00	204
1.020000e+05	0.000000e+00	1.052619e-05	5.785690e-05	3.242803e-02	5.503037e+00	1.933871e-02	-7.520782e+01	0.000000e+00	205
1.025000e+05	0.000000e+00	1.051504e-05	5.750537e-05	3.233059e-02	5.497582e+00	1.928121e-02	-7.520782e+01	0.000000e+00	206
1.030000e+05	0.000000e+00	1.050362e-05	5.715703e-05	3.223376e-02	5.492146e+00	1.922405e-02	-7.520782e+01	0.000000e+00	207
1.035000e+05	0.000000e+00	1.049131e-05	5.681186e-05	3.213751e-02	5.486730e+00	1.916723e-02	-7.520782e+01	0.000000e+00	208
1.040000e+05	0.000000e+00	1.048016e-05	5.646979e-05	3.204185e-02	5.481333e+00	1.911076e-02	-7.520782e+01	0.000000e+00	209
1.045000e+05	0.000000e+00	1.046804e-05	5.613079e-05	3.194677e-02	5.475955e+00	1.905463e-02	-7.520782e+01	0.000000e+00	210
1.050000e+05	0.000000e+00	1.045639e-05	5.579481e-05	3.185227e-02	5.470596e+00	1.899884e-02	-7.520782e+01	0.000000e+00	211
1.055000e+05	0.000000e+00	1.044530e-05	5.546181e-05	3.175834e-02	5.465256e+00	1.894337e-02	-7.520782e+01	0.000000e+00	212
1.060000e+05	0.000000e+00	1.043315e-05	5.513173e-05	3.166497e-02	5.459935e+00	1.888824e-02	-7.520782e+01	0.000000e+00	213
1.065000e+05	0.000000e+00	1.042128e-05	5.480455e-05	3.157216e-02	5.454633e+00	1.883343e-02	-7.520782e+01	0.000000e+00	214
1.070000e+05	0.000000e+00	1.040936e-05	5.448022e-05	3.147990e-02	5.449350e+00	1.877895e-02	-7.520782e+01	0.000000e+00	215
1.075000e+05	0.000000e+00	1.039763e-05	5.415869e-05	3.138820e-02	5.444086e+00	1.872479e-02	-7.520782e+01	0.000000e+00	216
1.080000e+05	0.000000e+00	1.038591e-05	5.383993e-05	3.129703e-02	5.438840e+00	1.867095e-02	-7.520782e+01	0.000000e+00	217
1.085000e+05	0.000000e+00	1.037349e-05	5.352391e-05	3.120641e-02	5.433614e+00	1.861743e-02	-7.520782e+01	0.000000e+00	218
1.090000e+05	0.000000e+00	1.036244e-05	5.321057e-05	3.111632e-02	5.428405e+00	1.856422e-02	-7.520782e+01	0.000000e+00	219
1.095000e+05	0.000000e+00	1.034940e-05	5.289990e-05	3.102676e-02	5.423216e+00	1.851131e-02	-7.520782e+01	0.000000e+00	220
1.100000e+05	0.000000e+00	1.033854e-05	5.259184e-05	3.093773e-02	5.418045e+00	1.845872e-02	-7.520782e+01	0.000000e+00	221
1.105000e+05	0.000000e+00	1.032606e-05	5.228637e-05	3.084921e-02	5.412892e+00	1.840643e-02	-7.520782e+01	0.000000e+00	222
1.110000e+05	0.000000e+00	1.031426e-05	5.198344e-05	3.076122e-02	5.407758e+00	1.835445e-02	-7.520782e+01	0.000000e+00	223
1.115000e+05	0.000000e+00	1.030257e-05	5.168303e-05	3.067373e-02	5.402643e+00	1.830277e-02	-7.520782e+01	0.000000e+00	224
1.120000e+05	0.000000e+00	1.028965e-05	5.138510e-05	3.058675e-02	5.397545e+00	1.825138e-02	-7.520782e+01	0.000000e+00	225
1.125000e+05	0.000000e+00	1.027782e-05	5.108962e-05	3.050027e-02	5.392466e+00	1.820029e-02	-7.520782e+01	0.000000e+00	226
1.130000e+05	0.000000e+00	1.026488e-05	5.079656e-05	3.041429e-02	5.387405e+00	1.814949e-02	-7.520782e+01	0.000000e+00	227
1.135000e+05	0.000000e+00	1.025325e-05	5.050588e-05	3.032880e-02	5.382363e+00	1.809898e-02	-7.520782e+01	0.000000e+00	228
1.140000e+05	0.000000e+00	1.024159e-05	5.021755e-05	3.024380e-02	5.377338e+00	1.804877e-02	-7.520782e+01	0.000000e+00	229
1.145000e+05	0.000000e+00	1.022820e-05	4.993155e-05	3.015929e-02	5.372332e+00	1.799883e-02	-7.520782e+01	0.000000e+00	230
1.150000e+05	0.000000e+00	1.021791e-05	4.964784e-05	3.007525e-02	5.367343e+00	1.794918e-02	-7.520782e+01	0.000000e+00	231
1.155000e+05	0.000000e+00	1.020469e-05	4.936640e-05	2.999170e-02	5.362373e+00	1.789982e-02	-7.520782e+01	0.000000e+00	232
1.160000e+05	0.000000e+00	1.019268e-05	4.908719e-05	2.990862e-02	5.357420e+00	1.785073e-02	-7.520782e+01	0.000000e+00	233
1.165000e+05	0.000000e+00	1.018060e-05	4.881020e-05	2.982601e-02	5.352485e+00	1.780192e-02	-7.520782e+01	0.000000e+00	234
1.170000e+05	0.000000e+00	1.016732e-05	4.853538e-05	2.974386e-02	5.347568e+00	1.775338e-02	-7.520782e+01	0.000000e+00	235
1.175000e+05	0.000000e+00	1.015532e-05	4.826272e-05	2.966217e-02	5.342669e+00	1.770512e-02	-7.520782e+01	0.000000e+00	236
1.180000e+05	0.000000e+00	1.014275e-05	4.799218e-05	2.958095e-02	5.337787e+00	1.765712e-02	-7.520782e+01	0.000000e+00	237
1.185000e+05	0.000000e+00	1.013076e-05	4.772374e-05	2.950017e-02	5.332923e+00	1.760940e-02	-7.520782e+01	0.000000e+00	238
1.190000e+05	0.000000e+00	1.011795e-05	4.745739e-05	2.941985e-02	5.328076e+00	1.756194e-02	-7.520782e+01	0.000000e+00	239
1.195000e+05	0.000000e+00	1.010562e-05	4.719308e-05	2.933997e-02	5.323247e+00	1.751475e-02	-7.520782e+01	0.000000e+00	240
1.200000e+05	0.000000e+00	1.009344e-05	4.693080e-05	2.926054e-02	5.318436e+00	1.746782e-05	-7.520782e+01	0.000000e+00	240
