0.000000e+00	0.000000e+00	0.000000e+00	-2.000000e+03	2.500000e-01	6.860000e+00	2.073800e-01	1.000000e+00	0.000000e+00	1
5.000000e+02	0.000000e+00	4.593556e+00	6.869406e-02	2.438756e-01	6.881517e+00	1.381429e-01	-7.789565e+01	0.000000e+00	2
1.000000e+03	0.000000e+00	0.000000e+00	1.332373e-02	2.269281e-01	6.885484e+00	1.248189e-01	-7.824215e+01	0.000000e+00	3
1.500000e+03	0.000000e+00	0.000000e+00	1.019288e-02	2.123391e-01	6.885458e+00	1.146258e-01	-7.845172e+01	0.000000e+00	4
2.000000e+03	0.000000e+00	0.000000e+00	8.763580e-03	1.999464e-01	6.882974e+00	1.058620e-01	-7.859287e+01	0.000000e+00	5
2.500000e+03	0.000000e+00	0.000000e+00	7.391878e-03	1.890969e-01	6.878830e+00	9.846994e-02	-7.869412e+01	0.000000e+00	6
3.000000e+03	0.000000e+00	0.000000e+00	6.156461e-03	1.793784e-01	6.873489e+00	9.231335e-02	-7.877031e+01	0.000000e+00	7
3.500000e+03	0.000000e+00	0.000000e+00	5.164140e-03	1.705761e-01	6.867236e+00	8.714909e-02	-7.883013e+01	0.000000e+00	8
4.000000e+03	0.000000e+00	0.000000e+00	4.408108e-03	1.625675e-01	6.860254e+00	8.274089e-02	-7.887883e+01	0.000000e+00	9
4.500000e+03	0.000000e+00	0.000000e+00	3.834475e-03	1.552646e-01	6.852671e+00	7.890633e-02	-7.891960e+01	0.000000e+00	10
5.000000e+03	0.000000e+00	0.000000e+00	3.389561e-03	1.485926e-01	6.844576e+00	7.551670e-02	-7.895444e+01	0.000000e+00	11
5.500000e+03	0.000000e+00	0.000000e+00	3.033620e-03	1.424847e-01	6.836039e+00	7.248302e-02	-7.898462e+01	0.000000e+00	12
6.000000e+03	0.000000e+00	0.000000e+00	2.740239e-03	1.368805e-01	6.827114e+00	6.974272e-02	-7.901103e+01	0.000000e+00	13
6.500000e+03	0.000000e+00	0.000000e+00	2.492448e-03	1.317263e-01	6.817847e+00	6.725022e-02	-7.903428e+01	0.000000e+00	14
7.000000e+03	0.000000e+00	4.245763e-06	2.279266e-03	1.269745e-01	6.808275e+00	6.497091e-02	-7.905483e+01	0.000000e+00	15
7.500000e+03	0.000000e+00	8.975170e-06	2.093371e-03	1.225832e-01	6.798431e+00	6.287749e-02	-7.907306e+01	0.000000e+00	16
8.000000e+03	0.000000e+00	1.320961e-05	1.929663e-03	1.185156e-01	6.788344e+00	6.094779e-02	-7.908925e+01	0.000000e+00	17
8.500000e+03	0.000000e+00	1.709658e-05	1.784430e-03	1.147396e-01	6.778040e+00	5.916332e-02	-7.910364e+01	0.000000e+00	18
9.000000e+03	0.000000e+00	1.985220e-05	1.654854e-03	1.112266e-01	6.767539e+00	5.750843e-02	-7.911645e+01	0.000000e+00	19
9.500000e+03	0.000000e+00	2.070190e-05	1.538721e-03	1.079517e-01	6.756863e+00	5.596968e-02	-7.912784e+01	0.000000e+00	20
1.000000e+04	0.000000e+00	2.456701e-05	1.434240e-03	1.048927e-01	6.746029e+00	5.453541e-02	-7.913797e+01	0.000000e+00	21
1.050000e+04	0.000000e+00	2.745981e-05	1.339934e-03	1.020301e-01	6.735052e+00	5.319545e-02	-7.914695e+01	0.000000e+00	22
1.100000e+04	0.000000e+00	3.025616e-05	1.254565e-03	9.934636e-02	6.723947e+00	5.194086e-02	-7.915492e+01	0.000000e+00	23
1.150000e+04	0.000000e+00	3.177558e-05	1.177082e-03	9.682601e-02	6.712726e+00	5.076375e-02	-7.916196e+01	0.000000e+00	24
1.200000e+04	0.000000e+00	3.350506e-05	1.106585e-03	9.445518e-02	6.701402e+00	4.965714e-02	-7.916816e+01	0.000000e+00	25
1.250000e+04	0.000000e+00	3.269094e-05	1.042298e-03	9.222145e-02	6.689985e+00	4.861482e-02	-7.917360e+01	0.000000e+00	26
1.300000e+04	0.000000e+00	3.294730e-05	9.835478e-04	9.011367e-02	6.678484e+00	4.763126e-02	-7.917835e+01	0.000000e+00	27
1.350000e+04	0.000000e+00	3.831881e-05	9.297465e-04	8.812179e-02	6.666908e+00	4.670149e-02	-7.918246e+01	0.000000e+00	28
1.400000e+04	0.000000e+00	3.914682e-05	8.803808e-04	8.623676e-02	6.655266e+00	4.582109e-02	-7.918600e+01	0.000000e+00	29
1.450000e+04	0.000000e+00	3.902559e-05	8.349995e-04	8.445040e-02	6.643564e+00	4.498607e-02	-7.918902e+01	0.000000e+00	30
1.500000e+04	0.000000e+00	4.028070e-05	7.932050e-04	8.275529e-02	6.631810e+00	4.419285e-02	-7.919154e+01	0.000000e+00	31
1.550000e+04	0.000000e+00	3.887346e-05	7.546461e-04	8.114470e-02	6.620009e+00	4.343819e-02	-7.919362e+01	0.000000e+00	32
1.600000e+04	0.000000e+00	3.859504e-05	7.190117e-04	7.961251e-02	6.608166e+00	4.271916e-02	-7.919530e+01	0.000000e+00	33
1.650000e+04	0.000000e+00	4.091614e-05	6.860254e-04	7.815314e-02	6.596288e+00	4.203312e-02	-7.919659e+01	0.000000e+00	34
1.700000e+04	0.000000e+00	4.410096e-05	6.554415e-04	7.676152e-02	6.584379e+00	4.137767e-02	-7.919754e+01	0.000000e+00	35
1.750000e+04	0.000000e+00	4.397302e-05	6.270406e-04	7.543299e-02	6.572444e+00	4.075062e-02	-7.919816e+01	0.000000e+00	36
1.800000e+04	0.000000e+00	4.156698e-05	6.006269e-04	7.416329e-02	6.560485e+00	4.014998e-02	-7.919848e+01	0.000000e+00	37
1.850000e+04	0.000000e+00	4.325051e-05	5.760250e-04	7.294853e-02	6.548508e+00	3.957394e-02	-7.919854e+01	0.000000e+00	38
1.900000e+04	0.000000e+00	4.623491e-05	5.530774e-04	7.178513e-02	6.536516e+00	3.902085e-02	-7.919854e+01	0.000000e+00	39
1.950000e+04	0.000000e+00	4.302463e-05	5.316430e-04	7.066980e-02	6.524512e+00	3.848920e-02	-7.919854e+01	0.000000e+00	40
2.000000e+04	0.000000e+00	4.510333e-05	5.115943e-04	6.959950e-02	6.512499e+00	3.797759e-02	-7.919854e+01	0.000000e+00	41
2.050000e+04	0.000000e+00	4.809342e-05	4.928168e-04	6.857145e-02	6.500480e+00	3.748477e-02	-7.919854e+01	0.000000e+00	42
2.100000e+04	0.000000e+00	4.494316e-05	4.752068e-04	6.758306e-02	6.488458e+00	3.700955e-02	-7.919854e+01	0.000000e+00	43
2.150000e+04	0.000000e+00	4.920257e-05	4.586706e-04	6.663196e-02	6.476434e+00	3.655087e-02	-7.919854e+01	0.000000e+00	44
2.200000e+04	0.000000e+00	4.675712e-05	4.431236e-04	6.571594e-02	6.464412e+00	3.610774e-02	-7.919854e+01	0.000000e+00	45
2.250000e+04	0.000000e+00	4.603655e-05	4.284886e-04	6.483297e-02	6.452393e+00	3.567924e-02	-7.919854e+01	0.000000e+00	46
2.300000e+04	0.000000e+00	4.808657e-05	4.146959e-04	6.398115e-02	6.440379e+00	3.526454e-02	-7.919854e+01	0.000000e+00	47
2.350000e+04	0.000000e+00	5.024244e-05	4.016818e-04	6.315872e-02	6.428373e+00	3.486285e-02	-7.919854e+01	0.000000e+00	48
2.400000e+04	0.000000e+00	4.671370e-05	3.893886e-04	6.236407e-02	6.416375e+00	3.447345e-02	-7.919854e+01	0.000000e+00	49
2.450000e+04	0.000000e+00	5.126814e-05	3.777634e-04	6.159567e-02	6.404388e+00	3.409568e-02	-7.919854e+01	0.000000e+00	50
2.500000e+04	0.000000e+00	4.949997e-05	3.667580e-04	6.085211e-02	6.392414e+00	3.372891e-02	-7.919854e+01	0.000000e+00	51
2.550000e+04	0.000000e+00	5.015740e-05	3.563283e-04	6.013207e-02	6.380453e+00	3.337258e-02	-7.919854e+01	0.000000e+00	52
2.600000e+04	0.000000e+00	5.058740e-05	3.464341e-04	5.943433e-02	6.368506e+00	3.302614e-02	-7.919854e+01	0.000000e+00	53
2.650000e+04	0.000000e+00	4.755969e-05	3.370384e-04	5.875775e-02	6.356577e+00	3.268909e-02	-7.919854e+01	0.000000e+00	54
2.700000e+04	0.000000e+00	4.827592e-05	3.281073e-04	5.810126e-02	6.344664e+00	3.236098e-02	-7.919854e+01	0.000000e+00	55
2.750000e+04	0.000000e+00	5.023369e-05	3.196096e-04	5.746385e-02	6.332770e+00	3.204136e-02	-7.919854e+01	0.000000e+00	56
2.800000e+04	0.000000e+00	4.949369e-05	3.115167e-04	5.684459e-02	6.320896e+00	3.172984e-02	-7.919854e+01	0.000000e+00	57
2.850000e+04	0.000000e+00	5.264665e-05	3.038023e-04	5.624260e-02	6.309042e+00	3.142603e-02	-7.919854e+01	0.000000e+00	58
2.900000e+04	0.000000e+00	5.082422e-05	2.964420e-04	5.565707e-02	6.297210e+00	3.112958e-02	-7.919854e+01	0.000000e+00	59
2.950000e+04	0.000000e+00	4.916198e-05	2.894134e-04	5.508721e-02	6.285400e+00	3.084016e-02	-7.919854e+01	0.000000e+00	60
3.000000e+04	0.000000e+00	5.341816e-05	2.826959e-04	5.453232e-02	6.273613e+00	3.055746e-02	-7.919854e+01	0.000000e+00	61
3.050000e+04	0.000000e+00	5.316283e-05	2.762703e-04	5.399170e-02	6.261851e+00	3.028118e-02	-7.919854e+01	0.000000e+00	62
3.100000e+04	0.000000e+00	5.323178e-05	2.701189e-04	5.346472e-02	6.250113e+00	3.001106e-02	-7.919854e+01	0.000000e+00	63
3.150000e+04	0.000000e+00	5.231437e-05	2.642253e-04	5.295078e-02	6.238400e+00	2.974683e-02	-7.919854e+01	0.000000e+00	64
3.200000e+04	0.000000e+00	5.360900e-05	2.585744e-04	5.244931e-02	6.226714e+00	2.948825e-02	-7.919854e+01	0.000000e+00	65
3.250000e+04	0.000000e+00	5.245195e-05	2.531519e-04	5.195978e-02	6.215055e+00	2.923509e-02	-7.919854e+01	0.000000e+00	66
3.300000e+04	0.000000e+00	5.388959e-05	2.479449e-04	5.148167e-02	6.203423e+00	2.898714e-02	-7.919854e+01	0.000000e+00	67
3.350000e+04	0.000000e+00	4.931519e-05	2.429411e-04	5.101453e-02	6.191818e+00	2.874420e-02	-7.919854e+01	0.000000e+00	68
3.400000e+04	0.000000e+00	5.230076e-05	2.381293e-04	5.055790e-02	6.180242e+00	2.850606e-02	-7.919854e+01	0.000000e+00	69
3.450000e+04	0.000000e+00	5.219346e-05	2.334988e-04	5.011135e-02	6.168696e+00	2.827256e-02	-7.919854e+01	0.000000e+00	70
3.500000e+04	0.000000e+00	5.133842e-05	2.290398e-04	4.967449e-02	6.157178e+00	2.804351e-02	-7.919854e+01	0.000000e+00	71
3.550000e+04	0.000000e+00	5.453581e-05	2.247431e-04	4.924693e-02	6.145690e+00	2.781877e-02	-7.919854e+01	0.000000e+00	72
3.600000e+04	0.000000e+00	5.228180e-05	2.206002e-04	4.882832e-02	6.134233e+00	2.759816e-02	-7.919854e+01	0.000000e+00	73
3.650000e+04	0.000000e+00	5.075538e-05	2.166031e-04	4.841832e-02	6.122806e+00	2.738155e-02	-7.919854e+01	0.000000e+00	74
3.700000e+04	0.000000e+00	5.480200e-05	2.127443e-04	4.801660e-02	6.111410e+00	2.716881e-02	-7.919854e+01	0.000000e+00	75
3.750000e+04	0.000000e+00	5.118572e-05	2.090167e-04	4.762286e-02	6.100046e+00	2.695979e-02	-7.919854e+01	0.000000e+00	76
3.800000e+04	0.000000e+00	5.378119e-05	2.054139e-04	4.723681e-02	6.088713e+00	2.675437e-02	-7.919854e+01	0.000000e+00	77
3.850000e+04	0.000000e+00	5.495442e-05	2.019296e-04	4.685817e-02	6.077412e+00	2.655243e-02	-7.919854e+01	0.000000e+00	78
3.900000e+04	0.000000e+00	5.209290e-05	1.985581e-04	4.648668e-02	6.066144e+00	2.635387e-02	-7.919854e+01	0.000000e+00	79
3.950000e+04	0.000000e+00	5.524908e-05	1.952940e-04	4.612210e-02	6.054908e+00	2.615857e-02	-7.919854e+01	0.000000e+00	80
4.000000e+04	0.000000e+00	5.111254e-05	1.921321e-04	4.576418e-02	6.043705e+00	2.596644e-02	-7.919854e+01	0.000000e+00	81
4.050000e+04	0.000000e+00	5.204518e-05	1.890678e-04	4.541270e-02	6.032535e+00	2.577737e-02	-7.919854e+01	0.000000e+00	82
4.100000e+04	0.000000e+00	5.076251e-05	1.860964e-04	4.506745e-02	6.021398e+00	2.559127e-02	-7.919854e+01	0.000000e+00	83
4.150000e+04	0.000000e+00	5.469046e-05	1.832138e-04	4.472821e-02	6.010295e+00	2.540805e-02	-7.919854e+01	0.000000e+00	84
4.200000e+04	0.000000e+00	5.570557e-05	1.804160e-04	4.439481e-02	5.999226e+00	2.522763e-02	-7.919854e+01	0.000000e+00	85
4.250000e+04	0.000000e+00	5.515510e-05	1.776991e-04	4.406704e-02	5.988190e+00	2.504993e-02	-7.919854e+01	0.000000e+00	86
4.300000e+04	0.000000e+00	5.206222e-05	1.750598e-04	4.374473e-02	5.977189e+00	2.487486e-02	-7.919854e+01	0.000000e+00	87
4.350000e+04	0.000000e+00	5.150190e-05	1.724945e-04	4.342772e-02	5.966222e+00	2.470236e-02	-7.919854e+01	0.000000e+00	88
4.400000e+04	0.000000e+00	5.574561e-05	1.700001e-04	4.311584e-02	5.955289e+00	2.453236e-02	-7.919854e+01	0.000000e+00	89
4.450000e+04	0.000000e+00	5.312550e-05	1.675737e-04	4.280894e-02	5.944391e+00	2.436478e-02	-7.919854e+01	0.000000e+00	90
4.500000e+04	0.000000e+00	5.542430e-05	1.652124e-04	4.250686e-02	5.933528e+00	2.419957e-02	-7.919854e+01	0.000000e+00	91
4.550000e+04	0.000000e+00	5.579158e-05	1.629136e-04	4.220947e-02	5.922699e+00	2.403665e-02	-7.919854e+01	0.000000e+00	92
4.600000e+04	0.000000e+00	5.499944e-05	1.606746e-04	4.191663e-02	5.911905e+00	2.387597e-02	-7.919854e+01	0.000000e+00	93
4.650000e+04	0.000000e+00	5.243621e-05	1.584931e-04	4.162822e-02	5.901147e+00	2.371748e-02	-7.919854e+01	0.000000e+00	94
4.700000e+04	0.000000e+00	5.409249e-05	1.563669e-04	4.134409e-02	5.890424e+00	2.356111e-02	-7.919854e+01	0.000000e+00	95
4.750000e+04	0.000000e+00	5.611427e-05	1.542937e-04	4.106415e-02	5.879736e+00	2.340681e-02	-7.919854e+01	0.000000e+00	96
4.800000e+04	0.000000e+00	5.451023e-05	1.522715e-04	4.078827e-02	5.869083e+00	2.325454e-02	-7.919854e+01	0.000000e+00	97
4.850000e+04	0.000000e+00	5.602081e-05	1.502984e-04	4.051634e-02	5.858466e+00	2.310423e-02	-7.919854e+01	0.000000e+00	98
4.900000e+04	0.000000e+00	5.394946e-05	1.483725e-04	4.024826e-02	5.847884e+00	2.295586e-02	-7.919854e+01	0.000000e+00	99
4.950000e+04	0.000000e+00	5.566721e-05	1.464920e-04	3.998393e-02	5.837337e+00	2.280936e-02	-7.919854e+01	0.000000e+00	100
5.000000e+04	0.000000e+00	5.188813e-05	1.446553e-04	3.972324e-02	5.826827e+00	2.266471e-02	-7.919854e+01	0.000000e+00	101
5.050000e+04	0.000000e+00	5.620721e-05	1.428608e-04	3.946611e-02	5.816352e+00	2.252184e-02	-7.919854e+01	0.000000e+00	102
5.100000e+04	0.000000e+00	5.315472e-05	1.411070e-04	3.921245e-02	5.805913e+00	2.238073e-02	-7.919854e+01	0.000000e+00	103
5.150000e+04	0.000000e+00	5.232341e-05	1.393924e-04	3.896216e-02	5.795509e+00	2.224134e-02	-7.919854e+01	0.000000e+00	104
5.200000e+04	0.000000e+00	5.651401e-05	1.377156e-04	3.871518e-02	5.785142e+00	2.210362e-02	-7.919854e+01	0.000000e+00	105
5.250000e+04	0.000000e+00	5.247149e-05	1.360754e-04	3.847140e-02	5.774810e+00	2.196754e-02	-7.919854e+01	0.000000e+00	106
5.300000e+04	0.000000e+00	5.318101e-05	1.344705e-04	3.823077e-02	5.764514e+00	2.183307e-02	-7.919854e+01	0.000000e+00	107
5.350000e+04	0.000000e+00	5.373280e-05	1.328997e-04	3.799320e-02	5.754253e+00	2.170016e-02	-7.919854e+01	0.000000e+00	108
5.400000e+04	0.000000e+00	5.649041e-05	1.313618e-04	3.775862e-02	5.744029e+00	2.156880e-02	-7.919854e+01	0.000000e+00	109
5.450000e+04	0.000000e+00	5.588371e-05	1.298557e-04	3.752697e-02	5.733841e+00	2.143894e-02	-7.919854e+01	0.000000e+00	110
5.500000e+04	0.000000e+00	5.637183e-05	1.283805e-04	3.729818e-02	5.723688e+00	2.131056e-02	-7.919854e+01	0.000000e+00	111
5.550000e+04	0.000000e+00	5.322801e-05	1.269351e-04	3.707217e-02	5.713572e+00	2.118362e-02	-7.919854e+01	0.000000e+00	112
5.600000e+04	0.000000e+00	5.243803e-05	1.255185e-04	3.684890e-02	5.703491e+00	2.105810e-02	-7.919854e+01	0.000000e+00	113
5.650000e+04	0.000000e+00	5.671469e-05	1.241299e-04	3.662830e-02	5.693446e+00	2.093397e-02	-7.919854e+01	0.000000e+00	114
5.700000e+04	0.000000e+00	5.336216e-05	1.227684e-04	3.641030e-02	5.683437e+00	2.081120e-02	-7.919854e+01	0.000000e+00	115
5.750000e+04	0.000000e+00	5.355967e-05	1.214331e-04	3.619487e-02	5.673464e+00	2.068976e-02	-7.919854e+01	0.000000e+00	116
5.800000e+04	0.000000e+00	5.657926e-05	1.201232e-04	3.598194e-02	5.663527e+00	2.056964e-02	-7.919854e+01	0.000000e+00	117
5.850000e+04	0.000000e+00	5.652595e-05	1.188381e-04	3.577145e-02	5.653626e+00	2.045080e-02	-7.919854e+01	0.000000e+00	118
5.900000e+04	0.000000e+00	5.270952e-05	1.175768e-04	3.556337e-02	5.643760e+00	2.033322e-02	-7.919854e+01	0.000000e+00	119
5.950000e+04	0.000000e+00	5.447247e-05	1.163388e-04	3.535763e-02	5.633930e+00	2.021687e-02	-7.919854e+01	0.000000e+00	120
6.000000e+04	0.000000e+00	5.281661e-05	1.151232e-04	3.515420e-02	5.624136e+00	2.010175e-02	-7.919854e+01	0.000000e+00	121
6.050000e+04	0.000000e+00	5.284860e-05	1.139296e-04	3.495302e-02	5.614378e+00	1.998782e-02	-7.919854e+01	0.000000e+00	122
6.100000e+04	0.000000e+00	5.702081e-05	1.127573e-04	3.475405e-02	5.604655e+00	1.987506e-02	-7.919854e+01	0.000000e+00	123
6.150000e+04	0.000000e+00	5.654140e-05	1.116056e-04	3.455725e-02	5.594968e+00	1.976345e-02	-7.919854e+01	0.000000e+00	124
6.200000e+04	0.000000e+00	5.733620e-05	1.104739e-04	3.436258e-02	5.585317e+00	1.965297e-02	-7.919854e+01	0.000000e+00	125
6.250000e+04	0.000000e+00	5.339200e-05	1.093618e-04	3.416999e-02	5.575701e+00	1.954361e-02	-7.919854e+01	0.000000e+00	126
6.300000e+04	0.000000e+00	5.413280e-05	1.082687e-04	3.397945e-02	5.566121e+00	1.943534e-02	-7.919854e+01	0.000000e+00	127
6.350000e+04	0.000000e+00	5.673956e-05	1.071940e-04	3.379091e-02	5.556576e+00	1.932814e-02	-7.919854e+01	0.000000e+00	128
6.400000e+04	0.000000e+00	5.708466e-05	1.061373e-04	3.360435e-02	5.547067e+00	1.922200e-02	-7.919854e+01	0.000000e+00	129
6.450000e+04	0.000000e+00	5.716254e-05	1.050981e-04	3.341972e-02	5.537593e+00	1.911690e-02	-7.919854e+01	0.000000e+00	130
6.500000e+04	0.000000e+00	5.689358e-05	1.040760e-04	3.323699e-02	5.528154e+00	1.901282e-02	-7.919854e+01	0.000000e+00	131
6.550000e+04	0.000000e+00	5.357651e-05	1.030704e-04	3.305612e-02	5.518751e+00	1.890975e-02	-7.919854e+01	0.000000e+00	132
6.600000e+04	0.000000e+00	5.354981e-05	1.020810e-04	3.287709e-02	5.509382e+00	1.880767e-02	-7.919854e+01	0.000000e+00	133
6.650000e+04	0.000000e+00	5.329285e-05	1.011073e-04	3.269986e-02	5.500049e+00	1.870656e-02	-7.919854e+01	0.000000e+00	134
6.700000e+04	0.000000e+00	5.702985e-05	1.001489e-04	3.252439e-02	5.490752e+00	1.860641e-02	-7.919854e+01	0.000000e+00	135
6.750000e+04	0.000000e+00	5.510366e-05	9.920556e-05	3.235066e-02	5.481489e+00	1.850720e-02	-7.919854e+01	0.000000e+00	136
6.800000e+04	0.000000e+00	5.521782e-05	9.827677e-05	3.217865e-02	5.472261e+00	1.840892e-02	-7.919854e+01	0.000000e+00	137
6.850000e+04	0.000000e+00	5.732874e-05	9.736222e-05	3.200831e-02	5.463068e+00	1.831156e-02	-7.919854e+01	0.000000e+00	138
6.900000e+04	0.000000e+00	5.505896e-05	9.646154e-05	3.183962e-02	5.453910e+00	1.821510e-02	-7.919854e+01	0.000000e+00	139
6.950000e+04	0.000000e+00	5.751793e-05	9.557442e-05	3.167256e-02	5.444786e+00	1.811952e-02	-7.919854e+01	0.000000e+00	140
7.000000e+04	0.000000e+00	5.744959e-05	9.470052e-05	3.150709e-02	5.435698e+00	1.802482e-02	-7.919854e+01	0.000000e+00	141
7.050000e+04	0.000000e+00	5.730568e-05	9.383954e-05	3.134320e-02	5.426644e+00	1.793097e-02	-7.919854e+01	0.000000e+00	142
7.100000e+04	0.000000e+00	5.755396e-05	9.299117e-05	3.118086e-02	5.417624e+00	1.783798e-02	-7.919854e+01	0.000000e+00	143
7.150000e+04	0.000000e+00	5.797344e-05	9.215512e-05	3.102003e-02	5.408639e+00	1.774582e-02	-7.919854e+01	0.000000e+00	144
7.200000e+04	0.000000e+00	5.576989e-05	9.133110e-05	3.086071e-02	5.399689e+00	1.765449e-02	-7.919854e+01	0.000000e+00	145
7.250000e+04	0.000000e+00	5.687728e-05	9.051885e-05	3.070285e-02	5.390772e+00	1.756397e-02	-7.919854e+01	0.000000e+00	146
7.300000e+04	0.000000e+00	5.699281e-05	8.971809e-05	3.054645e-02	5.381890e+00	1.747425e-02	-7.919854e+01	0.000000e+00	147
7.350000e+04	0.000000e+00	5.695209e-05	8.892857e-05	3.039148e-02	5.373043e+00	1.738532e-02	-7.919854e+01	0.000000e+00	148
7.400000e+04	0.000000e+00	5.793048e-05	8.815004e-05	3.023792e-02	5.364229e+00	1.729717e-02	-7.919854e+01	0.000000e+00	149
7.450000e+04	0.000000e+00	5.905780e-05	8.738226e-05	3.008575e-02	5.355449e+00	1.720979e-02	-7.919854e+01	0.000000e+00	150
7.500000e+04	0.000000e+00	5.456159e-05	8.662500e-05	2.993494e-02	5.346704e+00	1.712316e-02	-7.919854e+01	0.000000e+00	151
7.550000e+04	0.000000e+00	5.786001e-05	8.587803e-05	2.978547e-02	5.337992e+00	1.703728e-02	-7.919854e+01	0.000000e+00	152
7.600000e+04	0.000000e+00	5.798596e-05	8.514112e-05	2.963733e-02	5.329314e+00	1.695214e-02	-7.919854e+01	0.000000e+00	153
7.650000e+04	0.000000e+00	5.799168e-05	8.441408e-05	2.949050e-02	5.320669e+00	1.686772e-02	-7.919854e+01	0.000000e+00	154
7.700000e+04	0.000000e+00	5.398010e-05	8.369668e-05	2.934496e-02	5.312059e+00	1.678402e-02	-7.919854e+01	0.000000e+00	155
7.750000e+04	0.000000e+00	5.727220e-05	8.298873e-05	2.920068e-02	5.303482e+00	1.670103e-02	-7.919854e+01	0.000000e+00	156
7.800000e+04	0.000000e+00	5.603703e-05	8.229004e-05	2.905766e-02	5.294938e+00	1.661874e-02	-7.919854e+01	0.000000e+00	157
7.850000e+04	0.000000e+00	5.603237e-05	8.160041e-05	2.891587e-02	5.286428e+00	1.653714e-02	-7.919854e+01	0.000000e+00	158
7.900000e+04	0.000000e+00	5.597421e-05	8.091966e-05	2.877530e-02	5.277950e+00	1.645622e-02	-7.919854e+01	0.000000e+00	159
7.950000e+04	0.000000e+00	5.718269e-05	8.024762e-05	2.863593e-02	5.269507e+00	1.637597e-02	-7.919854e+01	0.000000e+00	160
8.000000e+04	0.000000e+00	5.756050e-05	7.958410e-05	2.849774e-02	5.261096e+00	1.629638e-02	-7.919854e+01	0.000000e+00	161
8.050000e+04	0.000000e+00	5.576920e-05	7.892895e-05	2.836071e-02	5.252718e+00	1.621745e-02	-7.919854e+01	0.000000e+00	162
8.100000e+04	0.000000e+00	5.788970e-05	7.828200e-05	2.822484e-02	5.244373e+00	1.613917e-02	-7.919854e+01	0.000000e+00	163
8.150000e+04	0.000000e+00	5.424649e-05	7.764308e-05	2.809011e-02	5.236061e+00	1.606152e-02	-7.919854e+01	0.000000e+00	164
8.200000e+04	0.000000e+00	5.793012e-05	7.701205e-05	2.795649e-02	5.227782e+00	1.598451e-02	-7.919854e+01	0.000000e+00	165
8.250000e+04	0.000000e+00	5.758001e-05	7.638875e-05	2.782398e-02	5.219535e+00	1.590812e-02	-7.919854e+01	0.000000e+00	166
8.300000e+04	0.000000e+00	5.824120e-05	7.577304e-05	2.769256e-02	5.211321e+00	1.583234e-02	-7.919854e+01	0.000000e+00	167
8.350000e+04	0.000000e+00	5.797097e-05	7.516477e-05	2.756222e-02	5.203139e+00	1.575718e-02	-7.919854e+01	0.000000e+00	168
8.400000e+04	0.000000e+00	5.771559e-05	7.456381e-05	2.743295e-02	5.194990e+00	1.568261e-02	-7.919854e+01	0.000000e+00	169
8.450000e+04	0.000000e+00	5.812396e-05	7.397002e-05	2.730472e-02	5.186873e+00	1.560864e-02	-7.919854e+01	0.000000e+00	170
8.500000e+04	0.000000e+00	5.548473e-05	7.338327e-05	2.717753e-02	5.178788e+00	1.553526e-02	-7.919854e+01	0.000000e+00	171
8.550000e+04	0.000000e+00	5.626765e-05	7.280343e-05	2.705136e-02	5.170736e+00	1.546245e-02	-7.919854e+01	0.000000e+00	172
8.600000e+04	0.000000e+00	5.624349e-05	7.223037e-05	2.692621e-02	5.162715e+00	1.539022e-02	-7.919854e+01	0.000000e+00	173
8.650000e+04	0.000000e+00	5.918624e-05	7.166398e-05	2.680205e-02	5.154726e+00	1.531855e-02	-7.919854e+01	0.000000e+00	174
8.700000e+04	0.000000e+00	5.788492e-05	7.110414e-05	2.667887e-02	5.146769e+00	1.524745e-02	-7.919854e+01	0.000000e+00	175
8.750000e+04	0.000000e+00	5.819798e-05	7.055072e-05	2.655667e-02	5.138844e+00	1.517690e-02	-7.919854e+01	0.000000e+00	176
8.800000e+04	0.000000e+00	5.617609e-05	7.000363e-05	2.643544e-02	5.130950e+00	1.510689e-02	-7.919854e+01	0.000000e+00	177
8.850000e+04	0.000000e+00	5.827650e-05	6.946274e-05	2.631515e-02	5.123088e+00	1.503743e-02	-7.919854e+01	0.000000e+00	178
8.900000e+04	0.000000e+00	5.777473e-05	6.892796e-05	2.619580e-02	5.115257e+00	1.496850e-02	-7.919854e+01	0.000000e+00	179
8.950000e+04	0.000000e+00	5.804334e-05	6.839917e-05	2.607738e-02	5.107458e+00	1.490010e-02	-7.919854e+01	0.000000e+00	180
9.000000e+04	0.000000e+00	5.468998e-05	6.787628e-05	2.595987e-02	5.099690e+00	1.483222e-02	-7.919854e+01	0.000000e+00	181
9.050000e+04	0.000000e+00	5.847053e-05	6.735918e-05	2.584327e-02	5.091953e+00	1.476486e-02	-7.919854e+01	0.000000e+00	182
9.100000e+04	0.000000e+00	5.507967e-05	6.684778e-05	2.572756e-02	5.084247e+00	1.469801e-02	-7.919854e+01	0.000000e+00	183
9.150000e+04	0.000000e+00	5.595799e-05	6.634199e-05	2.561274e-02	5.076572e+00	1.463167e-02	-7.919854e+01	0.000000e+00	184
9.200000e+04	0.000000e+00	5.766037e-05	6.584171e-05	2.549879e-02	5.068928e+00	1.456582e-02	-7.919854e+01	0.000000e+00	185
9.250000e+04	0.000000e+00	5.575381e-05	6.534685e-05	2.538571e-02	5.061314e+00	1.450048e-02	-7.919854e+01	0.000000e+00	186
9.300000e+04	0.000000e+00	5.852233e-05	6.485733e-05	2.527348e-02	5.053731e+00	1.443562e-02	-7.919854e+01	0.000000e+00	187
9.350000e+04	0.000000e+00	5.818976e-05	6.437305e-05	2.516210e-02	5.046179e+00	1.437124e-02	-7.919854e+01	0.000000e+00	188
9.400000e+04	0.000000e+00	5.658206e-05	6.389393e-05	2.505155e-02	5.038657e+00	1.430735e-02	-7.919854e+01	0.000000e+00	189
9.450000e+04	0.000000e+00	5.658278e-05	6.341990e-05	2.494182e-02	5.031166e+00	1.424393e-02	-7.919854e+01	0.000000e+00	190
9.500000e+04	0.000000e+00	5.597006e-05	6.295087e-05	2.483292e-02	5.023705e+00	1.418097e-02	-7.919854e+01	0.000000e+00	191
9.550000e+04	0.000000e+00	5.669404e-05	6.248676e-05	2.472482e-02	5.016274e+00	1.411849e-02	-7.919854e+01	0.000000e+00	192
9.600000e+04	0.000000e+00	5.838945e-05	6.202749e-05	2.461751e-02	5.008873e+00	1.405646e-02	-7.919854e+01	0.000000e+00	193
9.650000e+04	0.000000e+00	5.829646e-05	6.157300e-05	2.451100e-02	5.001502e+00	1.399488e-02	-7.919854e+01	0.000000e+00	194
9.700000e+04	0.000000e+00	5.841780e-05	6.112320e-05	2.440527e-02	4.994161e+00	1.393376e-02	-7.919854e+01	0.000000e+00	195
9.750000e+04	0.000000e+00	5.552734e-05	6.067803e-05	2.430031e-02	4.986850e+00	1.387308e-02	-7.919854e+01	0.000000e+00	196
9.800000e+04	0.000000e+00	5.868749e-05	6.023742e-05	2.419612e-02	4.979568e+00	1.381284e-02	-7.919854e+01	0.000000e+00	197
9.850000e+04	0.000000e+00	5.701676e-05	5.980129e-05	2.409268e-02	4.972316e+00	1.375304e-02	-7.919854e+01	0.000000e+00	198
9.900000e+04	0.000000e+00	5.898551e-05	5.936958e-05	2.398999e-02	4.965093e+00	1.369367e-02	-7.919854e+01	0.000000e+00	199
9.950000e+04	0.000000e+00	5.573366e-05	5.894222e-05	2.388804e-02	4.957900e+00	1.363472e-02	-7.919854e+01	0.000000e+00	200
1.000000e+05	0.000000e+00	5.603438e-05	5.851916e-05	2.378682e-02	4.950736e+00	1.357620e-02	-7.919854e+01	0.000000e+00	201
1.005000e+05	0.000000e+00	5.867357e-05	5.810032e-05	2.368633e-02	4.943601e+00	1.351810e-02	-7.919854e+01	0.000000e+00	202
1.010000e+05	0.000000e+00	5.536153e-05	5.768564e-05	2.358656e-02	4.936495e+00	1.346042e-02	-7.919854e+01	0.000000e+00	203
1.015000e+05	0.000000e+00	5.603879e-05	5.727507e-05	2.348749e-02	4.929419e+00	1.340314e-02	-7.919854e+01	0.000000e+00	204
1.020000e+05	0.000000e+00	5.529327e-05	5.686855e-05	2.338913e-02	4.922371e+00	1.334627e-02	-7.919854e+01	0.000000e+00	205
1.025000e+05	0.000000e+00	5.524929e-05	5.646601e-05	2.329146e-02	4.915351e+00	1.328980e-02	-7.919854e+01	0.000000e+00	206
1.030000e+05	0.000000e+00	5.530922e-05	5.606740e-05	2.319448e-02	4.908361e+00	1.323373e-02	-7.919854e+01	0.000000e+00	207
1.035000e+05	0.000000e+00	5.843395e-05	5.567267e-05	2.309818e-02	4.901399e+00	1.317806e-02	-7.919854e+01	0.000000e+00	208
1.040000e+05	0.000000e+00	5.708081e-05	5.528175e-05	2.300255e-02	4.894466e+00	1.312278e-02	-7.919854e+01	0.000000e+00	209
1.045000e+05	0.000000e+00	5.736482e-05	5.489461e-05	2.290759e-02	4.887561e+00	1.306788e-02	-7.919854e+01	0.000000e+00	210
1.050000e+05	0.000000e+00	5.699265e-05	5.451118e-05	2.281329e-02	4.880684e+00	1.301337e-02	-7.919854e+01	0.000000e+00	211
1.055000e+05	0.000000e+00	5.621859e-05	5.413141e-05	2.271965e-02	4.873835e+00	1.295924e-02	-7.919854e+01	0.000000e+00	212
1.060000e+05	0.000000e+00	5.837729e-05	5.375525e-05	2.262665e-02	4.867015e+00	1.290548e-02	-7.919854e+01	0.000000e+00	213
1.065000e+05	0.000000e+00	5.717698e-05	5.338266e-05	2.253430e-02	4.860223e+00	1.285210e-02	-7.919854e+01	0.000000e+00	214
1.070000e+05	0.000000e+00	5.656355e-05	5.301359e-05	2.244258e-02	4.853458e+00	1.279908e-02	-7.919854e+01	0.000000e+00	215
1.075000e+05	0.000000e+00	5.546334e-05	5.264798e-05	2.235149e-02	4.846721e+00	1.274643e-02	-7.919854e+01	0.000000e+00	216
1.080000e+05	0.000000e+00	5.868808e-05	5.228579e-05	2.226102e-02	4.840012e+00	1.269415e-02	-7.919854e+01	0.000000e+00	217
1.085000e+05	0.000000e+00	5.900813e-05	5.192698e-05	2.217117e-02	4.833331e+00	1.264222e-02	-7.919854e+01	0.000000e+00	218
1.090000e+05	0.000000e+00	5.899832e-05	5.157150e-05	2.208192e-02	4.826677e+00	1.259065e-02	-7.919854e+01	0.000000e+00	219
1.095000e+05	0.000000e+00	5.576385e-05	5.121930e-05	2.199329e-02	4.820050e+00	1.253943e-02	-7.919854e+01	0.000000e+00	220
1.100000e+05	0.000000e+00	5.638242e-05	5.087035e-05	2.190525e-02	4.813451e+00	1.248855e-02	-7.919854e+01	0.000000e+00	221
1.105000e+05	0.000000e+00	5.560490e-05	5.052460e-05	2.181780e-02	4.806878e+00	1.243803e-02	-7.919854e+01	0.000000e+00	222
1.110000e+05	0.000000e+00	5.643793e-05	5.018201e-05	2.173095e-02	4.800333e+00	1.238785e-02	-7.919854e+01	0.000000e+00	223
1.115000e+05	0.000000e+00	5.871652e-05	4.984254e-05	2.164467e-02	4.793815e+00	1.233800e-02	-7.919854e+01	0.000000e+00	224
1.120000e+05	0.000000e+00	5.606106e-05	4.950615e-05	2.155897e-02	4.787324e+00	1.228849e-02	-7.919854e+01	0.000000e+00	225
1.125000e+05	0.000000e+00	5.891526e-05	4.917280e-05	2.147384e-02	4.780860e+00	1.223932e-02	-7.919854e+01	0.000000e+00	226
1.130000e+05	0.000000e+00	5.590802e-05	4.884245e-05	2.138928e-02	4.774422e+00	1.219048e-02	-7.919854e+01	0.000000e+00	227
1.135000e+05	0.000000e+00	5.635022e-05	4.851506e-05	2.130528e-02	4.768011e+00	1.214196e-02	-7.919854e+01	0.000000e+00	228
1.140000e+05	0.000000e+00	5.881485e-05	4.819060e-05	2.122184e-02	4.761627e+00	1.209377e-02	-7.919854e+01	0.000000e+00	229
1.145000e+05	0.000000e+00	5.719305e-05	4.786902e-05	2.113894e-02	4.755269e+00	1.204590e-02	-7.919854e+01	0.000000e+00	230
1.150000e+05	0.000000e+00	5.757118e-05	4.755030e-05	2.105659e-02	4.748937e+00	1.199835e-02	-7.919854e+01	0.000000e+00	231
1.155000e+05	0.000000e+00	5.845606e-05	4.723440e-05	2.097478e-02	4.742632e+00	1.195111e-02	-7.919854e+01	0.000000e+00	232
1.160000e+05	0.000000e+00	5.935486e-05	4.692128e-05	2.089351e-02	4.736353e+00	1.190419e-02	-7.919854e+01	0.000000e+00	233
1.165000e+05	0.000000e+00	5.781368e-05	4.661091e-05	2.081276e-02	4.730099e+00	1.185758e-02	-7.919854e+01	0.000000e+00	234
1.170000e+05	0.000000e+00	5.607048e-05	4.630325e-05	2.073254e-02	4.723872e+00	1.181127e-02	-7.919854e+01	0.000000e+00	235
1.175000e+05	0.000000e+00	5.715865e-05	4.599828e-05	2.065285e-02	4.717670e+00	1.176528e-02	-7.919854e+01	0.000000e+00	236
1.180000e+05	0.000000e+00	5.635488e-05	4.569596e-05	2.057367e-02	4.711495e+00	1.171958e-02	-7.919854e+01	0.000000e+00	237
1.185000e+05	0.000000e+00	5.669775e-05	4.539625e-05	2.049500e-02	4.705344e+00	1.167418e-02	-7.919854e+01	0.000000e+00	238
1.190000e+05	0.000000e+00	5.917621e-05	4.509914e-05	2.041684e-02	4.699220e+00	1.162908e-02	-7.919854e+01	0.000000e+00	239
1.195000e+05	0.000000e+00	5.600155e-05	4.480457e-05	2.033918e-02	4.693121e+00	1.158428e-02	-7.919854e+01	0.000000e+00	240
1.200000e+05	0.000000e+00	5.842721e-05	4.451254e-05	2.026202e-02	4.687047e+00	1.153976e-05	-7.919854e+01	0.000000e+00	240
