0.000000e+00	0.000000e+00	0.000000e+00	-2.000000e+03	2.500000e-01	6.860000e+00	2.073800e-01	1.000000e+00	0.000000e+00	1
5.000000e+02	0.000000e+00	5.520917e+00	6.792676e-02	2.442250e-01	6.874190e+00	1.389102e-01	-7.554152e+01	0.000000e+00	2
1.000000e+03	0.000000e+00	0.000000e+00	1.332722e-02	2.274196e-01	6.871760e+00	1.255826e-01	-7.611505e+01	0.000000e+00	3
1.500000e+03	0.000000e+00	0.000000e+00	1.019468e-02	2.129063e-01	6.865435e+00	1.153877e-01	-7.646072e+01	0.000000e+00	4
2.000000e+03	0.000000e+00	0.000000e+00	8.784712e-03	2.005619e-01	6.856718e+00	1.066028e-01	-7.669108e+01	0.000000e+00	5
2.500000e+03	0.000000e+00	0.000000e+00	7.431619e-03	1.897477e-01	6.846391e+00	9.917105e-02	-7.685434e+01	0.000000e+00	6
3.000000e+03	0.000000e+00	0.000000e+00	6.205147e-03	1.800534e-01	6.834913e+00	9.296577e-02	-7.697556e+01	0.000000e+00	7
3.500000e+03	0.000000e+00	0.000000e+00	5.214131e-03	1.712638e-01	6.822567e+00	8.775152e-02	-7.706943e+01	0.000000e+00	8
4.000000e+03	0.000000e+00	0.000000e+00	4.456490e-03	1.632566e-01	6.809535e+00	8.329493e-02	-7.714481e+01	0.000000e+00	9
4.500000e+03	0.000000e+00	0.000000e+00	3.881048e-03	1.559454e-01	6.795943e+00	7.941380e-02	-7.720707e+01	0.000000e+00	10
5.000000e+03	0.000000e+00	0.000000e+00	3.434980e-03	1.492571e-01	6.781878e+00	7.597875e-02	-7.725958e+01	0.000000e+00	11
5.500000e+03	0.000000e+00	0.000000e+00	3.078550e-03	1.431264e-01	6.767410e+00	7.290013e-02	-7.730449e+01	0.000000e+00	12
6.000000e+03	0.000000e+00	0.000000e+00	2.785122e-03	1.374942e-01	6.752592e+00	7.011495e-02	-7.734325e+01	0.000000e+00	13
6.500000e+03	0.000000e+00	3.359165e-07	2.537508e-03	1.323076e-01	6.737467e+00	6.757739e-02	-7.737690e+01	0.000000e+00	14
7.000000e+03	0.000000e+00	9.541061e-06	2.324577e-03	1.275199e-01	6.722074e+00	6.525277e-02	-7.740619e+01	0.000000e+00	15
7.500000e+03	0.000000e+00	1.562186e-05	2.138917e-03	1.230899e-01	6.706443e+00	6.311381e-02	-7.743174e+01	0.000000e+00	16
8.000000e+03	0.000000e+00	2.196281e-05	1.975386e-03	1.189813e-01	6.690604e+00	6.113838e-02	-7.745401e+01	0.000000e+00	17
8.500000e+03	0.000000e+00	2.723441e-05	1.830253e-03	1.151621e-01	6.674580e+00	5.930809e-02	-7.747340e+01	0.000000e+00	18
9.000000e+03	0.000000e+00	3.195441e-05	1.700695e-03	1.116043e-01	6.658393e+00	5.760736e-02	-7.749025e+01	0.000000e+00	19
9.500000e+03	0.000000e+00	3.616519e-05	1.584501e-03	1.082832e-01	6.642062e+00	5.602282e-02	-7.750482e+01	0.000000e+00	20
1.000000e+04	0.000000e+00	4.017891e-05	1.479890e-03	1.051768e-01	6.625605e+00	5.454290e-02	-7.751737e+01	0.000000e+00	21
1.050000e+04	0.000000e+00	4.331862e-05	1.385391e-03	1.022657e-01	6.609036e+00	5.315748e-02	-7.752810e+01	0.000000e+00	22
1.100000e+04	0.000000e+00	4.627900e-05	1.299777e-03	9.953278e-02	6.592370e+00	5.185768e-02	-7.753720e+01	0.000000e+00	23
1.150000e+04	0.000000e+00	5.027190e-05	1.222003e-03	9.696254e-02	6.575620e+00	5.063565e-02	-7.754482e+01	0.000000e+00	24
1.200000e+04	0.000000e+00	5.380383e-05	1.151177e-03	9.454126e-02	6.558796e+00	4.948445e-02	-7.755110e+01	0.000000e+00	25
1.250000e+04	0.000000e+00	5.423764e-05	1.086529e-03	9.225662e-02	6.541909e+00	4.839790e-02	-7.755618e+01	0.000000e+00	26
1.300000e+04	0.000000e+00	5.915421e-05	1.027391e-03	9.009757e-02	6.524968e+00	4.737049e-02	-7.756015e+01	0.000000e+00	27
1.350000e+04	0.000000e+00	6.145465e-05	9.731817e-04	8.805415e-02	6.507981e+00	4.639728e-02	-7.756312e+01	0.000000e+00	28
1.400000e+04	0.000000e+00	5.995002e-05	9.233903e-04	8.611737e-02	6.490957e+00	4.547388e-02	-7.756518e+01	0.000000e+00	29
1.450000e+04	0.000000e+00	6.311798e-05	8.775695e-04	8.427912e-02	6.473902e+00	4.459629e-02	-7.756639e+01	0.000000e+00	30
1.500000e+04	0.000000e+00	6.717069e-05	8.353246e-04	8.253203e-02	6.456824e+00	4.376095e-02	-7.756685e+01	0.000000e+00	31
1.550000e+04	0.000000e+00	6.534424e-05	7.963068e-04	8.086943e-02	6.439727e+00	4.296462e-02	-7.756685e+01	0.000000e+00	32
1.600000e+04	0.000000e+00	6.899144e-05	7.602073e-04	7.928523e-02	6.422617e+00	4.220440e-02	-7.756685e+01	0.000000e+00	33
1.650000e+04	0.000000e+00	6.677485e-05	7.267515e-04	7.777392e-02	6.405500e+00	4.147763e-02	-7.756685e+01	0.000000e+00	34
1.700000e+04	0.000000e+00	7.098954e-05	6.956950e-04	7.633044e-02	6.388379e+00	4.078192e-02	-7.756685e+01	0.000000e+00	35
1.750000e+04	0.000000e+00	6.996231e-05	6.668199e-04	7.495018e-02	6.371260e+00	4.011509e-02	-7.756685e+01	0.000000e+00	36
1.800000e+04	0.000000e+00	7.264502e-05	6.399314e-04	7.362891e-02	6.354146e+00	3.947515e-02	-7.756685e+01	0.000000e+00	37
1.850000e+04	0.000000e+00	7.314515e-05	6.148548e-04	7.236276e-02	6.337041e+00	3.886028e-02	-7.756685e+01	0.000000e+00	38
1.900000e+04	0.000000e+00	7.440823e-05	5.914337e-04	7.114818e-02	6.319947e+00	3.826883e-02	-7.756685e+01	0.000000e+00	39
1.950000e+04	0.000000e+00	7.649774e-05	5.695273e-04	6.998189e-02	6.302869e+00	3.769929e-02	-7.756685e+01	0.000000e+00	40
2.000000e+04	0.000000e+00	7.474880e-05	5.490088e-04	6.886089e-02	6.285810e+00	3.715027e-02	-7.756685e+01	0.000000e+00	41
2.050000e+04	0.000000e+00	7.617046e-05	5.297641e-04	6.778240e-02	6.268770e+00	3.662050e-02	-7.756685e+01	0.000000e+00	42
2.100000e+04	0.000000e+00	7.570575e-05	5.116898e-04	6.674388e-02	6.251755e+00	3.610880e-02	-7.756685e+01	0.000000e+00	43
2.150000e+04	0.000000e+00	7.481146e-05	4.946927e-04	6.574294e-02	6.234764e+00	3.561410e-02	-7.756685e+01	0.000000e+00	44
2.200000e+04	0.000000e+00	7.707695e-05	4.786881e-04	6.477740e-02	6.217802e+00	3.513540e-02	-7.756685e+01	0.000000e+00	45
2.250000e+04	0.000000e+00	7.591867e-05	4.635992e-04	6.384525e-02	6.200869e+00	3.467179e-02	-7.756685e+01	0.000000e+00	46
2.300000e+04	0.000000e+00	7.977133e-05	4.493565e-04	6.294459e-02	6.183968e+00	3.422242e-02	-7.756685e+01	0.000000e+00	47
2.350000e+04	0.000000e+00	7.642695e-05	4.358963e-04	6.207368e-02	6.167101e+00	3.378652e-02	-7.756685e+01	0.000000e+00	48
2.400000e+04	0.000000e+00	8.020174e-05	4.231610e-04	6.123091e-02	6.150268e+00	3.336335e-02	-7.756685e+01	0.000000e+00	49
2.450000e+04	0.000000e+00	7.881451e-05	4.110979e-04	6.041477e-02	6.133472e+00	3.295224e-02	-7.756685e+01	0.000000e+00	50
2.500000e+04	0.000000e+00	8.244918e-05	3.996587e-04	5.962385e-02	6.116714e+00	3.255258e-02	-7.756685e+01	0.000000e+00	51
2.550000e+04	0.000000e+00	7.976684e-05	3.887995e-04	5.885685e-02	6.099995e+00	3.216377e-02	-7.756685e+01	0.000000e+00	52
2.600000e+04	0.000000e+00	7.853813e-05	3.784799e-04	5.811255e-02	6.083316e+00	3.178528e-02	-7.756685e+01	0.000000e+00	53
2.650000e+04	0.000000e+00	7.905507e-05	3.686630e-04	5.738981e-02	6.066679e+00	3.141661e-02	-7.756685e+01	0.000000e+00	54
2.700000e+04	0.000000e+00	8.139601e-05	3.593150e-04	5.668756e-02	6.050085e+00	3.105729e-02	-7.756685e+01	0.000000e+00	55
2.750000e+04	0.000000e+00	8.078877e-05	3.504046e-04	5.600482e-02	6.033535e+00	3.070688e-02	-7.756685e+01	0.000000e+00	56
2.800000e+04	0.000000e+00	8.338704e-05	3.419032e-04	5.534065e-02	6.017030e+00	3.036497e-02	-7.756685e+01	0.000000e+00	57
2.850000e+04	0.000000e+00	8.123242e-05	3.337845e-04	5.469417e-02	6.000570e+00	3.003118e-02	-7.756685e+01	0.000000e+00	58
2.900000e+04	0.000000e+00	8.149731e-05	3.260241e-04	5.406457e-02	5.984157e+00	2.970514e-02	-7.756685e+01	0.000000e+00	59
2.950000e+04	0.000000e+00	8.507293e-05	3.185995e-04	5.345109e-02	5.967790e+00	2.938654e-02	-7.756685e+01	0.000000e+00	60
3.000000e+04	0.000000e+00	8.574353e-05	3.114901e-04	5.285300e-02	5.951472e+00	2.907504e-02	-7.756685e+01	0.000000e+00	61
3.050000e+04	0.000000e+00	8.192001e-05	3.046767e-04	5.226962e-02	5.935203e+00	2.877036e-02	-7.756685e+01	0.000000e+00	62
3.100000e+04	0.000000e+00	8.478441e-05	2.981416e-04	5.170031e-02	5.918982e+00	2.847221e-02	-7.756685e+01	0.000000e+00	63
3.150000e+04	0.000000e+00	8.555983e-05	2.918683e-04	5.114448e-02	5.902812e+00	2.818034e-02	-7.756685e+01	0.000000e+00	64
3.200000e+04	0.000000e+00	8.542961e-05	2.858416e-04	5.060156e-02	5.886692e+00	2.789449e-02	-7.756685e+01	0.000000e+00	65
3.250000e+04	0.000000e+00	8.291003e-05	2.800473e-04	5.007102e-02	5.870623e+00	2.761444e-02	-7.756685e+01	0.000000e+00	66
3.300000e+04	0.000000e+00	8.667016e-05	2.744724e-04	4.955235e-02	5.854605e+00	2.733996e-02	-7.756685e+01	0.000000e+00	67
3.350000e+04	0.000000e+00	8.670782e-05	2.691047e-04	4.904508e-02	5.838640e+00	2.707085e-02	-7.756685e+01	0.000000e+00	68
3.400000e+04	0.000000e+00	8.277883e-05	2.639326e-04	4.854877e-02	5.822726e+00	2.680691e-02	-7.756685e+01	0.000000e+00	69
3.450000e+04	0.000000e+00	8.366640e-05	2.589458e-04	4.806297e-02	5.806866e+00	2.654796e-02	-7.756685e+01	0.000000e+00	70
3.500000e+04	0.000000e+00	8.539008e-05	2.541342e-04	4.758731e-02	5.791058e+00	2.629382e-02	-7.756685e+01	0.000000e+00	71
3.550000e+04	0.000000e+00	8.353984e-05	2.494887e-04	4.712139e-02	5.775304e+00	2.604433e-02	-7.756685e+01	0.000000e+00	72
3.600000e+04	0.000000e+00	8.219023e-05	2.450007e-04	4.666485e-02	5.759604e+00	2.579932e-02	-7.756685e+01	0.000000e+00	73
3.650000e+04	0.000000e+00	8.470526e-05	2.406621e-04	4.621736e-02	5.743958e+00	2.555865e-02	-7.756685e+01	0.000000e+00	74
3.700000e+04	0.000000e+00	8.553160e-05	2.364655e-04	4.577859e-02	5.728366e+00	2.532218e-02	-7.756685e+01	0.000000e+00	75
3.750000e+04	0.000000e+00	8.501911e-05	2.324037e-04	4.534824e-02	5.712829e+00	2.508978e-02	-7.756685e+01	0.000000e+00	76
3.800000e+04	0.000000e+00	8.820185e-05	2.284702e-04	4.492600e-02	5.697346e+00	2.486130e-02	-7.756685e+01	0.000000e+00	77
3.850000e+04	0.000000e+00	8.692079e-05	2.246588e-04	4.451161e-02	5.681919e+00	2.463664e-02	-7.756685e+01	0.000000e+00	78
3.900000e+04	0.000000e+00	8.626356e-05	2.209637e-04	4.410481e-02	5.666547e+00	2.441567e-02	-7.756685e+01	0.000000e+00	79
3.950000e+04	0.000000e+00	8.513724e-05	2.173795e-04	4.370533e-02	5.651230e+00	2.419829e-02	-7.756685e+01	0.000000e+00	80
4.000000e+04	0.000000e+00	8.793289e-05	2.139010e-04	4.331294e-02	5.635969e+00	2.398438e-02	-7.756685e+01	0.000000e+00	81
4.050000e+04	0.000000e+00	8.247909e-05	2.105234e-04	4.292742e-02	5.620764e+00	2.377385e-02	-7.756685e+01	0.000000e+00	82
4.100000e+04	0.000000e+00	8.650222e-05	2.072421e-04	4.254854e-02	5.605614e+00	2.356661e-02	-7.756685e+01	0.000000e+00	83
4.150000e+04	0.000000e+00	8.701022e-05	2.040530e-04	4.217611e-02	5.590521e+00	2.336255e-02	-7.756685e+01	0.000000e+00	84
4.200000e+04	0.000000e+00	8.911470e-05	2.009520e-04	4.180992e-02	5.575484e+00	2.316159e-02	-7.756685e+01	0.000000e+00	85
4.250000e+04	0.000000e+00	8.913291e-05	1.979353e-04	4.144978e-02	5.560502e+00	2.296365e-02	-7.756685e+01	0.000000e+00	86
4.300000e+04	0.000000e+00	8.746097e-05	1.949993e-04	4.109551e-02	5.545578e+00	2.276865e-02	-7.756685e+01	0.000000e+00	87
4.350000e+04	0.000000e+00	8.909466e-05	1.921407e-04	4.074695e-02	5.530709e+00	2.257651e-02	-7.756685e+01	0.000000e+00	88
4.400000e+04	0.000000e+00	8.674158e-05	1.893562e-04	4.040392e-02	5.515897e+00	2.238715e-02	-7.756685e+01	0.000000e+00	89
4.450000e+04	0.000000e+00	8.755693e-05	1.866428e-04	4.006627e-02	5.501142e+00	2.220050e-02	-7.756685e+01	0.000000e+00	90
4.500000e+04	0.000000e+00	8.931101e-05	1.839977e-04	3.973386e-02	5.486443e+00	2.201650e-02	-7.756685e+01	0.000000e+00	91
4.550000e+04	0.000000e+00	8.454673e-05	1.814182e-04	3.940652e-02	5.471801e+00	2.183508e-02	-7.756685e+01	0.000000e+00	92
4.600000e+04	0.000000e+00	8.936434e-05	1.789016e-04	3.908413e-02	5.457215e+00	2.165617e-02	-7.756685e+01	0.000000e+00	93
4.650000e+04	0.000000e+00	8.822545e-05	1.764457e-04	3.876655e-02	5.442686e+00	2.147972e-02	-7.756685e+01	0.000000e+00	94
4.700000e+04	0.000000e+00	8.648895e-05	1.740480e-04	3.845366e-02	5.428213e+00	2.130567e-02	-7.756685e+01	0.000000e+00	95
4.750000e+04	0.000000e+00	8.698035e-05	1.717064e-04	3.814533e-02	5.413797e+00	2.113396e-02	-7.756685e+01	0.000000e+00	96
4.800000e+04	0.000000e+00	8.908980e-05	1.694188e-04	3.784144e-02	5.399438e+00	2.096454e-02	-7.756685e+01	0.000000e+00	97
4.850000e+04	0.000000e+00	8.694742e-05	1.671832e-04	3.754189e-02	5.385136e+00	2.079735e-02	-7.756685e+01	0.000000e+00	98
4.900000e+04	0.000000e+00	8.948538e-05	1.649978e-04	3.724656e-02	5.370890e+00	2.063235e-02	-7.756685e+01	0.000000e+00	99
4.950000e+04	0.000000e+00	8.510159e-05	1.628608e-04	3.695535e-02	5.356700e+00	2.046949e-02	-7.756685e+01	0.000000e+00	100
5.000000e+04	0.000000e+00	8.920159e-05	1.607704e-04	3.666815e-02	5.342567e+00	2.030871e-02	-7.756685e+01	0.000000e+00	101
5.050000e+04	0.000000e+00	8.866905e-05	1.587251e-04	3.638488e-02	5.328491e+00	2.014998e-02	-7.756685e+01	0.000000e+00	102
5.100000e+04	0.000000e+00	9.070637e-05	1.567233e-04	3.610544e-02	5.314471e+00	1.999326e-02	-7.756685e+01	0.000000e+00	103
5.150000e+04	0.000000e+00	8.512624e-05	1.547636e-04	3.582974e-02	5.300508e+00	1.983849e-02	-7.756685e+01	0.000000e+00	104
5.200000e+04	0.000000e+00	8.740617e-05	1.528445e-04	3.555769e-02	5.286600e+00	1.968564e-02	-7.756685e+01	0.000000e+00	105
5.250000e+04	0.000000e+00	8.704109e-05	1.509647e-04	3.528921e-02	5.272750e+00	1.953468e-02	-7.756685e+01	0.000000e+00	106
5.300000e+04	0.000000e+00	8.799153e-05	1.491230e-04	3.502421e-02	5.258955e+00	1.938555e-02	-7.756685e+01	0.000000e+00	107
5.350000e+04	0.000000e+00	8.807084e-05	1.473181e-04	3.476263e-02	5.245216e+00	1.923823e-02	-7.756685e+01	0.000000e+00	108
5.400000e+04	0.000000e+00	8.953878e-05	1.455488e-04	3.450439e-02	5.231534e+00	1.909268e-02	-7.756685e+01	0.000000e+00	109
5.450000e+04	0.000000e+00	8.976736e-05	1.438140e-04	3.424941e-02	5.217908e+00	1.894886e-02	-7.756685e+01	0.000000e+00	110
5.500000e+04	0.000000e+00	9.054474e-05	1.421128e-04	3.399762e-02	5.204337e+00	1.880674e-02	-7.756685e+01	0.000000e+00	111
5.550000e+04	0.000000e+00	9.066821e-05	1.404439e-04	3.374896e-02	5.190823e+00	1.866630e-02	-7.756685e+01	0.000000e+00	112
5.600000e+04	0.000000e+00	8.742758e-05	1.388066e-04	3.350335e-02	5.177364e+00	1.852749e-02	-7.756685e+01	0.000000e+00	113
5.650000e+04	0.000000e+00	9.098953e-05	1.371997e-04	3.326075e-02	5.163960e+00	1.839029e-02	-7.756685e+01	0.000000e+00	114
5.700000e+04	0.000000e+00	9.024923e-05	1.356225e-04	3.302108e-02	5.150613e+00	1.825466e-02	-7.756685e+01	0.000000e+00	115
5.750000e+04	0.000000e+00	8.834237e-05	1.340741e-04	3.278429e-02	5.137321e+00	1.812058e-02	-7.756685e+01	0.000000e+00	116
5.800000e+04	0.000000e+00	8.848239e-05	1.325536e-04	3.255032e-02	5.124084e+00	1.798803e-02	-7.756685e+01	0.000000e+00	117
5.850000e+04	0.000000e+00	8.653518e-05	1.310603e-04	3.231911e-02	5.110902e+00	1.785696e-02	-7.756685e+01	0.000000e+00	118
5.900000e+04	0.000000e+00	8.881594e-05	1.295933e-04	3.209061e-02	5.097776e+00	1.772737e-02	-7.756685e+01	0.000000e+00	119
5.950000e+04	0.000000e+00	9.062700e-05	1.281521e-04	3.186476e-02	5.084704e+00	1.759921e-02	-7.756685e+01	0.000000e+00	120
6.000000e+04	0.000000e+00	9.100086e-05	1.267357e-04	3.164153e-02	5.071687e+00	1.747248e-02	-7.756685e+01	0.000000e+00	121
6.050000e+04	0.000000e+00	8.605934e-05	1.253437e-04	3.142085e-02	5.058726e+00	1.734713e-02	-7.756685e+01	0.000000e+00	122
6.100000e+04	0.000000e+00	8.702026e-05	1.239753e-04	3.120268e-02	5.045819e+00	1.722315e-02	-7.756685e+01	0.000000e+00	123
6.150000e+04	0.000000e+00	8.866314e-05	1.226299e-04	3.098697e-02	5.032966e+00	1.710052e-02	-7.756685e+01	0.000000e+00	124
6.200000e+04	0.000000e+00	9.089023e-05	1.213070e-04	3.077368e-02	5.020168e+00	1.697921e-02	-7.756685e+01	0.000000e+00	125
6.250000e+04	0.000000e+00	8.824985e-05	1.200058e-04	3.056277e-02	5.007424e+00	1.685920e-02	-7.756685e+01	0.000000e+00	126
6.300000e+04	0.000000e+00	8.596694e-05	1.187260e-04	3.035418e-02	4.994734e+00	1.674047e-02	-7.756685e+01	0.000000e+00	127
6.350000e+04	0.000000e+00	8.716053e-05	1.174668e-04	3.014789e-02	4.982098e+00	1.662300e-02	-7.756685e+01	0.000000e+00	128
6.400000e+04	0.000000e+00	8.780077e-05	1.162279e-04	2.994385e-02	4.969517e+00	1.650677e-02	-7.756685e+01	0.000000e+00	129
6.450000e+04	0.000000e+00	8.647827e-05	1.150087e-04	2.974201e-02	4.956988e+00	1.639176e-02	-7.756685e+01	0.000000e+00	130
6.500000e+04	0.000000e+00	8.916413e-05	1.138087e-04	2.954236e-02	4.944514e+00	1.627795e-02	-7.756685e+01	0.000000e+00	131
6.550000e+04	0.000000e+00	8.806595e-05	1.126275e-04	2.934483e-02	4.932093e+00	1.616532e-02	-7.756685e+01	0.000000e+00	132
6.600000e+04	0.000000e+00	8.756295e-05	1.114646e-04	2.914941e-02	4.919725e+00	1.605386e-02	-7.756685e+01	0.000000e+00	133
6.650000e+04	0.000000e+00	8.695030e-05	1.103195e-04	2.895605e-02	4.907411e+00	1.594353e-02	-7.756685e+01	0.000000e+00	134
6.700000e+04	0.000000e+00	8.778684e-05	1.091920e-04	2.876472e-02	4.895149e+00	1.583434e-02	-7.756685e+01	0.000000e+00	135
6.750000e+04	0.000000e+00	9.120963e-05	1.080815e-04	2.857538e-02	4.882941e+00	1.572626e-02	-7.756685e+01	0.000000e+00	136
6.800000e+04	0.000000e+00	8.626144e-05	1.069876e-04	2.838801e-02	4.870785e+00	1.561927e-02	-7.756685e+01	0.000000e+00	137
6.850000e+04	0.000000e+00	8.655813e-05	1.059101e-04	2.820258e-02	4.858682e+00	1.551335e-02	-7.756685e+01	0.000000e+00	138
6.900000e+04	0.000000e+00	9.094365e-05	1.048485e-04	2.801904e-02	4.846631e+00	1.540850e-02	-7.756685e+01	0.000000e+00	139
6.950000e+04	0.000000e+00	8.734033e-05	1.038024e-04	2.783738e-02	4.834632e+00	1.530470e-02	-7.756685e+01	0.000000e+00	140
7.000000e+04	0.000000e+00	8.989924e-05	1.027715e-04	2.765756e-02	4.822686e+00	1.520192e-02	-7.756685e+01	0.000000e+00	141
7.050000e+04	0.000000e+00	8.555323e-05	1.017556e-04	2.747955e-02	4.810792e+00	1.510017e-02	-7.756685e+01	0.000000e+00	142
7.100000e+04	0.000000e+00	9.043846e-05	1.007542e-04	2.730333e-02	4.798949e+00	1.499941e-02	-7.756685e+01	0.000000e+00	143
7.150000e+04	0.000000e+00	8.938213e-05	9.976703e-05	2.712887e-02	4.787158e+00	1.489964e-02	-7.756685e+01	0.000000e+00	144
7.200000e+04	0.000000e+00	8.851346e-05	9.879381e-05	2.695613e-02	4.775419e+00	1.480085e-02	-7.756685e+01	0.000000e+00	145
7.250000e+04	0.000000e+00	8.771717e-05	9.783427e-05	2.678511e-02	4.763731e+00	1.470301e-02	-7.756685e+01	0.000000e+00	146
7.300000e+04	0.000000e+00	9.076773e-05	9.688809e-05	2.661576e-02	4.752094e+00	1.460612e-02	-7.756685e+01	0.000000e+00	147
7.350000e+04	0.000000e+00	9.050173e-05	9.595500e-05	2.644806e-02	4.740509e+00	1.451016e-02	-7.756685e+01	0.000000e+00	148
7.400000e+04	0.000000e+00	8.876921e-05	9.503473e-05	2.628200e-02	4.728974e+00	1.441513e-02	-7.756685e+01	0.000000e+00	149
7.450000e+04	0.000000e+00	8.550728e-05	9.412702e-05	2.611754e-02	4.717490e+00	1.432100e-02	-7.756685e+01	0.000000e+00	150
7.500000e+04	0.000000e+00	8.986325e-05	9.323113e-05	2.595467e-02	4.706056e+00	1.422776e-02	-7.756685e+01	0.000000e+00	151
7.550000e+04	0.000000e+00	9.026004e-05	9.234820e-05	2.579336e-02	4.694673e+00	1.413541e-02	-7.756685e+01	0.000000e+00	152
7.600000e+04	0.000000e+00	8.847920e-05	9.147681e-05	2.563358e-02	4.683340e+00	1.404394e-02	-7.756685e+01	0.000000e+00	153
7.650000e+04	0.000000e+00	8.805044e-05	9.061698e-05	2.547532e-02	4.672057e+00	1.395332e-02	-7.756685e+01	0.000000e+00	154
7.700000e+04	0.000000e+00	8.719010e-05	8.976850e-05	2.531856e-02	4.660824e+00	1.386355e-02	-7.756685e+01	0.000000e+00	155
7.750000e+04	0.000000e+00	8.542675e-05	8.893116e-05	2.516327e-02	4.649641e+00	1.377461e-02	-7.756685e+01	0.000000e+00	156
7.800000e+04	0.000000e+00	8.684372e-05	8.810475e-05	2.500943e-02	4.638507e+00	1.368651e-02	-7.756685e+01	0.000000e+00	157
7.850000e+04	0.000000e+00	9.027272e-05	8.728908e-05	2.485703e-02	4.627423e+00	1.359922e-02	-7.756685e+01	0.000000e+00	158
7.900000e+04	0.000000e+00	8.693788e-05	8.648394e-05	2.470604e-02	4.616388e+00	1.351273e-02	-7.756685e+01	0.000000e+00	159
7.950000e+04	0.000000e+00	9.008711e-05	8.568912e-05	2.455645e-02	4.605402e+00	1.342704e-02	-7.756685e+01	0.000000e+00	160
8.000000e+04	0.000000e+00	8.829090e-05	8.490445e-05	2.440823e-02	4.594465e+00	1.334213e-02	-7.756685e+01	0.000000e+00	161
8.050000e+04	0.000000e+00	9.003801e-05	8.412974e-05	2.426137e-02	4.583576e+00	1.325800e-02	-7.756685e+01	0.000000e+00	162
8.100000e+04	0.000000e+00	8.916089e-05	8.336481e-05	2.411585e-02	4.572736e+00	1.317464e-02	-7.756685e+01	0.000000e+00	163
8.150000e+04	0.000000e+00	9.063215e-05	8.260948e-05	2.397165e-02	4.561945e+00	1.309202e-02	-7.756685e+01	0.000000e+00	164
8.200000e+04	0.000000e+00	8.670640e-05	8.186357e-05	2.382875e-02	4.551202e+00	1.301016e-02	-7.756685e+01	0.000000e+00	165
8.250000e+04	0.000000e+00	8.768447e-05	8.112693e-05	2.368714e-02	4.540506e+00	1.292903e-02	-7.756685e+01	0.000000e+00	166
8.300000e+04	0.000000e+00	8.660248e-05	8.039938e-05	2.354680e-02	4.529859e+00	1.284863e-02	-7.756685e+01	0.000000e+00	167
8.350000e+04	0.000000e+00	9.053650e-05	7.968078e-05	2.340771e-02	4.519260e+00	1.276895e-02	-7.756685e+01	0.000000e+00	168
8.400000e+04	0.000000e+00	8.551640e-05	7.897095e-05	2.326987e-02	4.508707e+00	1.268997e-02	-7.756685e+01	0.000000e+00	169
8.450000e+04	0.000000e+00	9.029264e-05	7.826976e-05	2.313324e-02	4.498203e+00	1.261170e-02	-7.756685e+01	0.000000e+00	170
8.500000e+04	0.000000e+00	9.040848e-05	7.757705e-05	2.299782e-02	4.487745e+00	1.253412e-02	-7.756685e+01	0.000000e+00	171
8.550000e+04	0.000000e+00	9.057659e-05	7.689268e-05	2.286359e-02	4.477335e+00	1.245723e-02	-7.756685e+01	0.000000e+00	172
8.600000e+04	0.000000e+00	9.034826e-05	7.621651e-05	2.273054e-02	4.466971e+00	1.238101e-02	-7.756685e+01	0.000000e+00	173
8.650000e+04	0.000000e+00	9.079890e-05	7.554840e-05	2.259865e-02	4.456654e+00	1.230546e-02	-7.756685e+01	0.000000e+00	174
8.700000e+04	0.000000e+00	9.124890e-05	7.488822e-05	2.246791e-02	4.446384e+00	1.223057e-02	-7.756685e+01	0.000000e+00	175
8.750000e+04	0.000000e+00	8.993216e-05	7.423583e-05	2.233830e-02	4.436159e+00	1.215634e-02	-7.756685e+01	0.000000e+00	176
8.800000e+04	0.000000e+00	8.894553e-05	7.359111e-05	2.220981e-02	4.425981e+00	1.208274e-02	-7.756685e+01	0.000000e+00	177
8.850000e+04	0.000000e+00	8.821894e-05	7.295393e-05	2.208242e-02	4.415849e+00	1.200979e-02	-7.756685e+01	0.000000e+00	178
8.900000e+04	0.000000e+00	9.021254e-05	7.232418e-05	2.195613e-02	4.405763e+00	1.193746e-02	-7.756685e+01	0.000000e+00	179
8.950000e+04	0.000000e+00	8.776055e-05	7.170172e-05	2.183091e-02	4.395723e+00	1.186576e-02	-7.756685e+01	0.000000e+00	180
9.000000e+04	0.000000e+00	8.790386e-05	7.108646e-05	2.170676e-02	4.385728e+00	1.179467e-02	-7.756685e+01	0.000000e+00	181
9.050000e+04	0.000000e+00	8.618226e-05	7.047826e-05	2.158367e-02	4.375778e+00	1.172419e-02	-7.756685e+01	0.000000e+00	182
9.100000e+04	0.000000e+00	9.046684e-05	6.987701e-05	2.146161e-02	4.365873e+00	1.165431e-02	-7.756685e+01	0.000000e+00	183
9.150000e+04	0.000000e+00	8.657294e-05	6.928262e-05	2.134058e-02	4.356013e+00	1.158503e-02	-7.756685e+01	0.000000e+00	184
9.200000e+04	0.000000e+00	8.838630e-05	6.869497e-05	2.122057e-02	4.346198e+00	1.151633e-02	-7.756685e+01	0.000000e+00	185
9.250000e+04	0.000000e+00	8.660682e-05	6.811396e-05	2.110157e-02	4.336428e+00	1.144822e-02	-7.756685e+01	0.000000e+00	186
9.300000e+04	0.000000e+00	8.971098e-05	6.753948e-05	2.098355e-02	4.326702e+00	1.138068e-02	-7.756685e+01	0.000000e+00	187
9.350000e+04	0.000000e+00	8.971302e-05	6.697144e-05	2.086652e-02	4.317021e+00	1.131370e-02	-7.756685e+01	0.000000e+00	188
9.400000e+04	0.000000e+00	8.783086e-05	6.640974e-05	2.075046e-02	4.307383e+00	1.124729e-02	-7.756685e+01	0.000000e+00	189
9.450000e+04	0.000000e+00	8.735232e-05	6.585427e-05	2.063535e-02	4.297790e+00	1.118144e-02	-7.756685e+01	0.000000e+00	190
9.500000e+04	0.000000e+00	8.938758e-05	6.530496e-05	2.052120e-02	4.288240e+00	1.111613e-02	-7.756685e+01	0.000000e+00	191
9.550000e+04	0.000000e+00	8.737094e-05	6.476170e-05	2.040798e-02	4.278733e+00	1.105137e-02	-7.756685e+01	0.000000e+00	192
9.600000e+04	0.000000e+00	8.612798e-05	6.422440e-05	2.029568e-02	4.269271e+00	1.098714e-02	-7.756685e+01	0.000000e+00	193
9.650000e+04	0.000000e+00	8.945154e-05	6.369299e-05	2.018431e-02	4.259851e+00	1.092345e-02	-7.756685e+01	0.000000e+00	194
9.700000e+04	0.000000e+00	8.955998e-05	6.316736e-05	2.007383e-02	4.250474e+00	1.086028e-02	-7.756685e+01	0.000000e+00	195
9.750000e+04	0.000000e+00	8.908202e-05	6.264744e-05	1.996426e-02	4.241141e+00	1.079763e-02	-7.756685e+01	0.000000e+00	196
9.800000e+04	0.000000e+00	8.934579e-05	6.213314e-05	1.985557e-02	4.231850e+00	1.073550e-02	-7.756685e+01	0.000000e+00	197
9.850000e+04	0.000000e+00	8.969759e-05	6.162438e-05	1.974775e-02	4.222602e+00	1.067387e-02	-7.756685e+01	0.000000e+00	198
9.900000e+04	0.000000e+00	8.560059e-05	6.112108e-05	1.964080e-02	4.213396e+00	1.061275e-02	-7.756685e+01	0.000000e+00	199
9.950000e+04	0.000000e+00	8.899847e-05	6.062317e-05	1.953471e-02	4.204232e+00	1.055212e-02	-7.756685e+01	0.000000e+00	200
1.000000e+05	0.000000e+00	8.926857e-05	6.013056e-05	1.942946e-02	4.195110e+00	1.049199e-02	-7.756685e+01	0.000000e+00	201
1.005000e+05	0.000000e+00	8.585578e-05	5.964319e-05	1.932506e-02	4.186030e+00	1.043235e-02	-7.756685e+01	0.000000e+00	202
1.010000e+05	0.000000e+00	8.555327e-05	5.916097e-05	1.922148e-02	4.176992e+00	1.037319e-02	-7.756685e+01	0.000000e+00	203
1.015000e+05	0.000000e+00	8.681931e-05	5.868384e-05	1.911872e-02	4.167995e+00	1.031450e-02	-7.756685e+01	0.000000e+00	204
1.020000e+05	0.000000e+00	8.888842e-05	5.821172e-05	1.901677e-02	4.159040e+00	1.025629e-02	-7.756685e+01	0.000000e+00	205
1.025000e+05	0.000000e+00	8.534511e-05	5.774454e-05	1.891562e-02	4.150126e+00	1.019854e-02	-7.756685e+01	0.000000e+00	206
1.030000e+05	0.000000e+00	8.839505e-05	5.728224e-05	1.881527e-02	4.141253e+00	1.014126e-02	-7.756685e+01	0.000000e+00	207
1.035000e+05	0.000000e+00	8.735578e-05	5.682475e-05	1.871571e-02	4.132421e+00	1.008443e-02	-7.756685e+01	0.000000e+00	208
1.040000e+05	0.000000e+00	8.784531e-05	5.637200e-05	1.861692e-02	4.123630e+00	1.002806e-02	-7.756685e+01	0.000000e+00	209
1.045000e+05	0.000000e+00	8.859176e-05	5.592393e-05	1.851890e-02	4.114879e+00	9.972134e-03	-7.756685e+01	0.000000e+00	210
1.050000e+05	0.000000e+00	8.871580e-05	5.548048e-05	1.842164e-02	4.106168e+00	9.916653e-03	-7.756685e+01	0.000000e+00	211
1.055000e+05	0.000000e+00	8.470336e-05	5.504157e-05	1.832513e-02	4.097498e+00	9.861610e-03	-7.756685e+01	0.000000e+00	212
1.060000e+05	0.000000e+00	8.737581e-05	5.460716e-05	1.822937e-02	4.088868e+00	9.807002e-03	-7.756685e+01	0.000000e+00	213
1.065000e+05	0.000000e+00	8.475700e-05	5.417718e-05	1.813434e-02	4.080277e+00	9.752823e-03	-7.756685e+01	0.000000e+00	214
1.070000e+05	0.000000e+00	8.839141e-05	5.375157e-05	1.804005e-02	4.071726e+00	9.699071e-03	-7.756685e+01	0.000000e+00	215
1.075000e+05	0.000000e+00	8.473161e-05	5.333027e-05	1.794647e-02	4.063215e+00	9.645739e-03	-7.756685e+01	0.000000e+00	216
1.080000e+05	0.000000e+00	8.772500e-05	5.291323e-05	1.785361e-02	4.054743e+00	9.592825e-03	-7.756685e+01	0.000000e+00	217
1.085000e+05	0.000000e+00	8.784615e-05	5.250039e-05	1.776146e-02	4.046311e+00	9.540324e-03	-7.756685e+01	0.000000e+00	218
1.090000e+05	0.000000e+00	8.694646e-05	5.209170e-05	1.767001e-02	4.037917e+00	9.488231e-03	-7.756685e+01	0.000000e+00	219
1.095000e+05	0.000000e+00	8.639966e-05	5.168710e-05	1.757925e-02	4.029562e+00	9.436543e-03	-7.756685e+01	0.000000e+00	220
1.100000e+05	0.000000e+00	8.799234e-05	5.128653e-05	1.748918e-02	4.021246e+00	9.385255e-03	-7.756685e+01	0.000000e+00	221
1.105000e+05	0.000000e+00	8.725841e-05	5.088996e-05	1.739979e-02	4.012969e+00	9.334364e-03	-7.756685e+01	0.000000e+00	222
1.110000e+05	0.000000e+00	8.485318e-05	5.049731e-05	1.731107e-02	4.004730e+00	9.283866e-03	-7.756685e+01	0.000000e+00	223
1.115000e+05	0.000000e+00	8.591241e-05	5.010855e-05	1.722301e-02	3.996529e+00	9.233756e-03	-7.756685e+01	0.000000e+00	224
1.120000e+05	0.000000e+00	8.765673e-05	4.972363e-05	1.713561e-02	3.988366e+00	9.184032e-03	-7.756685e+01	0.000000e+00	225
1.125000e+05	0.000000e+00	8.638252e-05	4.934249e-05	1.704887e-02	3.980241e+00	9.134688e-03	-7.756685e+01	0.000000e+00	226
1.130000e+05	0.000000e+00	8.708832e-05	4.896509e-05	1.696277e-02	3.972154e+00	9.085722e-03	-7.756685e+01	0.000000e+00	227
1.135000e+05	0.000000e+00	8.480877e-05	4.859138e-05	1.687731e-02	3.964105e+00	9.037130e-03	-7.756685e+01	0.000000e+00	228
1.140000e+05	0.000000e+00	8.482173e-05	4.822131e-05	1.679248e-02	3.956093e+00	8.988907e-03	-7.756685e+01	0.000000e+00	229
1.145000e+05	0.000000e+00	8.731399e-05	4.785484e-05	1.670829e-02	3.948118e+00	8.941052e-03	-7.756685e+01	0.000000e+00	230
1.150000e+05	0.000000e+00	8.676796e-05	4.749192e-05	1.662471e-02	3.940180e+00	8.893559e-03	-7.756685e+01	0.000000e+00	231
1.155000e+05	0.000000e+00	8.644354e-05	4.713252e-05	1.654174e-02	3.932279e+00	8.846425e-03	-7.756685e+01	0.000000e+00	232
1.160000e+05	0.000000e+00	8.651760e-05	4.677658e-05	1.645939e-02	3.924415e+00	8.799648e-03	-7.756685e+01	0.000000e+00	233
1.165000e+05	0.000000e+00	8.441807e-05	4.642406e-05	1.637763e-02	3.916588e+00	8.753223e-03	-7.756685e+01	0.000000e+00	234
1.170000e+05	0.000000e+00	8.694108e-05	4.607492e-05	1.629648e-02	3.908797e+00	8.707147e-03	-7.756685e+01	0.000000e+00	235
1.175000e+05	0.000000e+00	8.678387e-05	4.572912e-05	1.621591e-02	3.901042e+00	8.661417e-03	-7.756685e+01	0.000000e+00	236
1.180000e+05	0.000000e+00	8.610808e-05	4.538662e-05	1.613593e-02	3.893324e+00	8.616029e-03	-7.756685e+01	0.000000e+00	237
1.185000e+05	0.000000e+00	8.488034e-05	4.504738e-05	1.605653e-02	3.885642e+00	8.570981e-03	-7.756685e+01	0.000000e+00	238
1.190000e+05	0.000000e+00	8.606269e-05	4.471136e-05	1.597771e-02	3.877995e+00	8.526269e-03	-7.756685e+01	0.000000e+00	239
1.195000e+05	0.000000e+00	8.556344e-05	4.437851e-05	1.589945e-02	3.870384e+00	8.481889e-03	-7.756685e+01	0.000000e+00	240
1.200000e+05	0.000000e+00	8.631114e-05	4.404881e-05	1.582176e-02	3.862809e+00	8.437840e-06	-7.756685e+01	0.000000e+00	240
