0.000000e+00	0.000000e+00	0.000000e+00	-2.000000e+03	2.500000e-01	6.860000e+00	2.073800e-01	1.000000e+00	0.000000e+00	1
5.000000e+02	0.000000e+00	1.206792e+01	6.852760e-02	2.438562e-01	6.890555e+00	1.383086e-01	-7.596428e+01	0.000000e+00	2
1.000000e+03	0.000000e+00	0.000000e+00	1.315666e-02	2.270066e-01	6.903470e+00	1.251516e-01	-7.632440e+01	0.000000e+00	3
1.500000e+03	0.000000e+00	0.000000e+00	1.005943e-02	2.125241e-01	6.912338e+00	1.150920e-01	-7.654506e+01	0.000000e+00	4
2.000000e+03	0.000000e+00	0.000000e+00	8.638470e-03	2.002399e-01	6.918693e+00	1.064533e-01	-7.669418e+01	0.000000e+00	5
2.500000e+03	0.000000e+00	0.000000e+00	7.276333e-03	1.895039e-01	6.923338e+00	9.917681e-02	-7.680142e+01	0.000000e+00	6
3.000000e+03	0.000000e+00	0.000000e+00	6.049704e-03	1.799040e-01	6.926740e+00	9.312698e-02	-7.688233e+01	0.000000e+00	7
3.500000e+03	0.000000e+00	0.000000e+00	5.062913e-03	1.712235e-01	6.929187e+00	8.806395e-02	-7.694603e+01	0.000000e+00	8
4.000000e+03	0.000000e+00	0.000000e+00	4.309680e-03	1.633376e-01	6.930866e+00	8.375418e-02	-7.699803e+01	0.000000e+00	9
4.500000e+03	0.000000e+00	0.000000e+00	3.737445e-03	1.561572e-01	6.931903e+00	8.001665e-02	-7.704170e+01	0.000000e+00	10
5.000000e+03	0.000000e+00	0.000000e+00	3.293466e-03	1.496069e-01	6.932391e+00	7.672312e-02	-7.707915e+01	0.000000e+00	11
5.500000e+03	0.000000e+00	0.000000e+00	2.938449e-03	1.436196e-01	6.932398e+00	7.378461e-02	-7.711173e+01	0.000000e+00	12
6.000000e+03	0.000000e+00	0.000000e+00	2.646127e-03	1.381347e-01	6.931980e+00	7.113842e-02	-7.714037e+01	0.000000e+00	13
6.500000e+03	0.000000e+00	0.000000e+00	2.399538e-03	1.330987e-01	6.931182e+00	6.873883e-02	-7.716571e+01	0.000000e+00	14
7.000000e+03	0.000000e+00	0.000000e+00	2.187663e-03	1.284640e-01	6.930042e+00	6.655113e-02	-7.718826e+01	0.000000e+00	15
7.500000e+03	0.000000e+00	0.000000e+00	2.003134e-03	1.241888e-01	6.928593e+00	6.454795e-02	-7.720840e+01	0.000000e+00	16
8.000000e+03	0.000000e+00	2.052609e-06	1.840816e-03	1.202365e-01	6.926864e+00	6.270710e-02	-7.722642e+01	0.000000e+00	17
8.500000e+03	0.000000e+00	5.620427e-06	1.696970e-03	1.165747e-01	6.924879e+00	6.101009e-02	-7.724259e+01	0.000000e+00	18
9.000000e+03	0.000000e+00	8.842031e-06	1.568761e-03	1.131752e-01	6.922662e+00	5.944130e-02	-7.725711e+01	0.000000e+00	19
9.500000e+03	0.000000e+00	1.170658e-05	1.453962e-03	1.100129e-01	6.920231e+00	5.798731e-02	-7.727016e+01	0.000000e+00	20
1.000000e+04	0.000000e+00	1.414306e-05	1.350777e-03	1.070658e-01	6.917605e+00	5.663650e-02	-7.728191e+01	0.000000e+00	21
1.050000e+04	0.000000e+00	1.625789e-05	1.257726e-03	1.043143e-01	6.914798e+00	5.537875e-02	-7.729249e+01	0.000000e+00	22
1.100000e+04	0.000000e+00	1.995937e-05	1.173568e-03	1.017410e-01	6.911826e+00	5.420516e-02	-7.730200e+01	0.000000e+00	23
1.150000e+04	0.000000e+00	2.025193e-05	1.097253e-03	9.933044e-02	6.908701e+00	5.310788e-02	-7.731056e+01	0.000000e+00	24
1.200000e+04	0.000000e+00	2.269675e-05	1.027883e-03	9.706873e-02	6.905436e+00	5.207998e-02	-7.731825e+01	0.000000e+00	25
1.250000e+04	0.000000e+00	2.352479e-05	9.646809e-04	9.494349e-02	6.902039e+00	5.111528e-02	-7.732516e+01	0.000000e+00	26
1.300000e+04	0.000000e+00	2.549019e-05	9.069766e-04	9.294355e-02	6.898522e+00	5.020828e-02	-7.733135e+01	0.000000e+00	27
1.350000e+04	0.000000e+00	2.768248e-05	8.541847e-04	9.105891e-02	6.894893e+00	4.935408e-02	-7.733689e+01	0.000000e+00	28
1.400000e+04	0.000000e+00	2.893550e-05	8.057934e-04	8.928050e-02	6.891160e+00	4.854827e-02	-7.734183e+01	0.000000e+00	29
1.450000e+04	0.000000e+00	2.928162e-05	7.613533e-04	8.760015e-02	6.887330e+00	4.778690e-02	-7.734622e+01	0.000000e+00	30
1.500000e+04	0.000000e+00	2.974923e-05	7.204690e-04	8.601044e-02	6.883410e+00	4.706641e-02	-7.735011e+01	0.000000e+00	31
1.550000e+04	0.000000e+00	2.991872e-05	6.827910e-04	8.450466e-02	6.879406e+00	4.638361e-02	-7.735354e+01	0.000000e+00	32
1.600000e+04	0.000000e+00	3.328542e-05	6.480099e-04	8.307667e-02	6.875325e+00	4.573559e-02	-7.735655e+01	0.000000e+00	33
1.650000e+04	0.000000e+00	3.191840e-05	6.158513e-04	8.172091e-02	6.871170e+00	4.511972e-02	-7.735916e+01	0.000000e+00	34
1.700000e+04	0.000000e+00	3.497709e-05	5.860709e-04	8.043229e-02	6.866948e+00	4.453364e-02	-7.736140e+01	0.000000e+00	35
1.750000e+04	0.000000e+00	3.493520e-05	5.584509e-04	7.920616e-02	6.862662e+00	4.397518e-02	-7.736331e+01	0.000000e+00	36
1.800000e+04	0.000000e+00	3.431737e-05	5.327969e-04	7.803826e-02	6.858317e+00	4.344237e-02	-7.736491e+01	0.000000e+00	37
1.850000e+04	0.000000e+00	3.668770e-05	5.089348e-04	7.692469e-02	6.853917e+00	4.293342e-02	-7.736622e+01	0.000000e+00	38
1.900000e+04	0.000000e+00	3.528658e-05	4.867085e-04	7.586188e-02	6.849465e+00	4.244671e-02	-7.736726e+01	0.000000e+00	39
1.950000e+04	0.000000e+00	3.577380e-05	4.659777e-04	7.484652e-02	6.844964e+00	4.198072e-02	-7.736804e+01	0.000000e+00	40
2.000000e+04	0.000000e+00	3.653647e-05	4.466165e-04	7.387558e-02	6.840419e+00	4.153409e-02	-7.736860e+01	0.000000e+00	41
2.050000e+04	0.000000e+00	3.760401e-05	4.285110e-04	7.294626e-02	6.835831e+00	4.110557e-02	-7.736893e+01	0.000000e+00	42
2.100000e+04	0.000000e+00	3.657561e-05	4.115587e-04	7.205599e-02	6.831203e+00	4.069401e-02	-7.736906e+01	0.000000e+00	43
2.150000e+04	0.000000e+00	3.738066e-05	3.956667e-04	7.120239e-02	6.826538e+00	4.029833e-02	-7.736906e+01	0.000000e+00	44
2.200000e+04	0.000000e+00	3.837644e-05	3.807511e-04	7.038324e-02	6.821839e+00	3.991757e-02	-7.736906e+01	0.000000e+00	45
2.250000e+04	0.000000e+00	3.834706e-05	3.667356e-04	6.959650e-02	6.817107e+00	3.955083e-02	-7.736906e+01	0.000000e+00	46
2.300000e+04	0.000000e+00	3.858299e-05	3.535512e-04	6.884029e-02	6.812345e+00	3.919727e-02	-7.736906e+01	0.000000e+00	47
2.350000e+04	0.000000e+00	3.953996e-05	3.411348e-04	6.811283e-02	6.807555e+00	3.885613e-02	-7.736906e+01	0.000000e+00	48
2.400000e+04	0.000000e+00	4.007256e-05	3.294291e-04	6.741251e-02	6.802738e+00	3.852669e-02	-7.736906e+01	0.000000e+00	49
2.450000e+04	0.000000e+00	3.982617e-05	3.183821e-04	6.673780e-02	6.797897e+00	3.820830e-02	-7.736906e+01	0.000000e+00	50
2.500000e+04	0.000000e+00	4.170570e-05	3.079459e-04	6.608728e-02	6.793032e+00	3.790035e-02	-7.736906e+01	0.000000e+00	51
2.550000e+04	0.000000e+00	4.156551e-05	2.980771e-04	6.545965e-02	6.788146e+00	3.760227e-02	-7.736906e+01	0.000000e+00	52
2.600000e+04	0.000000e+00	4.099114e-05	2.887357e-04	6.485367e-02	6.783240e+00	3.731353e-02	-7.736906e+01	0.000000e+00	53
2.650000e+04	0.000000e+00	4.202981e-05	2.798851e-04	6.426820e-02	6.778315e+00	3.703364e-02	-7.736906e+01	0.000000e+00	54
2.700000e+04	0.000000e+00	4.098226e-05	2.714919e-04	6.370217e-02	6.773373e+00	3.676214e-02	-7.736906e+01	0.000000e+00	55
2.750000e+04	0.000000e+00	4.032722e-05	2.635253e-04	6.315457e-02	6.768414e+00	3.649861e-02	-7.736906e+01	0.000000e+00	56
2.800000e+04	0.000000e+00	4.098859e-05	2.559568e-04	6.262447e-02	6.763441e+00	3.624265e-02	-7.736906e+01	0.000000e+00	57
2.850000e+04	0.000000e+00	4.158067e-05	2.487606e-04	6.211099e-02	6.758454e+00	3.599388e-02	-7.736906e+01	0.000000e+00	58
2.900000e+04	0.000000e+00	4.245614e-05	2.419124e-04	6.161331e-02	6.753454e+00	3.575196e-02	-7.736906e+01	0.000000e+00	59
2.950000e+04	0.000000e+00	4.192667e-05	2.353903e-04	6.113066e-02	6.748442e+00	3.551657e-02	-7.736906e+01	0.000000e+00	60
3.000000e+04	0.000000e+00	4.160831e-05	2.291737e-04	6.066231e-02	6.743420e+00	3.528739e-02	-7.736906e+01	0.000000e+00	61
3.050000e+04	0.000000e+00	4.324842e-05	2.232437e-04	6.020759e-02	6.738388e+00	3.506414e-02	-7.736906e+01	0.000000e+00	62
3.100000e+04	0.000000e+00	4.244795e-05	2.175829e-04	5.976585e-02	6.733347e+00	3.484655e-02	-7.736906e+01	0.000000e+00	63
3.150000e+04	0.000000e+00	4.412954e-05	2.121749e-04	5.933650e-02	6.728297e+00	3.463438e-02	-7.736906e+01	0.000000e+00	64
3.200000e+04	0.000000e+00	4.311427e-05	2.070048e-04	5.891897e-02	6.723240e+00	3.442737e-02	-7.736906e+01	0.000000e+00	65
3.250000e+04	0.000000e+00	4.432209e-05	2.020587e-04	5.851272e-02	6.718177e+00	3.422530e-02	-7.736906e+01	0.000000e+00	66
3.300000e+04	0.000000e+00	4.298492e-05	1.973235e-04	5.811726e-02	6.713107e+00	3.402798e-02	-7.736906e+01	0.000000e+00	67
3.350000e+04	0.000000e+00	4.309526e-05	1.927873e-04	5.773210e-02	6.708033e+00	3.383518e-02	-7.736906e+01	0.000000e+00	68
3.400000e+04	0.000000e+00	4.253252e-05	1.884388e-04	5.735681e-02	6.702953e+00	3.364674e-02	-7.736906e+01	0.000000e+00	69
3.450000e+04	0.000000e+00	4.494867e-05	1.842676e-04	5.699096e-02	6.697870e+00	3.346247e-02	-7.736906e+01	0.000000e+00	70
3.500000e+04	0.000000e+00	4.279172e-05	1.802640e-04	5.663415e-02	6.692783e+00	3.328220e-02	-7.736906e+01	0.000000e+00	71
3.550000e+04	0.000000e+00	4.508683e-05	1.764188e-04	5.628600e-02	6.687693e+00	3.310578e-02	-7.736906e+01	0.000000e+00	72
3.600000e+04	0.000000e+00	4.257757e-05	1.727237e-04	5.594615e-02	6.682601e+00	3.293305e-02	-7.736906e+01	0.000000e+00	73
3.650000e+04	0.000000e+00	4.372154e-05	1.691707e-04	5.561427e-02	6.677507e+00	3.276388e-02	-7.736906e+01	0.000000e+00	74
3.700000e+04	0.000000e+00	4.460194e-05	1.657523e-04	5.529004e-02	6.672412e+00	3.259812e-02	-7.736906e+01	0.000000e+00	75
3.750000e+04	0.000000e+00	4.559760e-05	1.624617e-04	5.497316e-02	6.667316e+00	3.243566e-02	-7.736906e+01	0.000000e+00	76
3.800000e+04	0.000000e+00	4.418815e-05	1.592924e-04	5.466333e-02	6.662220e+00	3.227636e-02	-7.736906e+01	0.000000e+00	77
3.850000e+04	0.000000e+00	4.438193e-05	1.562382e-04	5.436028e-02	6.657123e+00	3.212012e-02	-7.736906e+01	0.000000e+00	78
3.900000e+04	0.000000e+00	4.510311e-05	1.532935e-04	5.406375e-02	6.652027e+00	3.196682e-02	-7.736906e+01	0.000000e+00	79
3.950000e+04	0.000000e+00	4.526890e-05	1.504529e-04	5.377350e-02	6.646932e+00	3.181637e-02	-7.736906e+01	0.000000e+00	80
4.000000e+04	0.000000e+00	4.585043e-05	1.477114e-04	5.348929e-02	6.641838e+00	3.166865e-02	-7.736906e+01	0.000000e+00	81
4.050000e+04	0.000000e+00	4.476486e-05	1.450642e-04	5.321090e-02	6.636746e+00	3.152359e-02	-7.736906e+01	0.000000e+00	82
4.100000e+04	0.000000e+00	4.490088e-05	1.425069e-04	5.293812e-02	6.631656e+00	3.138108e-02	-7.736906e+01	0.000000e+00	83
4.150000e+04	0.000000e+00	4.329995e-05	1.400352e-04	5.267074e-02	6.626568e+00	3.124104e-02	-7.736906e+01	0.000000e+00	84
4.200000e+04	0.000000e+00	4.364068e-05	1.376453e-04	5.240858e-02	6.621482e+00	3.110339e-02	-7.736906e+01	0.000000e+00	85
4.250000e+04	0.000000e+00	4.315986e-05	1.353334e-04	5.215144e-02	6.616400e+00	3.096806e-02	-7.736906e+01	0.000000e+00	86
4.300000e+04	0.000000e+00	4.515600e-05	1.330960e-04	5.189916e-02	6.611321e+00	3.083496e-02	-7.736906e+01	0.000000e+00	87
4.350000e+04	0.000000e+00	4.522403e-05	1.309297e-04	5.165157e-02	6.606245e+00	3.070402e-02	-7.736906e+01	0.000000e+00	88
4.400000e+04	0.000000e+00	4.430010e-05	1.288315e-04	5.140851e-02	6.601173e+00	3.057519e-02	-7.736906e+01	0.000000e+00	89
4.450000e+04	0.000000e+00	4.645000e-05	1.267983e-04	5.116983e-02	6.596105e+00	3.044839e-02	-7.736906e+01	0.000000e+00	90
4.500000e+04	0.000000e+00	4.533959e-05	1.248274e-04	5.093538e-02	6.591042e+00	3.032356e-02	-7.736906e+01	0.000000e+00	91
4.550000e+04	0.000000e+00	4.483000e-05	1.229162e-04	5.070503e-02	6.585983e+00	3.020064e-02	-7.736906e+01	0.000000e+00	92
4.600000e+04	0.000000e+00	4.425166e-05	1.210620e-04	5.047863e-02	6.580929e+00	3.007958e-02	-7.736906e+01	0.000000e+00	93
4.650000e+04	0.000000e+00	4.689441e-05	1.192626e-04	5.025607e-02	6.575879e+00	2.996031e-02	-7.736906e+01	0.000000e+00	94
4.700000e+04	0.000000e+00	4.648799e-05	1.175156e-04	5.003723e-02	6.570835e+00	2.984279e-02	-7.736906e+01	0.000000e+00	95
4.750000e+04	0.000000e+00	4.540483e-05	1.158190e-04	4.982198e-02	6.565797e+00	2.972697e-02	-7.736906e+01	0.000000e+00	96
4.800000e+04	0.000000e+00	4.406927e-05	1.141707e-04	4.961022e-02	6.560764e+00	2.961280e-02	-7.736906e+01	0.000000e+00	97
4.850000e+04	0.000000e+00	4.575363e-05	1.125688e-04	4.940184e-02	6.555737e+00	2.950023e-02	-7.736906e+01	0.000000e+00	98
4.900000e+04	0.000000e+00	4.458270e-05	1.110114e-04	4.919674e-02	6.550716e+00	2.938921e-02	-7.736906e+01	0.000000e+00	99
4.950000e+04	0.000000e+00	4.485887e-05	1.094968e-04	4.899482e-02	6.545701e+00	2.927972e-02	-7.736906e+01	0.000000e+00	100
5.000000e+04	0.000000e+00	4.508350e-05	1.080234e-04	4.879599e-02	6.540693e+00	2.917169e-02	-7.736906e+01	0.000000e+00	101
5.050000e+04	0.000000e+00	4.599416e-05	1.065896e-04	4.860015e-02	6.535691e+00	2.906510e-02	-7.736906e+01	0.000000e+00	102
5.100000e+04	0.000000e+00	4.451649e-05	1.051939e-04	4.840722e-02	6.530695e+00	2.895990e-02	-7.736906e+01	0.000000e+00	103
5.150000e+04	0.000000e+00	4.429628e-05	1.038348e-04	4.821711e-02	6.525707e+00	2.885606e-02	-7.736906e+01	0.000000e+00	104
5.200000e+04	0.000000e+00	4.446968e-05	1.025110e-04	4.802976e-02	6.520726e+00	2.875355e-02	-7.736906e+01	0.000000e+00	105
5.250000e+04	0.000000e+00	4.521435e-05	1.012212e-04	4.784507e-02	6.515752e+00	2.865233e-02	-7.736906e+01	0.000000e+00	106
5.300000e+04	0.000000e+00	4.555763e-05	9.996410e-05	4.766298e-02	6.510785e+00	2.855236e-02	-7.736906e+01	0.000000e+00	107
5.350000e+04	0.000000e+00	4.549699e-05	9.873863e-05	4.748341e-02	6.505825e+00	2.845362e-02	-7.736906e+01	0.000000e+00	108
5.400000e+04	0.000000e+00	4.615844e-05	9.754360e-05	4.730630e-02	6.500873e+00	2.835608e-02	-7.736906e+01	0.000000e+00	109
5.450000e+04	0.000000e+00	4.447585e-05	9.637794e-05	4.713158e-02	6.495929e+00	2.825970e-02	-7.736906e+01	0.000000e+00	110
5.500000e+04	0.000000e+00	4.715032e-05	9.524062e-05	4.695919e-02	6.490993e+00	2.816445e-02	-7.736906e+01	0.000000e+00	111
5.550000e+04	0.000000e+00	4.700186e-05	9.413066e-05	4.678906e-02	6.486064e+00	2.807032e-02	-7.736906e+01	0.000000e+00	112
5.600000e+04	0.000000e+00	4.585404e-05	9.304711e-05	4.662114e-02	6.481143e+00	2.797727e-02	-7.736906e+01	0.000000e+00	113
5.650000e+04	0.000000e+00	4.579862e-05	9.198908e-05	4.645538e-02	6.476231e+00	2.788528e-02	-7.736906e+01	0.000000e+00	114
5.700000e+04	0.000000e+00	4.608672e-05	9.095570e-05	4.629170e-02	6.471327e+00	2.779432e-02	-7.736906e+01	0.000000e+00	115
5.750000e+04	0.000000e+00	4.553576e-05	8.994615e-05	4.613008e-02	6.466431e+00	2.770438e-02	-7.736906e+01	0.000000e+00	116
5.800000e+04	0.000000e+00	4.575690e-05	8.895964e-05	4.597044e-02	6.461544e+00	2.761541e-02	-7.736906e+01	0.000000e+00	117
5.850000e+04	0.000000e+00	4.800540e-05	8.799540e-05	4.581275e-02	6.456665e+00	2.752742e-02	-7.736906e+01	0.000000e+00	118
5.900000e+04	0.000000e+00	4.728700e-05	8.705272e-05	4.565695e-02	6.451794e+00	2.744036e-02	-7.736906e+01	0.000000e+00	119
5.950000e+04	0.000000e+00	4.777692e-05	8.613090e-05	4.550300e-02	6.446933e+00	2.735423e-02	-7.736906e+01	0.000000e+00	120
6.000000e+04	0.000000e+00	4.691263e-05	8.522926e-05	4.535086e-02	6.442080e+00	2.726900e-02	-7.736906e+01	0.000000e+00	121
6.050000e+04	0.000000e+00	4.771922e-05	8.434718e-05	4.520049e-02	6.437236e+00	2.718465e-02	-7.736906e+01	0.000000e+00	122
6.100000e+04	0.000000e+00	4.670956e-05	8.348401e-05	4.505183e-02	6.432400e+00	2.710116e-02	-7.736906e+01	0.000000e+00	123
6.150000e+04	0.000000e+00	4.768664e-05	8.263920e-05	4.490486e-02	6.427574e+00	2.701852e-02	-7.736906e+01	0.000000e+00	124
6.200000e+04	0.000000e+00	4.700033e-05	8.181215e-05	4.475953e-02	6.422757e+00	2.693671e-02	-7.736906e+01	0.000000e+00	125
6.250000e+04	0.000000e+00	4.549052e-05	8.100232e-05	4.461581e-02	6.417949e+00	2.685571e-02	-7.736906e+01	0.000000e+00	126
6.300000e+04	0.000000e+00	4.774728e-05	8.020921e-05	4.447366e-02	6.413150e+00	2.677550e-02	-7.736906e+01	0.000000e+00	127
6.350000e+04	0.000000e+00	4.657878e-05	7.943227e-05	4.433304e-02	6.408361e+00	2.669606e-02	-7.736906e+01	0.000000e+00	128
6.400000e+04	0.000000e+00	4.782184e-05	7.867106e-05	4.419392e-02	6.403581e+00	2.661739e-02	-7.736906e+01	0.000000e+00	129
6.450000e+04	0.000000e+00	4.593876e-05	7.792508e-05	4.405628e-02	6.398810e+00	2.653946e-02	-7.736906e+01	0.000000e+00	130
6.500000e+04	0.000000e+00	4.412513e-05	7.719390e-05	4.392007e-02	6.394048e+00	2.646227e-02	-7.736906e+01	0.000000e+00	131
6.550000e+04	0.000000e+00	4.615505e-05	7.647708e-05	4.378526e-02	6.389296e+00	2.638579e-02	-7.736906e+01	0.000000e+00	132
6.600000e+04	0.000000e+00	4.655877e-05	7.577418e-05	4.365183e-02	6.384554e+00	2.631001e-02	-7.736906e+01	0.000000e+00	133
6.650000e+04	0.000000e+00	4.744265e-05	7.508484e-05	4.351975e-02	6.379821e+00	2.623493e-02	-7.736906e+01	0.000000e+00	134
6.700000e+04	0.000000e+00	4.751879e-05	7.440865e-05	4.338899e-02	6.375097e+00	2.616052e-02	-7.736906e+01	0.000000e+00	135
6.750000e+04	0.000000e+00	4.785039e-05	7.374523e-05	4.325951e-02	6.370384e+00	2.608677e-02	-7.736906e+01	0.000000e+00	136
6.800000e+04	0.000000e+00	4.756544e-05	7.309423e-05	4.313131e-02	6.365680e+00	2.601367e-02	-7.736906e+01	0.000000e+00	137
6.850000e+04	0.000000e+00	4.580681e-05	7.245530e-05	4.300434e-02	6.360986e+00	2.594122e-02	-7.736906e+01	0.000000e+00	138
6.900000e+04	0.000000e+00	4.809585e-05	7.182810e-05	4.287859e-02	6.356301e+00	2.586939e-02	-7.736906e+01	0.000000e+00	139
6.950000e+04	0.000000e+00	4.692847e-05	7.121231e-05	4.275403e-02	6.351627e+00	2.579817e-02	-7.736906e+01	0.000000e+00	140
7.000000e+04	0.000000e+00	4.632113e-05	7.060762e-05	4.263064e-02	6.346962e+00	2.572756e-02	-7.736906e+01	0.000000e+00	141
7.050000e+04	0.000000e+00	4.513953e-05	7.001373e-05	4.250839e-02	6.342307e+00	2.565755e-02	-7.736906e+01	0.000000e+00	142
7.100000e+04	0.000000e+00	4.783975e-05	6.943034e-05	4.238726e-02	6.337662e+00	2.558812e-02	-7.736906e+01	0.000000e+00	143
7.150000e+04	0.000000e+00	4.809393e-05	6.885718e-05	4.226724e-02	6.333027e+00	2.551926e-02	-7.736906e+01	0.000000e+00	144
7.200000e+04	0.000000e+00	4.799662e-05	6.829396e-05	4.214829e-02	6.328402e+00	2.545096e-02	-7.736906e+01	0.000000e+00	145
7.250000e+04	0.000000e+00	4.631712e-05	6.774044e-05	4.203040e-02	6.323787e+00	2.538322e-02	-7.736906e+01	0.000000e+00	146
7.300000e+04	0.000000e+00	4.812893e-05	6.719635e-05	4.191356e-02	6.319182e+00	2.531602e-02	-7.736906e+01	0.000000e+00	147
7.350000e+04	0.000000e+00	4.828962e-05	6.666145e-05	4.179774e-02	6.314587e+00	2.524936e-02	-7.736906e+01	0.000000e+00	148
7.400000e+04	0.000000e+00	4.772049e-05	6.613549e-05	4.168291e-02	6.310002e+00	2.518322e-02	-7.736906e+01	0.000000e+00	149
7.450000e+04	0.000000e+00	4.609143e-05	6.561827e-05	4.156908e-02	6.305427e+00	2.511760e-02	-7.736906e+01	0.000000e+00	150
7.500000e+04	0.000000e+00	4.604584e-05	6.510953e-05	4.145620e-02	6.300863e+00	2.505249e-02	-7.736906e+01	0.000000e+00	151
7.550000e+04	0.000000e+00	4.723191e-05	6.460909e-05	4.134428e-02	6.296308e+00	2.498788e-02	-7.736906e+01	0.000000e+00	152
7.600000e+04	0.000000e+00	4.717704e-05	6.411671e-05	4.123329e-02	6.291764e+00	2.492377e-02	-7.736906e+01	0.000000e+00	153
7.650000e+04	0.000000e+00	4.848770e-05	6.363220e-05	4.112322e-02	6.287230e+00	2.486013e-02	-7.736906e+01	0.000000e+00	154
7.700000e+04	0.000000e+00	4.578740e-05	6.315537e-05	4.101405e-02	6.282706e+00	2.479698e-02	-7.736906e+01	0.000000e+00	155
7.750000e+04	0.000000e+00	4.806871e-05	6.268603e-05	4.090576e-02	6.278192e+00	2.473429e-02	-7.736906e+01	0.000000e+00	156
7.800000e+04	0.000000e+00	4.717551e-05	6.222399e-05	4.079834e-02	6.273688e+00	2.467206e-02	-7.736906e+01	0.000000e+00	157
7.850000e+04	0.000000e+00	4.822892e-05	6.176908e-05	4.069178e-02	6.269195e+00	2.461029e-02	-7.736906e+01	0.000000e+00	158
7.900000e+04	0.000000e+00	4.550687e-05	6.132112e-05	4.058606e-02	6.264712e+00	2.454897e-02	-7.736906e+01	0.000000e+00	159
7.950000e+04	0.000000e+00	4.542749e-05	6.087994e-05	4.048116e-02	6.260239e+00	2.448809e-02	-7.736906e+01	0.000000e+00	160
8.000000e+04	0.000000e+00	4.652362e-05	6.044540e-05	4.037708e-02	6.255777e+00	2.442764e-02	-7.736906e+01	0.000000e+00	161
8.050000e+04	0.000000e+00	4.583771e-05	6.001731e-05	4.027380e-02	6.251324e+00	2.436762e-02	-7.736906e+01	0.000000e+00	162
8.100000e+04	0.000000e+00	4.571953e-05	5.959553e-05	4.017130e-02	6.246882e+00	2.430803e-02	-7.736906e+01	0.000000e+00	163
8.150000e+04	0.000000e+00	4.744919e-05	5.917993e-05	4.006958e-02	6.242451e+00	2.424885e-02	-7.736906e+01	0.000000e+00	164
8.200000e+04	0.000000e+00	4.593182e-05	5.877035e-05	3.996863e-02	6.238029e+00	2.419007e-02	-7.736906e+01	0.000000e+00	165
8.250000e+04	0.000000e+00	4.615188e-05	5.836665e-05	3.986842e-02	6.233618e+00	2.413171e-02	-7.736906e+01	0.000000e+00	166
8.300000e+04	0.000000e+00	4.837096e-05	5.796869e-05	3.976895e-02	6.229217e+00	2.407374e-02	-7.736906e+01	0.000000e+00	167
8.350000e+04	0.000000e+00	4.601798e-05	5.757636e-05	3.967021e-02	6.224827e+00	2.401616e-02	-7.736906e+01	0.000000e+00	168
8.400000e+04	0.000000e+00	4.785651e-05	5.718951e-05	3.957219e-02	6.220447e+00	2.395897e-02	-7.736906e+01	0.000000e+00	169
8.450000e+04	0.000000e+00	4.704894e-05	5.680803e-05	3.947487e-02	6.216077e+00	2.390216e-02	-7.736906e+01	0.000000e+00	170
8.500000e+04	0.000000e+00	4.892100e-05	5.643179e-05	3.937825e-02	6.211718e+00	2.384573e-02	-7.736906e+01	0.000000e+00	171
8.550000e+04	0.000000e+00	4.857872e-05	5.606069e-05	3.928231e-02	6.207369e+00	2.378966e-02	-7.736906e+01	0.000000e+00	172
8.600000e+04	0.000000e+00	4.856887e-05	5.569459e-05	3.918704e-02	6.203030e+00	2.373397e-02	-7.736906e+01	0.000000e+00	173
8.650000e+04	0.000000e+00	4.855566e-05	5.533339e-05	3.909244e-02	6.198702e+00	2.367863e-02	-7.736906e+01	0.000000e+00	174
8.700000e+04	0.000000e+00	4.583154e-05	5.497700e-05	3.899850e-02	6.194383e+00	2.362366e-02	-7.736906e+01	0.000000e+00	175
8.750000e+04	0.000000e+00	4.868130e-05	5.462530e-05	3.890520e-02	6.190076e+00	2.356903e-02	-7.736906e+01	0.000000e+00	176
8.800000e+04	0.000000e+00	4.849682e-05	5.427819e-05	3.881253e-02	6.185778e+00	2.351475e-02	-7.736906e+01	0.000000e+00	177
8.850000e+04	0.000000e+00	4.672178e-05	5.393556e-05	3.872050e-02	6.181491e+00	2.346081e-02	-7.736906e+01	0.000000e+00	178
8.900000e+04	0.000000e+00	4.641069e-05	5.359735e-05	3.862908e-02	6.177215e+00	2.340722e-02	-7.736906e+01	0.000000e+00	179
8.950000e+04	0.000000e+00	4.586949e-05	5.326343e-05	3.853827e-02	6.172948e+00	2.335395e-02	-7.736906e+01	0.000000e+00	180
9.000000e+04	0.000000e+00	4.856327e-05	5.293372e-05	3.844806e-02	6.168692e+00	2.330102e-02	-7.736906e+01	0.000000e+00	181
9.050000e+04	0.000000e+00	4.849533e-05	5.260814e-05	3.835845e-02	6.164446e+00	2.324841e-02	-7.736906e+01	0.000000e+00	182
9.100000e+04	0.000000e+00	4.818264e-05	5.228660e-05	3.826942e-02	6.160211e+00	2.319612e-02	-7.736906e+01	0.000000e+00	183
9.150000e+04	0.000000e+00	4.860453e-05	5.196901e-05	3.818097e-02	6.155986e+00	2.314415e-02	-7.736906e+01	0.000000e+00	184
9.200000e+04	0.000000e+00	4.867083e-05	5.165530e-05	3.809308e-02	6.151771e+00	2.309249e-02	-7.736906e+01	0.000000e+00	185
9.250000e+04	0.000000e+00	4.878506e-05	5.134538e-05	3.800576e-02	6.147566e+00	2.304115e-02	-7.736906e+01	0.000000e+00	186
9.300000e+04	0.000000e+00	4.683357e-05	5.103918e-05	3.791900e-02	6.143372e+00	2.299011e-02	-7.736906e+01	0.000000e+00	187
9.350000e+04	0.000000e+00	4.558594e-05	5.073662e-05	3.783278e-02	6.139188e+00	2.293937e-02	-7.736906e+01	0.000000e+00	188
9.400000e+04	0.000000e+00	4.837100e-05	5.043762e-05	3.774710e-02	6.135014e+00	2.288893e-02	-7.736906e+01	0.000000e+00	189
9.450000e+04	0.000000e+00	4.723856e-05	5.014214e-05	3.766196e-02	6.130851e+00	2.283879e-02	-7.736906e+01	0.000000e+00	190
9.500000e+04	0.000000e+00	4.861817e-05	4.985007e-05	3.757734e-02	6.126698e+00	2.278894e-02	-7.736906e+01	0.000000e+00	191
9.550000e+04	0.000000e+00	4.839839e-05	4.956137e-05	3.749324e-02	6.122555e+00	2.273937e-02	-7.736906e+01	0.000000e+00	192
9.600000e+04	0.000000e+00	4.723904e-05	4.927596e-05	3.740965e-02	6.118422e+00	2.269010e-02	-7.736906e+01	0.000000e+00	193
9.650000e+04	0.000000e+00	4.907655e-05	4.899378e-05	3.732658e-02	6.114300e+00	2.264110e-02	-7.736906e+01	0.000000e+00	194
9.700000e+04	0.000000e+00	4.891703e-05	4.871477e-05	3.724400e-02	6.110188e+00	2.259239e-02	-7.736906e+01	0.000000e+00	195
9.750000e+04	0.000000e+00	4.890543e-05	4.843888e-05	3.716192e-02	6.106086e+00	2.254395e-02	-7.736906e+01	0.000000e+00	196
9.800000e+04	0.000000e+00	4.711852e-05	4.816602e-05	3.708033e-02	6.101994e+00	2.249578e-02	-7.736906e+01	0.000000e+00	197
9.850000e+04	0.000000e+00	4.842500e-05	4.789616e-05	3.699921e-02	6.097913e+00	2.244788e-02	-7.736906e+01	0.000000e+00	198
9.900000e+04	0.000000e+00	4.620694e-05	4.762923e-05	3.691858e-02	6.093841e+00	2.240025e-02	-7.736906e+01	0.000000e+00	199
9.950000e+04	0.000000e+00	4.774078e-05	4.736518e-05	3.683842e-02	6.089780e+00	2.235289e-02	-7.736906e+01	0.000000e+00	200
1.000000e+05	0.000000e+00	4.872148e-05	4.710395e-05	3.675873e-02	6.085729e+00	2.230578e-02	-7.736906e+01	0.000000e+00	201
1.005000e+05	0.000000e+00	4.773200e-05	4.684549e-05	3.667949e-02	6.081689e+00	2.225893e-02	-7.736906e+01	0.000000e+00	202
1.010000e+05	0.000000e+00	4.670505e-05	4.658976e-05	3.660071e-02	6.077658e+00	2.221234e-02	-7.736906e+01	0.000000e+00	203
1.015000e+05	0.000000e+00	4.868266e-05	4.633670e-05	3.652238e-02	6.073637e+00	2.216601e-02	-7.736906e+01	0.000000e+00	204
1.020000e+05	0.000000e+00	4.889365e-05	4.608625e-05	3.644450e-02	6.069627e+00	2.211992e-02	-7.736906e+01	0.000000e+00	205
1.025000e+05	0.000000e+00	4.718944e-05	4.583839e-05	3.636706e-02	6.065627e+00	2.207408e-02	-7.736906e+01	0.000000e+00	206
1.030000e+05	0.000000e+00	4.921317e-05	4.559305e-05	3.629005e-02	6.061636e+00	2.202849e-02	-7.736906e+01	0.000000e+00	207
1.035000e+05	0.000000e+00	4.876670e-05	4.535020e-05	3.621347e-02	6.057656e+00	2.198313e-02	-7.736906e+01	0.000000e+00	208
1.040000e+05	0.000000e+00	4.890773e-05	4.510978e-05	3.613732e-02	6.053686e+00	2.193802e-02	-7.736906e+01	0.000000e+00	209
1.045000e+05	0.000000e+00	4.777028e-05	4.487176e-05	3.606159e-02	6.049726e+00	2.189315e-02	-7.736906e+01	0.000000e+00	210
1.050000e+05	0.000000e+00	4.882887e-05	4.463610e-05	3.598627e-02	6.045776e+00	2.184851e-02	-7.736906e+01	0.000000e+00	211
1.055000e+05	0.000000e+00	4.909100e-05	4.440274e-05	3.591137e-02	6.041836e+00	2.180411e-02	-7.736906e+01	0.000000e+00	212
1.060000e+05	0.000000e+00	4.920828e-05	4.417167e-05	3.583687e-02	6.037907e+00	2.175994e-02	-7.736906e+01	0.000000e+00	213
1.065000e+05	0.000000e+00	4.688794e-05	4.394282e-05	3.576278e-02	6.033987e+00	2.171599e-02	-7.736906e+01	0.000000e+00	214
1.070000e+05	0.000000e+00	4.911917e-05	4.371617e-05	3.568909e-02	6.030077e+00	2.167228e-02	-7.736906e+01	0.000000e+00	215
1.075000e+05	0.000000e+00	4.888498e-05	4.349168e-05	3.561579e-02	6.026177e+00	2.162878e-02	-7.736906e+01	0.000000e+00	216
1.080000e+05	0.000000e+00	4.760634e-05	4.326929e-05	3.554288e-02	6.022287e+00	2.158551e-02	-7.736906e+01	0.000000e+00	217
1.085000e+05	0.000000e+00	4.595547e-05	4.304902e-05	3.547036e-02	6.018407e+00	2.154246e-02	-7.736906e+01	0.000000e+00	218
1.090000e+05	0.000000e+00	4.599177e-05	4.283078e-05	3.539823e-02	6.014537e+00	2.149963e-02	-7.736906e+01	0.000000e+00	219
1.095000e+05	0.000000e+00	4.654126e-05	4.261455e-05	3.532647e-02	6.010677e+00	2.145702e-02	-7.736906e+01	0.000000e+00	220
1.100000e+05	0.000000e+00	4.854128e-05	4.240032e-05	3.525509e-02	6.006826e+00	2.141462e-02	-7.736906e+01	0.000000e+00	221
1.105000e+05	0.000000e+00	4.590133e-05	4.218803e-05	3.518408e-02	6.002986e+00	2.137243e-02	-7.736906e+01	0.000000e+00	222
1.110000e+05	0.000000e+00	4.960656e-05	4.197765e-05	3.511343e-02	5.999155e+00	2.133045e-02	-7.736906e+01	0.000000e+00	223
1.115000e+05	0.000000e+00	4.921367e-05	4.176917e-05	3.504315e-02	5.995335e+00	2.128868e-02	-7.736906e+01	0.000000e+00	224
1.120000e+05	0.000000e+00	4.908550e-05	4.156254e-05	3.497324e-02	5.991524e+00	2.124712e-02	-7.736906e+01	0.000000e+00	225
1.125000e+05	0.000000e+00	4.723626e-05	4.135774e-05	3.490368e-02	5.987723e+00	2.120576e-02	-7.736906e+01	0.000000e+00	226
1.130000e+05	0.000000e+00	4.790814e-05	4.115474e-05	3.483447e-02	5.983931e+00	2.116460e-02	-7.736906e+01	0.000000e+00	227
1.135000e+05	0.000000e+00	4.715471e-05	4.095351e-05	3.476561e-02	5.980150e+00	2.112365e-02	-7.736906e+01	0.000000e+00	228
1.140000e+05	0.000000e+00	4.829641e-05	4.075402e-05	3.469711e-02	5.976378e+00	2.108289e-02	-7.736906e+01	0.000000e+00	229
1.145000e+05	0.000000e+00	4.899949e-05	4.055625e-05	3.462894e-02	5.972616e+00	2.104234e-02	-7.736906e+01	0.000000e+00	230
1.150000e+05	0.000000e+00	4.793545e-05	4.036016e-05	3.456112e-02	5.968864e+00	2.100197e-02	-7.736906e+01	0.000000e+00	231
1.155000e+05	0.000000e+00	4.648492e-05	4.016573e-05	3.449363e-02	5.965121e+00	2.096181e-02	-7.736906e+01	0.000000e+00	232
1.160000e+05	0.000000e+00	4.863091e-05	3.997293e-05	3.442648e-02	5.961388e+00	2.092183e-02	-7.736906e+01	0.000000e+00	233
1.165000e+05	0.000000e+00	4.858957e-05	3.978177e-05	3.435966e-02	5.957665e+00	2.088205e-02	-7.736906e+01	0.000000e+00	234
1.170000e+05	0.000000e+00	4.816074e-05	3.959217e-05	3.429317e-02	5.953952e+00	2.084246e-02	-7.736906e+01	0.000000e+00	235
1.175000e+05	0.000000e+00	4.828940e-05	3.940414e-05	3.422701e-02	5.950248e+00	2.080305e-02	-7.736906e+01	0.000000e+00	236
1.180000e+05	0.000000e+00	4.777445e-05	3.921764e-05	3.416116e-02	5.946554e+00	2.076384e-02	-7.736906e+01	0.000000e+00	237
1.185000e+05	0.000000e+00	4.755273e-05	3.903268e-05	3.409564e-02	5.942869e+00	2.072480e-02	-7.736906e+01	0.000000e+00	238
1.190000e+05	0.000000e+00	4.741815e-05	3.884920e-05	3.403044e-02	5.939194e+00	2.068595e-02	-7.736906e+01	0.000000e+00	239
1.195000e+05	0.000000e+00	4.752324e-05	3.866718e-05	3.396555e-02	5.935529e+00	2.064728e-02	-7.736906e+01	0.000000e+00	240
1.200000e+05	0.000000e+00	4.654242e-05	3.848663e-05	3.390097e-02	5.931873e+00	2.060880e-05	-7.736906e+01	0.000000e+00	240
