0.000000e+00	0.000000e+00	0.000000e+00	-2.000000e+03	2.500000e-01	6.860000e+00	2.073800e-01	1.000000e+00	0.000000e+00	1
5.000000e+02	0.000000e+00	6.924419e+00	6.857426e-02	2.438868e-01	6.886260e+00	1.382625e-01	-7.711914e+01	0.000000e+00	2
1.000000e+03	0.000000e+00	0.000000e+00	1.324108e-02	2.269931e-01	6.895095e+00	1.250211e-01	-7.748755e+01	0.000000e+00	3
1.500000e+03	0.000000e+00	0.000000e+00	1.012480e-02	2.124600e-01	6.899927e+00	1.148961e-01	-7.771117e+01	0.000000e+00	4
2.000000e+03	0.000000e+00	0.000000e+00	8.700044e-03	2.001238e-01	6.902284e+00	1.061958e-01	-7.786230e+01	0.000000e+00	5
2.500000e+03	0.000000e+00	0.000000e+00	7.333651e-03	1.893333e-01	6.902963e+00	9.886201e-02	-7.797112e+01	0.000000e+00	6
3.000000e+03	0.000000e+00	0.000000e+00	6.102777e-03	1.796765e-01	6.902426e+00	9.275910e-02	-7.805334e+01	0.000000e+00	7
3.500000e+03	0.000000e+00	0.000000e+00	5.113075e-03	1.709374e-01	6.900958e+00	8.764591e-02	-7.811820e+01	0.000000e+00	8
4.000000e+03	0.000000e+00	0.000000e+00	4.358207e-03	1.629922e-01	6.898746e+00	8.328761e-02	-7.817124e+01	0.000000e+00	9
4.500000e+03	0.000000e+00	0.000000e+00	3.785064e-03	1.557524e-01	6.895913e+00	7.950246e-02	-7.821586e+01	0.000000e+00	10
5.000000e+03	0.000000e+00	0.000000e+00	3.340466e-03	1.491431e-01	6.892552e+00	7.616193e-02	-7.825418e+01	0.000000e+00	11
5.500000e+03	0.000000e+00	0.000000e+00	2.984889e-03	1.430970e-01	6.888731e+00	7.317698e-02	-7.828757e+01	0.000000e+00	12
6.000000e+03	0.000000e+00	2.367891e-06	2.691978e-03	1.375541e-01	6.884505e+00	7.048494e-02	-7.831695e+01	0.000000e+00	13
6.500000e+03	0.000000e+00	8.161601e-06	2.444755e-03	1.324604e-01	6.879919e+00	6.804013e-02	-7.834300e+01	0.000000e+00	14
7.000000e+03	0.000000e+00	1.311519e-05	2.232212e-03	1.277686e-01	6.875011e+00	6.580788e-02	-7.836620e+01	0.000000e+00	15
7.500000e+03	0.000000e+00	1.771271e-05	2.046994e-03	1.234367e-01	6.869814e+00	6.376084e-02	-7.838693e+01	0.000000e+00	16
8.000000e+03	0.000000e+00	2.196409e-05	1.883982e-03	1.194281e-01	6.864356e+00	6.187682e-02	-7.840552e+01	0.000000e+00	17
8.500000e+03	0.000000e+00	2.496926e-05	1.739449e-03	1.157104e-01	6.858664e+00	6.013733e-02	-7.842222e+01	0.000000e+00	18
9.000000e+03	0.000000e+00	2.820666e-05	1.610565e-03	1.122554e-01	6.852757e+00	5.852673e-02	-7.843724e+01	0.000000e+00	19
9.500000e+03	0.000000e+00	3.104257e-05	1.495110e-03	1.090381e-01	6.846657e+00	5.703159e-02	-7.845077e+01	0.000000e+00	20
1.000000e+04	0.000000e+00	3.506375e-05	1.391290e-03	1.060362e-01	6.840382e+00	5.564027e-02	-7.846296e+01	0.000000e+00	21
1.050000e+04	0.000000e+00	3.592980e-05	1.297625e-03	1.032303e-01	6.833946e+00	5.434262e-02	-7.847395e+01	0.000000e+00	22
1.100000e+04	0.000000e+00	3.936951e-05	1.212877e-03	1.006030e-01	6.827364e+00	5.312972e-02	-7.848386e+01	0.000000e+00	23
1.150000e+04	0.000000e+00	4.151995e-05	1.135994e-03	9.813864e-02	6.820649e+00	5.199370e-02	-7.849280e+01	0.000000e+00	24
1.200000e+04	0.000000e+00	4.083736e-05	1.066077e-03	9.582347e-02	6.813813e+00	5.092760e-02	-7.850085e+01	0.000000e+00	25
1.250000e+04	0.000000e+00	4.339094e-05	1.002351e-03	9.364506e-02	6.806866e+00	4.992523e-02	-7.850810e+01	0.000000e+00	26
1.300000e+04	0.000000e+00	4.634517e-05	9.441413e-04	9.159225e-02	6.799818e+00	4.898107e-02	-7.851462e+01	0.000000e+00	27
1.350000e+04	0.000000e+00	4.702080e-05	8.908635e-04	8.965501e-02	6.792677e+00	4.809019e-02	-7.852047e+01	0.000000e+00	28
1.400000e+04	0.000000e+00	4.727046e-05	8.420042e-04	8.782429e-02	6.785452e+00	4.724817e-02	-7.852571e+01	0.000000e+00	29
1.450000e+04	0.000000e+00	4.829528e-05	7.971133e-04	8.609191e-02	6.778150e+00	4.645104e-02	-7.853040e+01	0.000000e+00	30
1.500000e+04	0.000000e+00	4.803289e-05	7.557941e-04	8.445045e-02	6.770777e+00	4.569523e-02	-7.853457e+01	0.000000e+00	31
1.550000e+04	0.000000e+00	5.002612e-05	7.176961e-04	8.289318e-02	6.763340e+00	4.497752e-02	-7.853827e+01	0.000000e+00	32
1.600000e+04	0.000000e+00	4.961654e-05	6.825092e-04	8.141399e-02	6.755845e+00	4.429499e-02	-7.854154e+01	0.000000e+00	33
1.650000e+04	0.000000e+00	5.353477e-05	6.499578e-04	8.000730e-02	6.748296e+00	4.364502e-02	-7.854441e+01	0.000000e+00	34
1.700000e+04	0.000000e+00	5.260395e-05	6.197969e-04	7.866802e-02	6.740698e+00	4.302521e-02	-7.854691e+01	0.000000e+00	35
1.750000e+04	0.000000e+00	5.391418e-05	5.918080e-04	7.739150e-02	6.733057e+00	4.243339e-02	-7.854907e+01	0.000000e+00	36
1.800000e+04	0.000000e+00	5.397708e-05	5.657957e-04	7.617350e-02	6.725375e+00	4.186758e-02	-7.855091e+01	0.000000e+00	37
1.850000e+04	0.000000e+00	5.606942e-05	5.415853e-04	7.501010e-02	6.717658e+00	4.132599e-02	-7.855246e+01	0.000000e+00	38
1.900000e+04	0.000000e+00	5.475594e-05	5.190200e-04	7.389772e-02	6.709908e+00	4.080696e-02	-7.855373e+01	0.000000e+00	39
1.950000e+04	0.000000e+00	5.389872e-05	4.979591e-04	7.283308e-02	6.702128e+00	4.030899e-02	-7.855474e+01	0.000000e+00	40
2.000000e+04	0.000000e+00	5.558659e-05	4.782759e-04	7.181315e-02	6.694323e+00	3.983070e-02	-7.855552e+01	0.000000e+00	41
2.050000e+04	0.000000e+00	5.830714e-05	4.598560e-04	7.083511e-02	6.686494e+00	3.937084e-02	-7.855608e+01	0.000000e+00	42
2.100000e+04	0.000000e+00	5.911810e-05	4.425965e-04	6.989641e-02	6.678644e+00	3.892823e-02	-7.855643e+01	0.000000e+00	43
2.150000e+04	0.000000e+00	6.072471e-05	4.264039e-04	6.899466e-02	6.670777e+00	3.850182e-02	-7.855659e+01	0.000000e+00	44
2.200000e+04	0.000000e+00	5.739441e-05	4.111939e-04	6.812764e-02	6.662893e+00	3.809062e-02	-7.855660e+01	0.000000e+00	45
2.250000e+04	0.000000e+00	5.790732e-05	3.968900e-04	6.729333e-02	6.654996e+00	3.769372e-02	-7.855660e+01	0.000000e+00	46
2.300000e+04	0.000000e+00	5.649773e-05	3.834225e-04	6.648983e-02	6.647087e+00	3.731029e-02	-7.855660e+01	0.000000e+00	47
2.350000e+04	0.000000e+00	5.849266e-05	3.707282e-04	6.571538e-02	6.639169e+00	3.693955e-02	-7.855660e+01	0.000000e+00	48
2.400000e+04	0.000000e+00	5.715690e-05	3.587495e-04	6.496835e-02	6.631242e+00	3.658080e-02	-7.855660e+01	0.000000e+00	49
2.450000e+04	0.000000e+00	5.862969e-05	3.474340e-04	6.424723e-02	6.623310e+00	3.623335e-02	-7.855660e+01	0.000000e+00	50
2.500000e+04	0.000000e+00	5.933212e-05	3.367335e-04	6.355060e-02	6.615373e+00	3.589661e-02	-7.855660e+01	0.000000e+00	51
2.550000e+04	0.000000e+00	5.944503e-05	3.266044e-04	6.287714e-02	6.607433e+00	3.557000e-02	-7.855660e+01	0.000000e+00	52
2.600000e+04	0.000000e+00	6.197362e-05	3.170065e-04	6.222564e-02	6.599491e+00	3.525299e-02	-7.855660e+01	0.000000e+00	53
2.650000e+04	0.000000e+00	6.228751e-05	3.079031e-04	6.159494e-02	6.591548e+00	3.494508e-02	-7.855660e+01	0.000000e+00	54
2.700000e+04	0.000000e+00	5.867609e-05	2.992603e-04	6.098398e-02	6.583607e+00	3.464581e-02	-7.855660e+01	0.000000e+00	55
2.750000e+04	0.000000e+00	6.254120e-05	2.910473e-04	6.039175e-02	6.575667e+00	3.435476e-02	-7.855660e+01	0.000000e+00	56
2.800000e+04	0.000000e+00	5.926092e-05	2.832356e-04	5.981732e-02	6.567731e+00	3.407152e-02	-7.855660e+01	0.000000e+00	57
2.850000e+04	0.000000e+00	5.986058e-05	2.757988e-04	5.925981e-02	6.559799e+00	3.379571e-02	-7.855660e+01	0.000000e+00	58
2.900000e+04	0.000000e+00	6.324908e-05	2.687130e-04	5.871841e-02	6.551872e+00	3.352700e-02	-7.855660e+01	0.000000e+00	59
2.950000e+04	0.000000e+00	6.325121e-05	2.619557e-04	5.819233e-02	6.543951e+00	3.326504e-02	-7.855660e+01	0.000000e+00	60
3.000000e+04	0.000000e+00	6.143755e-05	2.555065e-04	5.768086e-02	6.536038e+00	3.300952e-02	-7.855660e+01	0.000000e+00	61
3.050000e+04	0.000000e+00	6.448946e-05	2.493462e-04	5.718332e-02	6.528132e+00	3.276017e-02	-7.855660e+01	0.000000e+00	62
3.100000e+04	0.000000e+00	6.390496e-05	2.434573e-04	5.669907e-02	6.520234e+00	3.251671e-02	-7.855660e+01	0.000000e+00	63
3.150000e+04	0.000000e+00	6.389739e-05	2.378235e-04	5.622751e-02	6.512347e+00	3.227888e-02	-7.855660e+01	0.000000e+00	64
3.200000e+04	0.000000e+00	6.315615e-05	2.324296e-04	5.576806e-02	6.504469e+00	3.204645e-02	-7.855660e+01	0.000000e+00	65
3.250000e+04	0.000000e+00	6.429240e-05	2.272616e-04	5.532021e-02	6.496602e+00	3.181918e-02	-7.855660e+01	0.000000e+00	66
3.300000e+04	0.000000e+00	6.413529e-05	2.223066e-04	5.488344e-02	6.488746e+00	3.159687e-02	-7.855660e+01	0.000000e+00	67
3.350000e+04	0.000000e+00	6.069493e-05	2.175523e-04	5.445728e-02	6.480903e+00	3.137931e-02	-7.855660e+01	0.000000e+00	68
3.400000e+04	0.000000e+00	6.205879e-05	2.129876e-04	5.404129e-02	6.473072e+00	3.116632e-02	-7.855660e+01	0.000000e+00	69
3.450000e+04	0.000000e+00	6.507565e-05	2.086019e-04	5.363504e-02	6.465254e+00	3.095772e-02	-7.855660e+01	0.000000e+00	70
3.500000e+04	0.000000e+00	6.560747e-05	2.043854e-04	5.323814e-02	6.457450e+00	3.075333e-02	-7.855660e+01	0.000000e+00	71
3.550000e+04	0.000000e+00	6.238733e-05	2.003290e-04	5.285019e-02	6.449661e+00	3.055299e-02	-7.855660e+01	0.000000e+00	72
3.600000e+04	0.000000e+00	6.213910e-05	1.964242e-04	5.247085e-02	6.441885e+00	3.035656e-02	-7.855660e+01	0.000000e+00	73
3.650000e+04	0.000000e+00	6.233369e-05	1.926631e-04	5.209979e-02	6.434125e+00	3.016390e-02	-7.855660e+01	0.000000e+00	74
3.700000e+04	0.000000e+00	6.284893e-05	1.890381e-04	5.173666e-02	6.426381e+00	2.997486e-02	-7.855660e+01	0.000000e+00	75
3.750000e+04	0.000000e+00	6.539267e-05	1.855423e-04	5.138118e-02	6.418652e+00	2.978931e-02	-7.855660e+01	0.000000e+00	76
3.800000e+04	0.000000e+00	6.264590e-05	1.821693e-04	5.103306e-02	6.410940e+00	2.960714e-02	-7.855660e+01	0.000000e+00	77
3.850000e+04	0.000000e+00	6.609488e-05	1.789128e-04	5.069201e-02	6.403244e+00	2.942822e-02	-7.855660e+01	0.000000e+00	78
3.900000e+04	0.000000e+00	6.522717e-05	1.757671e-04	5.035779e-02	6.395566e+00	2.925245e-02	-7.855660e+01	0.000000e+00	79
3.950000e+04	0.000000e+00	6.329312e-05	1.727268e-04	5.003013e-02	6.387905e+00	2.907972e-02	-7.855660e+01	0.000000e+00	80
4.000000e+04	0.000000e+00	6.372035e-05	1.697870e-04	4.970882e-02	6.380261e+00	2.890993e-02	-7.855660e+01	0.000000e+00	81
4.050000e+04	0.000000e+00	6.370648e-05	1.669427e-04	4.939361e-02	6.372636e+00	2.874298e-02	-7.855660e+01	0.000000e+00	82
4.100000e+04	0.000000e+00	6.280039e-05	1.641896e-04	4.908431e-02	6.365028e+00	2.857879e-02	-7.855660e+01	0.000000e+00	83
4.150000e+04	0.000000e+00	6.324870e-05	1.615234e-04	4.878071e-02	6.357439e+00	2.841726e-02	-7.855660e+01	0.000000e+00	84
4.200000e+04	0.000000e+00	6.302823e-05	1.589402e-04	4.848261e-02	6.349869e+00	2.825832e-02	-7.855660e+01	0.000000e+00	85
4.250000e+04	0.000000e+00	6.346081e-05	1.564362e-04	4.818983e-02	6.342318e+00	2.810188e-02	-7.855660e+01	0.000000e+00	86
4.300000e+04	0.000000e+00	6.470066e-05	1.540078e-04	4.790220e-02	6.334787e+00	2.794787e-02	-7.855660e+01	0.000000e+00	87
4.350000e+04	0.000000e+00	6.526933e-05	1.516518e-04	4.761954e-02	6.327274e+00	2.779622e-02	-7.855660e+01	0.000000e+00	88
4.400000e+04	0.000000e+00	6.269802e-05	1.493650e-04	4.734170e-02	6.319782e+00	2.764685e-02	-7.855660e+01	0.000000e+00	89
4.450000e+04	0.000000e+00	6.656315e-05	1.471445e-04	4.706853e-02	6.312309e+00	2.749970e-02	-7.855660e+01	0.000000e+00	90
4.500000e+04	0.000000e+00	6.601718e-05	1.449873e-04	4.679987e-02	6.304856e+00	2.735471e-02	-7.855660e+01	0.000000e+00	91
4.550000e+04	0.000000e+00	6.405418e-05	1.428909e-04	4.653559e-02	6.297424e+00	2.721182e-02	-7.855660e+01	0.000000e+00	92
4.600000e+04	0.000000e+00	6.472347e-05	1.408528e-04	4.627556e-02	6.290012e+00	2.707096e-02	-7.855660e+01	0.000000e+00	93
4.650000e+04	0.000000e+00	6.530649e-05	1.388704e-04	4.601964e-02	6.282620e+00	2.693209e-02	-7.855660e+01	0.000000e+00	94
4.700000e+04	0.000000e+00	6.459953e-05	1.369417e-04	4.576772e-02	6.275249e+00	2.679514e-02	-7.855660e+01	0.000000e+00	95
4.750000e+04	0.000000e+00	6.417581e-05	1.350644e-04	4.551968e-02	6.267899e+00	2.666008e-02	-7.855660e+01	0.000000e+00	96
4.800000e+04	0.000000e+00	6.404643e-05	1.332365e-04	4.527540e-02	6.260571e+00	2.652684e-02	-7.855660e+01	0.000000e+00	97
4.850000e+04	0.000000e+00	6.662111e-05	1.314560e-04	4.503478e-02	6.253263e+00	2.639538e-02	-7.855660e+01	0.000000e+00	98
4.900000e+04	0.000000e+00	6.643577e-05	1.297212e-04	4.479771e-02	6.245976e+00	2.626565e-02	-7.855660e+01	0.000000e+00	99
4.950000e+04	0.000000e+00	6.506957e-05	1.280302e-04	4.456409e-02	6.238711e+00	2.613762e-02	-7.855660e+01	0.000000e+00	100
5.000000e+04	0.000000e+00	6.709907e-05	1.263814e-04	4.433384e-02	6.231467e+00	2.601124e-02	-7.855660e+01	0.000000e+00	101
5.050000e+04	0.000000e+00	6.664661e-05	1.247733e-04	4.410685e-02	6.224245e+00	2.588646e-02	-7.855660e+01	0.000000e+00	102
5.100000e+04	0.000000e+00	6.531911e-05	1.232043e-04	4.388305e-02	6.217045e+00	2.576325e-02	-7.855660e+01	0.000000e+00	103
5.150000e+04	0.000000e+00	6.614186e-05	1.216730e-04	4.366233e-02	6.209866e+00	2.564158e-02	-7.855660e+01	0.000000e+00	104
5.200000e+04	0.000000e+00	6.698926e-05	1.201781e-04	4.344464e-02	6.202709e+00	2.552140e-02	-7.855660e+01	0.000000e+00	105
5.250000e+04	0.000000e+00	6.570799e-05	1.187181e-04	4.322988e-02	6.195574e+00	2.540268e-02	-7.855660e+01	0.000000e+00	106
5.300000e+04	0.000000e+00	6.469027e-05	1.172920e-04	4.301798e-02	6.188461e+00	2.528538e-02	-7.855660e+01	0.000000e+00	107
5.350000e+04	0.000000e+00	6.519885e-05	1.158984e-04	4.280887e-02	6.181370e+00	2.516948e-02	-7.855660e+01	0.000000e+00	108
5.400000e+04	0.000000e+00	6.811318e-05	1.145363e-04	4.260248e-02	6.174301e+00	2.505494e-02	-7.855660e+01	0.000000e+00	109
5.450000e+04	0.000000e+00	6.698439e-05	1.132046e-04	4.239874e-02	6.167254e+00	2.494174e-02	-7.855660e+01	0.000000e+00	110
5.500000e+04	0.000000e+00	6.356289e-05	1.119023e-04	4.219759e-02	6.160230e+00	2.482983e-02	-7.855660e+01	0.000000e+00	111
5.550000e+04	0.000000e+00	6.499620e-05	1.106283e-04	4.199896e-02	6.153227e+00	2.471920e-02	-7.855660e+01	0.000000e+00	112
5.600000e+04	0.000000e+00	6.770457e-05	1.093817e-04	4.180280e-02	6.146248e+00	2.460982e-02	-7.855660e+01	0.000000e+00	113
5.650000e+04	0.000000e+00	6.547372e-05	1.081616e-04	4.160904e-02	6.139290e+00	2.450165e-02	-7.855660e+01	0.000000e+00	114
5.700000e+04	0.000000e+00	6.731903e-05	1.069672e-04	4.141764e-02	6.132355e+00	2.439468e-02	-7.855660e+01	0.000000e+00	115
5.750000e+04	0.000000e+00	6.580988e-05	1.057976e-04	4.122853e-02	6.125442e+00	2.428889e-02	-7.855660e+01	0.000000e+00	116
5.800000e+04	0.000000e+00	6.702328e-05	1.046521e-04	4.104167e-02	6.118552e+00	2.418423e-02	-7.855660e+01	0.000000e+00	117
5.850000e+04	0.000000e+00	6.768699e-05	1.035298e-04	4.085700e-02	6.111685e+00	2.408070e-02	-7.855660e+01	0.000000e+00	118
5.900000e+04	0.000000e+00	6.801921e-05	1.024300e-04	4.067448e-02	6.104839e+00	2.397827e-02	-7.855660e+01	0.000000e+00	119
5.950000e+04	0.000000e+00	6.588388e-05	1.013521e-04	4.049405e-02	6.098017e+00	2.387691e-02	-7.855660e+01	0.000000e+00	120
6.000000e+04	0.000000e+00	6.753094e-05	1.002954e-04	4.031568e-02	6.091217e+00	2.377662e-02	-7.855660e+01	0.000000e+00	121
6.050000e+04	0.000000e+00	6.403040e-05	9.925916e-05	4.013931e-02	6.084439e+00	2.367735e-02	-7.855660e+01	0.000000e+00	122
6.100000e+04	0.000000e+00	6.481011e-05	9.824284e-05	3.996492e-02	6.077684e+00	2.357911e-02	-7.855660e+01	0.000000e+00	123
6.150000e+04	0.000000e+00	6.588335e-05	9.724583e-05	3.979244e-02	6.070952e+00	2.348186e-02	-7.855660e+01	0.000000e+00	124
6.200000e+04	0.000000e+00	6.598950e-05	9.626756e-05	3.962185e-02	6.064242e+00	2.338559e-02	-7.855660e+01	0.000000e+00	125
6.250000e+04	0.000000e+00	6.412160e-05	9.530747e-05	3.945311e-02	6.057555e+00	2.329028e-02	-7.855660e+01	0.000000e+00	126
6.300000e+04	0.000000e+00	6.407787e-05	9.436506e-05	3.928617e-02	6.050891e+00	2.319592e-02	-7.855660e+01	0.000000e+00	127
6.350000e+04	0.000000e+00	6.426345e-05	9.343979e-05	3.912101e-02	6.044249e+00	2.310247e-02	-7.855660e+01	0.000000e+00	128
6.400000e+04	0.000000e+00	6.531893e-05	9.253119e-05	3.895758e-02	6.037630e+00	2.300994e-02	-7.855660e+01	0.000000e+00	129
6.450000e+04	0.000000e+00	6.589522e-05	9.163879e-05	3.879586e-02	6.031033e+00	2.291830e-02	-7.855660e+01	0.000000e+00	130
6.500000e+04	0.000000e+00	6.427725e-05	9.076213e-05	3.863580e-02	6.024459e+00	2.282754e-02	-7.855660e+01	0.000000e+00	131
6.550000e+04	0.000000e+00	6.869177e-05	8.990077e-05	3.847738e-02	6.017908e+00	2.273763e-02	-7.855660e+01	0.000000e+00	132
6.600000e+04	0.000000e+00	6.760328e-05	8.905431e-05	3.832057e-02	6.011379e+00	2.264858e-02	-7.855660e+01	0.000000e+00	133
6.650000e+04	0.000000e+00	6.826957e-05	8.822232e-05	3.816534e-02	6.004873e+00	2.256035e-02	-7.855660e+01	0.000000e+00	134
6.700000e+04	0.000000e+00	6.806013e-05	8.740442e-05	3.801164e-02	5.998389e+00	2.247295e-02	-7.855660e+01	0.000000e+00	135
6.750000e+04	0.000000e+00	6.659980e-05	8.660024e-05	3.785947e-02	5.991928e+00	2.238635e-02	-7.855660e+01	0.000000e+00	136
6.800000e+04	0.000000e+00	6.472458e-05	8.580941e-05	3.770879e-02	5.985490e+00	2.230053e-02	-7.855660e+01	0.000000e+00	137
6.850000e+04	0.000000e+00	6.795242e-05	8.503158e-05	3.755957e-02	5.979074e+00	2.221550e-02	-7.855660e+01	0.000000e+00	138
6.900000e+04	0.000000e+00	6.553905e-05	8.426642e-05	3.741179e-02	5.972680e+00	2.213123e-02	-7.855660e+01	0.000000e+00	139
6.950000e+04	0.000000e+00	6.807061e-05	8.351359e-05	3.726541e-02	5.966309e+00	2.204772e-02	-7.855660e+01	0.000000e+00	140
7.000000e+04	0.000000e+00	6.847466e-05	8.277278e-05	3.712043e-02	5.959960e+00	2.196494e-02	-7.855660e+01	0.000000e+00	141
7.050000e+04	0.000000e+00	6.658645e-05	8.204368e-05	3.697681e-02	5.953634e+00	2.188290e-02	-7.855660e+01	0.000000e+00	142
7.100000e+04	0.000000e+00	6.839394e-05	8.132601e-05	3.683452e-02	5.947330e+00	2.180157e-02	-7.855660e+01	0.000000e+00	143
7.150000e+04	0.000000e+00	6.532714e-05	8.061948e-05	3.669355e-02	5.941049e+00	2.172095e-02	-7.855660e+01	0.000000e+00	144
7.200000e+04	0.000000e+00	6.849449e-05	7.992381e-05	3.655388e-02	5.934790e+00	2.164102e-02	-7.855660e+01	0.000000e+00	145
7.250000e+04	0.000000e+00	6.868498e-05	7.923873e-05	3.641547e-02	5.928553e+00	2.156178e-02	-7.855660e+01	0.000000e+00	146
7.300000e+04	0.000000e+00	6.525977e-05	7.856399e-05	3.627832e-02	5.922338e+00	2.148322e-02	-7.855660e+01	0.000000e+00	147
7.350000e+04	0.000000e+00	6.788524e-05	7.789935e-05	3.614240e-02	5.916146e+00	2.140532e-02	-7.855660e+01	0.000000e+00	148
7.400000e+04	0.000000e+00	6.581985e-05	7.724455e-05	3.600769e-02	5.909976e+00	2.132807e-02	-7.855660e+01	0.000000e+00	149
7.450000e+04	0.000000e+00	6.842558e-05	7.659937e-05	3.587417e-02	5.903828e+00	2.125147e-02	-7.855660e+01	0.000000e+00	150
7.500000e+04	0.000000e+00	6.513176e-05	7.596358e-05	3.574182e-02	5.897702e+00	2.117550e-02	-7.855660e+01	0.000000e+00	151
7.550000e+04	0.000000e+00	6.482577e-05	7.533696e-05	3.561063e-02	5.891598e+00	2.110017e-02	-7.855660e+01	0.000000e+00	152
7.600000e+04	0.000000e+00	6.688939e-05	7.471929e-05	3.548057e-02	5.885517e+00	2.102545e-02	-7.855660e+01	0.000000e+00	153
7.650000e+04	0.000000e+00	6.844291e-05	7.411039e-05	3.535163e-02	5.879457e+00	2.095133e-02	-7.855660e+01	0.000000e+00	154
7.700000e+04	0.000000e+00	6.863009e-05	7.351004e-05	3.522379e-02	5.873419e+00	2.087782e-02	-7.855660e+01	0.000000e+00	155
7.750000e+04	0.000000e+00	6.676830e-05	7.291805e-05	3.509703e-02	5.867404e+00	2.080490e-02	-7.855660e+01	0.000000e+00	156
7.800000e+04	0.000000e+00	6.875487e-05	7.233424e-05	3.497134e-02	5.861410e+00	2.073257e-02	-7.855660e+01	0.000000e+00	157
7.850000e+04	0.000000e+00	6.875909e-05	7.175842e-05	3.484671e-02	5.855438e+00	2.066081e-02	-7.855660e+01	0.000000e+00	158
7.900000e+04	0.000000e+00	6.597416e-05	7.119042e-05	3.472311e-02	5.849488e+00	2.058962e-02	-7.855660e+01	0.000000e+00	159
7.950000e+04	0.000000e+00	6.790961e-05	7.063007e-05	3.460053e-02	5.843559e+00	2.051898e-02	-7.855660e+01	0.000000e+00	160
8.000000e+04	0.000000e+00	6.723693e-05	7.007720e-05	3.447895e-02	5.837653e+00	2.044890e-02	-7.855660e+01	0.000000e+00	161
8.050000e+04	0.000000e+00	6.748647e-05	6.953166e-05	3.435837e-02	5.831768e+00	2.037937e-02	-7.855660e+01	0.000000e+00	162
8.100000e+04	0.000000e+00	6.875487e-05	6.899328e-05	3.423876e-02	5.825904e+00	2.031038e-02	-7.855660e+01	0.000000e+00	163
8.150000e+04	0.000000e+00	6.934023e-05	6.846191e-05	3.412012e-02	5.820063e+00	2.024191e-02	-7.855660e+01	0.000000e+00	164
8.200000e+04	0.000000e+00	6.891781e-05	6.793741e-05	3.400242e-02	5.814242e+00	2.017398e-02	-7.855660e+01	0.000000e+00	165
8.250000e+04	0.000000e+00	6.817065e-05	6.741964e-05	3.388567e-02	5.808444e+00	2.010655e-02	-7.855660e+01	0.000000e+00	166
8.300000e+04	0.000000e+00	6.834569e-05	6.690845e-05	3.376983e-02	5.802666e+00	2.003964e-02	-7.855660e+01	0.000000e+00	167
8.350000e+04	0.000000e+00	6.855860e-05	6.640371e-05	3.365491e-02	5.796910e+00	1.997324e-02	-7.855660e+01	0.000000e+00	168
8.400000e+04	0.000000e+00	6.683386e-05	6.590529e-05	3.354089e-02	5.791176e+00	1.990733e-02	-7.855660e+01	0.000000e+00	169
8.450000e+04	0.000000e+00	6.933787e-05	6.541306e-05	3.342775e-02	5.785463e+00	1.984192e-02	-7.855660e+01	0.000000e+00	170
8.500000e+04	0.000000e+00	6.862611e-05	6.492690e-05	3.331549e-02	5.779771e+00	1.977699e-02	-7.855660e+01	0.000000e+00	171
8.550000e+04	0.000000e+00	6.913489e-05	6.444669e-05	3.320409e-02	5.774100e+00	1.971254e-02	-7.855660e+01	0.000000e+00	172
8.600000e+04	0.000000e+00	6.714641e-05	6.397230e-05	3.309354e-02	5.768450e+00	1.964857e-02	-7.855660e+01	0.000000e+00	173
8.650000e+04	0.000000e+00	6.924804e-05	6.350363e-05	3.298383e-02	5.762822e+00	1.958506e-02	-7.855660e+01	0.000000e+00	174
8.700000e+04	0.000000e+00	6.822136e-05	6.304057e-05	3.287495e-02	5.757214e+00	1.952202e-02	-7.855660e+01	0.000000e+00	175
8.750000e+04	0.000000e+00	6.920961e-05	6.258301e-05	3.276689e-02	5.751627e+00	1.945944e-02	-7.855660e+01	0.000000e+00	176
8.800000e+04	0.000000e+00	6.570125e-05	6.213083e-05	3.265964e-02	5.746062e+00	1.939731e-02	-7.855660e+01	0.000000e+00	177
8.850000e+04	0.000000e+00	6.824224e-05	6.168394e-05	3.255318e-02	5.740517e+00	1.933562e-02	-7.855660e+01	0.000000e+00	178
8.900000e+04	0.000000e+00	6.797442e-05	6.124225e-05	3.244752e-02	5.734993e+00	1.927438e-02	-7.855660e+01	0.000000e+00	179
8.950000e+04	0.000000e+00	6.665352e-05	6.080564e-05	3.234263e-02	5.729490e+00	1.921357e-02	-7.855660e+01	0.000000e+00	180
9.000000e+04	0.000000e+00	6.893159e-05	6.037404e-05	3.223851e-02	5.724007e+00	1.915319e-02	-7.855660e+01	0.000000e+00	181
9.050000e+04	0.000000e+00	6.893858e-05	5.994734e-05	3.213515e-02	5.718545e+00	1.909325e-02	-7.855660e+01	0.000000e+00	182
9.100000e+04	0.000000e+00	6.884011e-05	5.952545e-05	3.203254e-02	5.713104e+00	1.903372e-02	-7.855660e+01	0.000000e+00	183
9.150000e+04	0.000000e+00	6.801152e-05	5.910829e-05	3.193067e-02	5.707684e+00	1.897461e-02	-7.855660e+01	0.000000e+00	184
9.200000e+04	0.000000e+00	6.811758e-05	5.869578e-05	3.182954e-02	5.702283e+00	1.891591e-02	-7.855660e+01	0.000000e+00	185
9.250000e+04	0.000000e+00	6.975153e-05	5.828783e-05	3.172912e-02	5.696904e+00	1.885762e-02	-7.855660e+01	0.000000e+00	186
9.300000e+04	0.000000e+00	6.829992e-05	5.788435e-05	3.162942e-02	5.691544e+00	1.879974e-02	-7.855660e+01	0.000000e+00	187
9.350000e+04	0.000000e+00	6.838402e-05	5.748527e-05	3.153043e-02	5.686205e+00	1.874225e-02	-7.855660e+01	0.000000e+00	188
9.400000e+04	0.000000e+00	6.952985e-05	5.709052e-05	3.143214e-02	5.680886e+00	1.868516e-02	-7.855660e+01	0.000000e+00	189
9.450000e+04	0.000000e+00	6.869308e-05	5.670001e-05	3.133453e-02	5.675588e+00	1.862846e-02	-7.855660e+01	0.000000e+00	190
9.500000e+04	0.000000e+00	6.753635e-05	5.631368e-05	3.123761e-02	5.670309e+00	1.857214e-02	-7.855660e+01	0.000000e+00	191
9.550000e+04	0.000000e+00	6.613011e-05	5.593145e-05	3.114136e-02	5.665051e+00	1.851621e-02	-7.855660e+01	0.000000e+00	192
9.600000e+04	0.000000e+00	6.770422e-05	5.555325e-05	3.104578e-02	5.659812e+00	1.846066e-02	-7.855660e+01	0.000000e+00	193
9.650000e+04	0.000000e+00	6.964378e-05	5.517902e-05	3.095086e-02	5.654594e+00	1.840548e-02	-7.855660e+01	0.000000e+00	194
9.700000e+04	0.000000e+00	6.782700e-05	5.480868e-05	3.085659e-02	5.649396e+00	1.835067e-02	-7.855660e+01	0.000000e+00	195
9.750000e+04	0.000000e+00	6.991563e-05	5.444218e-05	3.076297e-02	5.644217e+00	1.829622e-02	-7.855660e+01	0.000000e+00	196
9.800000e+04	0.000000e+00	6.929423e-05	5.407945e-05	3.066998e-02	5.639058e+00	1.824214e-02	-7.855660e+01	0.000000e+00	197
9.850000e+04	0.000000e+00	6.656036e-05	5.372042e-05	3.057762e-02	5.633919e+00	1.818842e-02	-7.855660e+01	0.000000e+00	198
9.900000e+04	0.000000e+00	6.899831e-05	5.336504e-05	3.048589e-02	5.628799e+00	1.813506e-02	-7.855660e+01	0.000000e+00	199
9.950000e+04	0.000000e+00	6.911662e-05	5.301324e-05	3.039477e-02	5.623700e+00	1.808204e-02	-7.855660e+01	0.000000e+00	200
1.000000e+05	0.000000e+00	6.904858e-05	5.266498e-05	3.030426e-02	5.618619e+00	1.802938e-02	-7.855660e+01	0.000000e+00	201
1.005000e+05	0.000000e+00	6.946590e-05	5.232019e-05	3.021436e-02	5.613559e+00	1.797705e-02	-7.855660e+01	0.000000e+00	202
1.010000e+05	0.000000e+00	6.624956e-05	5.197881e-05	3.012506e-02	5.608517e+00	1.792507e-02	-7.855660e+01	0.000000e+00	203
1.015000e+05	0.000000e+00	6.730827e-05	5.164080e-05	3.003634e-02	5.603495e+00	1.787343e-02	-7.855660e+01	0.000000e+00	204
1.020000e+05	0.000000e+00	6.875049e-05	5.130610e-05	2.994822e-02	5.598493e+00	1.782213e-02	-7.855660e+01	0.000000e+00	205
1.025000e+05	0.000000e+00	6.807366e-05	5.097467e-05	2.986067e-02	5.593509e+00	1.777115e-02	-7.855660e+01	0.000000e+00	206
1.030000e+05	0.000000e+00	6.801832e-05	5.064643e-05	2.977369e-02	5.588545e+00	1.772050e-02	-7.855660e+01	0.000000e+00	207
1.035000e+05	0.000000e+00	6.897201e-05	5.032136e-05	2.968728e-02	5.583600e+00	1.767018e-02	-7.855660e+01	0.000000e+00	208
1.040000e+05	0.000000e+00	6.888496e-05	4.999941e-05	2.960143e-02	5.578674e+00	1.762018e-02	-7.855660e+01	0.000000e+00	209
1.045000e+05	0.000000e+00	6.907447e-05	4.968051e-05	2.951614e-02	5.573767e+00	1.757050e-02	-7.855660e+01	0.000000e+00	210
1.050000e+05	0.000000e+00	6.828028e-05	4.936463e-05	2.943140e-02	5.568879e+00	1.752113e-02	-7.855660e+01	0.000000e+00	211
1.055000e+05	0.000000e+00	6.735787e-05	4.905173e-05	2.934720e-02	5.564010e+00	1.747208e-02	-7.855660e+01	0.000000e+00	212
1.060000e+05	0.000000e+00	6.827607e-05	4.874175e-05	2.926354e-02	5.559160e+00	1.742334e-02	-7.855660e+01	0.000000e+00	213
1.065000e+05	0.000000e+00	6.868430e-05	4.843466e-05	2.918041e-02	5.554328e+00	1.737490e-02	-7.855660e+01	0.000000e+00	214
1.070000e+05	0.000000e+00	6.973216e-05	4.813042e-05	2.909782e-02	5.549516e+00	1.732677e-02	-7.855660e+01	0.000000e+00	215
1.075000e+05	0.000000e+00	6.990134e-05	4.782897e-05	2.901575e-02	5.544722e+00	1.727894e-02	-7.855660e+01	0.000000e+00	216
1.080000e+05	0.000000e+00	6.663953e-05	4.753029e-05	2.893419e-02	5.539946e+00	1.723141e-02	-7.855660e+01	0.000000e+00	217
1.085000e+05	0.000000e+00	6.631737e-05	4.723433e-05	2.885315e-02	5.535189e+00	1.718417e-02	-7.855660e+01	0.000000e+00	218
1.090000e+05	0.000000e+00	6.662476e-05	4.694105e-05	2.877262e-02	5.530451e+00	1.713723e-02	-7.855660e+01	0.000000e+00	219
1.095000e+05	0.000000e+00	7.012593e-05	4.665041e-05	2.869259e-02	5.525731e+00	1.709058e-02	-7.855660e+01	0.000000e+00	220
1.100000e+05	0.000000e+00	6.819223e-05	4.636238e-05	2.861306e-02	5.521029e+00	1.704422e-02	-7.855660e+01	0.000000e+00	221
1.105000e+05	0.000000e+00	6.956091e-05	4.607692e-05	2.853402e-02	5.516345e+00	1.699814e-02	-7.855660e+01	0.000000e+00	222
1.110000e+05	0.000000e+00	6.712821e-05	4.579400e-05	2.845547e-02	5.511680e+00	1.695234e-02	-7.855660e+01	0.000000e+00	223
1.115000e+05	0.000000e+00	6.642574e-05	4.551357e-05	2.837741e-02	5.507033e+00	1.690683e-02	-7.855660e+01	0.000000e+00	224
1.120000e+05	0.000000e+00	7.046394e-05	4.523561e-05	2.829983e-02	5.502404e+00	1.686159e-02	-7.855660e+01	0.000000e+00	225
1.125000e+05	0.000000e+00	6.758882e-05	4.496008e-05	2.822272e-02	5.497793e+00	1.681663e-02	-7.855660e+01	0.000000e+00	226
1.130000e+05	0.000000e+00	6.647342e-05	4.468695e-05	2.814609e-02	5.493200e+00	1.677194e-02	-7.855660e+01	0.000000e+00	227
1.135000e+05	0.000000e+00	6.979882e-05	4.441619e-05	2.806992e-02	5.488625e+00	1.672753e-02	-7.855660e+01	0.000000e+00	228
1.140000e+05	0.000000e+00	6.680336e-05	4.414775e-05	2.799422e-02	5.484068e+00	1.668338e-02	-7.855660e+01	0.000000e+00	229
1.145000e+05	0.000000e+00	7.035323e-05	4.388162e-05	2.791897e-02	5.479529e+00	1.663950e-02	-7.855660e+01	0.000000e+00	230
1.150000e+05	0.000000e+00	7.038742e-05	4.361777e-05	2.784418e-02	5.475007e+00	1.659588e-02	-7.855660e+01	0.000000e+00	231
1.155000e+05	0.000000e+00	6.718591e-05	4.335615e-05	2.776984e-02	5.470504e+00	1.655252e-02	-7.855660e+01	0.000000e+00	232
1.160000e+05	0.000000e+00	7.029770e-05	4.309675e-05	2.769595e-02	5.466017e+00	1.650942e-02	-7.855660e+01	0.000000e+00	233
1.165000e+05	0.000000e+00	6.765407e-05	4.283953e-05	2.762250e-02	5.461549e+00	1.646658e-02	-7.855660e+01	0.000000e+00	234
1.170000e+05	0.000000e+00	6.867978e-05	4.258447e-05	2.754949e-02	5.457097e+00	1.642400e-02	-7.855660e+01	0.000000e+00	235
1.175000e+05	0.000000e+00	6.789531e-05	4.233153e-05	2.747691e-02	5.452664e+00	1.638166e-02	-7.855660e+01	0.000000e+00	236
1.180000e+05	0.000000e+00	7.073545e-05	4.208070e-05	2.740477e-02	5.448247e+00	1.633958e-02	-7.855660e+01	0.000000e+00	237
1.185000e+05	0.000000e+00	6.969988e-05	4.183194e-05	2.733305e-02	5.443848e+00	1.629775e-02	-7.855660e+01	0.000000e+00	238
1.190000e+05	0.000000e+00	6.828646e-05	4.158522e-05	2.726176e-02	5.439467e+00	1.625616e-02	-7.855660e+01	0.000000e+00	239
1.195000e+05	0.000000e+00	7.003281e-05	4.134053e-05	2.719088e-02	5.435102e+00	1.621482e-02	-7.855660e+01	0.000000e+00	240
1.200000e+05	0.000000e+00	7.098290e-05	4.109783e-05	2.712043e-02	5.430755e+00	1.617372e-05	-7.855660e+01	0.000000e+00	240
