0.000000e+00	0.000000e+00	0.000000e+00	-2.000000e+03	2.500000e-01	6.860000e+00	2.073800e-01	1.000000e+00	0.000000e+00	1
5.000000e+02	0.000000e+00	1.224714e+01	6.621579e-02	2.449037e-01	6.882152e+00	1.406205e-01	-7.326259e+01	0.000000e+00	2
1.000000e+03	0.000000e+00	0.000000e+00	1.303252e-02	2.285181e-01	6.888474e+00	1.275876e-01	-7.326259e+01	0.000000e+00	3
1.500000e+03	0.000000e+00	0.000000e+00	9.923236e-03	2.143310e-01	6.890910e+00	1.176642e-01	-7.326259e+01	0.000000e+00	4
2.000000e+03	0.000000e+00	0.000000e+00	8.564603e-03	2.022784e-01	6.890919e+00	1.090994e-01	-7.326259e+01	0.000000e+00	5
2.500000e+03	0.000000e+00	0.000000e+00	7.265918e-03	1.917483e-01	6.889277e+00	1.018333e-01	-7.326259e+01	0.000000e+00	6
3.000000e+03	0.000000e+00	0.000000e+00	6.075465e-03	1.823325e-01	6.886443e+00	9.575770e-02	-7.326259e+01	0.000000e+00	7
3.500000e+03	0.000000e+00	0.000000e+00	5.099856e-03	1.738092e-01	6.882705e+00	9.065773e-02	-7.326259e+01	0.000000e+00	8
4.000000e+03	0.000000e+00	0.000000e+00	4.346037e-03	1.660522e-01	6.878247e+00	8.631160e-02	-7.330150e+01	0.000000e+00	9
4.500000e+03	0.000000e+00	0.000000e+00	3.770522e-03	1.589740e-01	6.873197e+00	8.254100e-02	-7.338386e+01	0.000000e+00	10
5.000000e+03	0.000000e+00	0.000000e+00	3.324268e-03	1.525028e-01	6.867647e+00	7.921666e-02	-7.345370e+01	0.000000e+00	11
5.500000e+03	0.000000e+00	0.000000e+00	2.968720e-03	1.465750e-01	6.861663e+00	7.624788e-02	-7.351387e+01	0.000000e+00	12
6.000000e+03	0.000000e+00	0.000000e+00	2.677267e-03	1.411336e-01	6.855301e+00	7.357055e-02	-7.356629e+01	0.000000e+00	13
6.500000e+03	0.000000e+00	0.000000e+00	2.432396e-03	1.361274e-01	6.848603e+00	7.113811e-02	-7.361232e+01	0.000000e+00	14
7.000000e+03	0.000000e+00	0.000000e+00	2.222635e-03	1.315111e-01	6.841607e+00	6.891542e-02	-7.365295e+01	0.000000e+00	15
7.500000e+03	0.000000e+00	0.000000e+00	2.040316e-03	1.272447e-01	6.834344e+00	6.687506e-02	-7.368894e+01	0.000000e+00	16
8.000000e+03	0.000000e+00	0.000000e+00	1.880125e-03	1.232928e-01	6.826843e+00	6.499490e-02	-7.372091e+01	0.000000e+00	17
8.500000e+03	0.000000e+00	0.000000e+00	1.738232e-03	1.196244e-01	6.819125e+00	6.325663e-02	-7.374934e+01	0.000000e+00	18
9.000000e+03	0.000000e+00	0.000000e+00	1.611760e-03	1.162121e-01	6.811214e+00	6.164484e-02	-7.377466e+01	0.000000e+00	19
9.500000e+03	0.000000e+00	0.000000e+00	1.498475e-03	1.130316e-01	6.803127e+00	6.014633e-02	-7.379720e+01	0.000000e+00	20
1.000000e+04	0.000000e+00	0.000000e+00	1.396587e-03	1.100615e-01	6.794882e+00	5.874972e-02	-7.381727e+01	0.000000e+00	21
1.050000e+04	0.000000e+00	0.000000e+00	1.304631e-03	1.072829e-01	6.786493e+00	5.744506e-02	-7.383512e+01	0.000000e+00	22
1.100000e+04	0.000000e+00	0.000000e+00	1.221388e-03	1.046788e-01	6.777975e+00	5.622364e-02	-7.385097e+01	0.000000e+00	23
1.150000e+04	0.000000e+00	0.000000e+00	1.145826e-03	1.022341e-01	6.769339e+00	5.507779e-02	-7.386503e+01	0.000000e+00	24
1.200000e+04	0.000000e+00	0.000000e+00	1.077066e-03	9.993533e-02	6.760597e+00	5.400071e-02	-7.387746e+01	0.000000e+00	25
1.250000e+04	0.000000e+00	0.000000e+00	1.014350e-03	9.777041e-02	6.751759e+00	5.298633e-02	-7.388842e+01	0.000000e+00	26
1.300000e+04	0.000000e+00	0.000000e+00	9.570233e-04	9.572847e-02	6.742834e+00	5.202929e-02	-7.389803e+01	0.000000e+00	27
1.350000e+04	0.000000e+00	0.000000e+00	9.045141e-04	9.379969e-02	6.733830e+00	5.112476e-02	-7.390642e+01	0.000000e+00	28
1.400000e+04	0.000000e+00	0.000000e+00	8.563237e-04	9.197526e-02	6.724755e+00	5.026842e-02	-7.391369e+01	0.000000e+00	29
1.450000e+04	0.000000e+00	0.000000e+00	8.120136e-04	9.024716e-02	6.715616e+00	4.945639e-02	-7.391994e+01	0.000000e+00	30
1.500000e+04	0.000000e+00	0.000000e+00	7.711979e-04	8.860816e-02	6.706420e+00	4.868517e-02	-7.392525e+01	0.000000e+00	31
1.550000e+04	0.000000e+00	0.000000e+00	7.335354e-04	8.705168e-02	6.697172e+00	4.795162e-02	-7.392970e+01	0.000000e+00	32
1.600000e+04	0.000000e+00	0.000000e+00	6.987240e-04	8.557173e-02	6.687878e+00	4.725288e-02	-7.393335e+01	0.000000e+00	33
1.650000e+04	0.000000e+00	0.000000e+00	6.664955e-04	8.416285e-02	6.678543e+00	4.658638e-02	-7.393628e+01	0.000000e+00	34
1.700000e+04	0.000000e+00	0.000000e+00	6.366109e-04	8.282008e-02	6.669171e+00	4.594975e-02	-7.393853e+01	0.000000e+00	35
1.750000e+04	0.000000e+00	0.000000e+00	6.088573e-04	8.153885e-02	6.659767e+00	4.534088e-02	-7.394016e+01	0.000000e+00	36
1.800000e+04	0.000000e+00	0.000000e+00	5.830442e-04	8.031500e-02	6.650334e+00	4.475783e-02	-7.394122e+01	0.000000e+00	37
1.850000e+04	0.000000e+00	0.000000e+00	5.590010e-04	7.914471e-02	6.640877e+00	4.419881e-02	-7.394173e+01	0.000000e+00	38
1.900000e+04	0.000000e+00	4.365194e-07	5.365748e-04	7.802448e-02	6.631398e+00	4.366223e-02	-7.394180e+01	0.000000e+00	39
1.950000e+04	0.000000e+00	1.325866e-06	5.156279e-04	7.695107e-02	6.621901e+00	4.314659e-02	-7.394180e+01	0.000000e+00	40
2.000000e+04	0.000000e+00	2.155778e-06	4.960366e-04	7.592152e-02	6.612390e+00	4.265054e-02	-7.394180e+01	0.000000e+00	41
2.050000e+04	0.000000e+00	2.927229e-06	4.776890e-04	7.493308e-02	6.602865e+00	4.217284e-02	-7.394180e+01	0.000000e+00	42
2.100000e+04	0.000000e+00	3.648267e-06	4.604844e-04	7.398325e-02	6.593331e+00	4.171235e-02	-7.394180e+01	0.000000e+00	43
2.150000e+04	0.000000e+00	4.322619e-06	4.443314e-04	7.306967e-02	6.583789e+00	4.126801e-02	-7.394180e+01	0.000000e+00	44
2.200000e+04	0.000000e+00	4.952546e-06	4.291473e-04	7.219019e-02	6.574242e+00	4.083885e-02	-7.394180e+01	0.000000e+00	45
2.250000e+04	0.000000e+00	5.541973e-06	4.148570e-04	7.134282e-02	6.564692e+00	4.042399e-02	-7.394180e+01	0.000000e+00	46
2.300000e+04	0.000000e+00	6.095975e-06	4.013924e-04	7.052569e-02	6.555140e+00	4.002259e-02	-7.394180e+01	0.000000e+00	47
2.350000e+04	0.000000e+00	6.613640e-06	3.886914e-04	6.973709e-02	6.545589e+00	3.963389e-02	-7.394180e+01	0.000000e+00	48
2.400000e+04	0.000000e+00	7.099541e-06	3.766974e-04	6.897542e-02	6.536040e+00	3.925718e-02	-7.394180e+01	0.000000e+00	49
2.450000e+04	0.000000e+00	7.558162e-06	3.653589e-04	6.823920e-02	6.526495e+00	3.889182e-02	-7.394180e+01	0.000000e+00	50
2.500000e+04	0.000000e+00	7.987689e-06	3.546287e-04	6.752703e-02	6.516955e+00	3.853718e-02	-7.394180e+01	0.000000e+00	51
2.550000e+04	0.000000e+00	8.389835e-06	3.444637e-04	6.683764e-02	6.507422e+00	3.819271e-02	-7.394180e+01	0.000000e+00	52
2.600000e+04	0.000000e+00	8.771298e-06	3.348245e-04	6.616983e-02	6.497897e+00	3.785788e-02	-7.394180e+01	0.000000e+00	53
2.650000e+04	0.000000e+00	9.128164e-06	3.256749e-04	6.552247e-02	6.488382e+00	3.753220e-02	-7.394180e+01	0.000000e+00	54
2.700000e+04	0.000000e+00	9.468181e-06	3.169817e-04	6.489451e-02	6.478876e+00	3.721521e-02	-7.394180e+01	0.000000e+00	55
2.750000e+04	0.000000e+00	9.783790e-06	3.087144e-04	6.428498e-02	6.469383e+00	3.690649e-02	-7.394180e+01	0.000000e+00	56
2.800000e+04	0.000000e+00	1.008654e-05	3.008448e-04	6.369296e-02	6.459902e+00	3.660564e-02	-7.394180e+01	0.000000e+00	57
2.850000e+04	0.000000e+00	1.036852e-05	2.933472e-04	6.311760e-02	6.450434e+00	3.631228e-02	-7.394180e+01	0.000000e+00	58
2.900000e+04	0.000000e+00	1.063562e-05	2.861976e-04	6.255809e-02	6.440981e+00	3.602608e-02	-7.394180e+01	0.000000e+00	59
2.950000e+04	0.000000e+00	1.088973e-05	2.793742e-04	6.201367e-02	6.431543e+00	3.574670e-02	-7.394180e+01	0.000000e+00	60
3.000000e+04	0.000000e+00	1.112862e-05	2.728565e-04	6.148365e-02	6.422122e+00	3.547384e-02	-7.394180e+01	0.000000e+00	61
3.050000e+04	0.000000e+00	1.135518e-05	2.666258e-04	6.096735e-02	6.412718e+00	3.520721e-02	-7.394180e+01	0.000000e+00	62
3.100000e+04	0.000000e+00	1.157087e-05	2.606647e-04	6.046415e-02	6.403331e+00	3.494654e-02	-7.394180e+01	0.000000e+00	63
3.150000e+04	0.000000e+00	1.177215e-05	2.549570e-04	5.997347e-02	6.393962e+00	3.469158e-02	-7.394180e+01	0.000000e+00	64
3.200000e+04	0.000000e+00	1.196445e-05	2.494879e-04	5.949475e-02	6.384613e+00	3.444208e-02	-7.394180e+01	0.000000e+00	65
3.250000e+04	0.000000e+00	1.214598e-05	2.442435e-04	5.902747e-02	6.375283e+00	3.419783e-02	-7.394180e+01	0.000000e+00	66
3.300000e+04	0.000000e+00	1.231813e-05	2.392107e-04	5.857114e-02	6.365974e+00	3.395862e-02	-7.394180e+01	0.000000e+00	67
3.350000e+04	0.000000e+00	1.248122e-05	2.343778e-04	5.812530e-02	6.356685e+00	3.372424e-02	-7.394180e+01	0.000000e+00	68
3.400000e+04	0.000000e+00	1.263678e-05	2.297334e-04	5.768951e-02	6.347418e+00	3.349450e-02	-7.394180e+01	0.000000e+00	69
3.450000e+04	0.000000e+00	1.278265e-05	2.252673e-04	5.726336e-02	6.338173e+00	3.326923e-02	-7.394180e+01	0.000000e+00	70
3.500000e+04	0.000000e+00	1.292069e-05	2.209696e-04	5.684646e-02	6.328949e+00	3.304825e-02	-7.394180e+01	0.000000e+00	71
3.550000e+04	0.000000e+00	1.305476e-05	2.168315e-04	5.643844e-02	6.319749e+00	3.283142e-02	-7.394180e+01	0.000000e+00	72
3.600000e+04	0.000000e+00	1.318008e-05	2.128443e-04	5.603895e-02	6.310572e+00	3.261857e-02	-7.394180e+01	0.000000e+00	73
3.650000e+04	0.000000e+00	1.329701e-05	2.090003e-04	5.564766e-02	6.301418e+00	3.240956e-02	-7.394180e+01	0.000000e+00	74
3.700000e+04	0.000000e+00	1.340987e-05	2.052920e-04	5.526426e-02	6.292288e+00	3.220427e-02	-7.394180e+01	0.000000e+00	75
3.750000e+04	0.000000e+00	1.351570e-05	2.017126e-04	5.488845e-02	6.283182e+00	3.200255e-02	-7.394180e+01	0.000000e+00	76
3.800000e+04	0.000000e+00	1.361802e-05	1.982555e-04	5.451995e-02	6.274101e+00	3.180429e-02	-7.394180e+01	0.000000e+00	77
3.850000e+04	0.000000e+00	1.371333e-05	1.949147e-04	5.415849e-02	6.265045e+00	3.160937e-02	-7.394180e+01	0.000000e+00	78
3.900000e+04	0.000000e+00	1.380378e-05	1.916844e-04	5.380382e-02	6.256014e+00	3.141768e-02	-7.394180e+01	0.000000e+00	79
3.950000e+04	0.000000e+00	1.388941e-05	1.885594e-04	5.345569e-02	6.247009e+00	3.122912e-02	-7.394180e+01	0.000000e+00	80
4.000000e+04	0.000000e+00	1.397130e-05	1.855346e-04	5.311389e-02	6.238029e+00	3.104358e-02	-7.394180e+01	0.000000e+00	81
4.050000e+04	0.000000e+00	1.404854e-05	1.826053e-04	5.277818e-02	6.229075e+00	3.086097e-02	-7.394180e+01	0.000000e+00	82
4.100000e+04	0.000000e+00	1.412124e-05	1.797670e-04	5.244837e-02	6.220148e+00	3.068120e-02	-7.394180e+01	0.000000e+00	83
4.150000e+04	0.000000e+00	1.419121e-05	1.770156e-04	5.212425e-02	6.211247e+00	3.050418e-02	-7.394180e+01	0.000000e+00	84
4.200000e+04	0.000000e+00	1.425766e-05	1.743470e-04	5.180564e-02	6.202372e+00	3.032983e-02	-7.394180e+01	0.000000e+00	85
4.250000e+04	0.000000e+00	1.431794e-05	1.717577e-04	5.149236e-02	6.193525e+00	3.015807e-02	-7.394180e+01	0.000000e+00	86
4.300000e+04	0.000000e+00	1.437641e-05	1.692440e-04	5.118423e-02	6.184704e+00	2.998882e-02	-7.394180e+01	0.000000e+00	87
4.350000e+04	0.000000e+00	1.443225e-05	1.668026e-04	5.088110e-02	6.175911e+00	2.982202e-02	-7.394180e+01	0.000000e+00	88
4.400000e+04	0.000000e+00	1.448363e-05	1.644305e-04	5.058280e-02	6.167145e+00	2.965758e-02	-7.394180e+01	0.000000e+00	89
4.450000e+04	0.000000e+00	1.453281e-05	1.621247e-04	5.028919e-02	6.158407e+00	2.949546e-02	-7.394180e+01	0.000000e+00	90
4.500000e+04	0.000000e+00	1.457915e-05	1.598823e-04	5.000012e-02	6.149697e+00	2.933557e-02	-7.394180e+01	0.000000e+00	91
4.550000e+04	0.000000e+00	1.462355e-05	1.577008e-04	4.971547e-02	6.141014e+00	2.917787e-02	-7.394180e+01	0.000000e+00	92
4.600000e+04	0.000000e+00	1.466491e-05	1.555776e-04	4.943509e-02	6.132359e+00	2.902229e-02	-7.394180e+01	0.000000e+00	93
4.650000e+04	0.000000e+00	1.470335e-05	1.535103e-04	4.915887e-02	6.123732e+00	2.886877e-02	-7.394180e+01	0.000000e+00	94
4.700000e+04	0.000000e+00	1.474029e-05	1.514968e-04	4.888668e-02	6.115134e+00	2.871727e-02	-7.394180e+01	0.000000e+00	95
4.750000e+04	0.000000e+00	1.477350e-05	1.495348e-04	4.861841e-02	6.106563e+00	2.856773e-02	-7.394180e+01	0.000000e+00	96
4.800000e+04	0.000000e+00	1.480557e-05	1.476223e-04	4.835395e-02	6.098022e+00	2.842011e-02	-7.394180e+01	0.000000e+00	97
4.850000e+04	0.000000e+00	1.483477e-05	1.457575e-04	4.809320e-02	6.089508e+00	2.827435e-02	-7.394180e+01	0.000000e+00	98
4.900000e+04	0.000000e+00	1.486240e-05	1.439384e-04	4.783605e-02	6.081023e+00	2.813041e-02	-7.394180e+01	0.000000e+00	99
4.950000e+04	0.000000e+00	1.488842e-05	1.421634e-04	4.758241e-02	6.072567e+00	2.798824e-02	-7.394180e+01	0.000000e+00	100
5.000000e+04	0.000000e+00	1.491270e-05	1.404308e-04	4.733218e-02	6.064139e+00	2.784781e-02	-7.394180e+01	0.000000e+00	101
5.050000e+04	0.000000e+00	1.493433e-05	1.387389e-04	4.708528e-02	6.055741e+00	2.770907e-02	-7.394180e+01	0.000000e+00	102
5.100000e+04	0.000000e+00	1.495509e-05	1.370865e-04	4.684162e-02	6.047371e+00	2.757198e-02	-7.394180e+01	0.000000e+00	103
5.150000e+04	0.000000e+00	1.497422e-05	1.354719e-04	4.660111e-02	6.039029e+00	2.743650e-02	-7.394180e+01	0.000000e+00	104
5.200000e+04	0.000000e+00	1.499155e-05	1.338938e-04	4.636369e-02	6.030717e+00	2.730261e-02	-7.394180e+01	0.000000e+00	105
5.250000e+04	0.000000e+00	1.500762e-05	1.323510e-04	4.612926e-02	6.022434e+00	2.717025e-02	-7.394180e+01	0.000000e+00	106
5.300000e+04	0.000000e+00	1.502179e-05	1.308422e-04	4.589777e-02	6.014180e+00	2.703941e-02	-7.394180e+01	0.000000e+00	107
5.350000e+04	0.000000e+00	1.503504e-05	1.293663e-04	4.566913e-02	6.005954e+00	2.691004e-02	-7.394180e+01	0.000000e+00	108
5.400000e+04	0.000000e+00	1.504641e-05	1.279220e-04	4.544328e-02	5.997758e+00	2.678211e-02	-7.394180e+01	0.000000e+00	109
5.450000e+04	0.000000e+00	1.505674e-05	1.265083e-04	4.522015e-02	5.989591e+00	2.665560e-02	-7.394180e+01	0.000000e+00	110
5.500000e+04	0.000000e+00	1.506682e-05	1.251243e-04	4.499968e-02	5.981453e+00	2.653048e-02	-7.394180e+01	0.000000e+00	111
5.550000e+04	0.000000e+00	1.507407e-05	1.237689e-04	4.478181e-02	5.973343e+00	2.640670e-02	-7.394180e+01	0.000000e+00	112
5.600000e+04	0.000000e+00	1.508040e-05	1.224411e-04	4.456648e-02	5.965264e+00	2.628426e-02	-7.394180e+01	0.000000e+00	113
5.650000e+04	0.000000e+00	1.508667e-05	1.211402e-04	4.435364e-02	5.957213e+00	2.616312e-02	-7.394180e+01	0.000000e+00	114
5.700000e+04	0.000000e+00	1.509036e-05	1.198651e-04	4.414322e-02	5.949191e+00	2.604325e-02	-7.394180e+01	0.000000e+00	115
5.750000e+04	0.000000e+00	1.509425e-05	1.186151e-04	4.393518e-02	5.941198e+00	2.592463e-02	-7.394180e+01	0.000000e+00	116
5.800000e+04	0.000000e+00	1.509648e-05	1.173895e-04	4.372946e-02	5.933235e+00	2.580724e-02	-7.394180e+01	0.000000e+00	117
5.850000e+04	0.000000e+00	1.509929e-05	1.161873e-04	4.352602e-02	5.925300e+00	2.569105e-02	-7.394180e+01	0.000000e+00	118
5.900000e+04	0.000000e+00	1.509895e-05	1.150080e-04	4.332480e-02	5.917395e+00	2.557604e-02	-7.394180e+01	0.000000e+00	119
5.950000e+04	0.000000e+00	1.510043e-05	1.138509e-04	4.312577e-02	5.909519e+00	2.546219e-02	-7.394180e+01	0.000000e+00	120
6.000000e+04	0.000000e+00	1.509889e-05	1.127151e-04	4.292886e-02	5.901672e+00	2.534947e-02	-7.394180e+01	0.000000e+00	121
6.050000e+04	0.000000e+00	1.509800e-05	1.116002e-04	4.273405e-02	5.893854e+00	2.523787e-02	-7.394180e+01	0.000000e+00	122
6.100000e+04	0.000000e+00	1.509569e-05	1.105055e-04	4.254129e-02	5.886064e+00	2.512736e-02	-7.394180e+01	0.000000e+00	123
6.150000e+04	0.000000e+00	1.509135e-05	1.094304e-04	4.235054e-02	5.878304e+00	2.501793e-02	-7.394180e+01	0.000000e+00	124
6.200000e+04	0.000000e+00	1.508806e-05	1.083743e-04	4.216176e-02	5.870573e+00	2.490955e-02	-7.394180e+01	0.000000e+00	125
6.250000e+04	0.000000e+00	1.508503e-05	1.073368e-04	4.197492e-02	5.862871e+00	2.480221e-02	-7.394180e+01	0.000000e+00	126
6.300000e+04	0.000000e+00	1.507906e-05	1.063172e-04	4.178996e-02	5.855198e+00	2.469589e-02	-7.394180e+01	0.000000e+00	127
6.350000e+04	0.000000e+00	1.507321e-05	1.053150e-04	4.160687e-02	5.847553e+00	2.459058e-02	-7.394180e+01	0.000000e+00	128
6.400000e+04	0.000000e+00	1.506632e-05	1.043299e-04	4.142560e-02	5.839938e+00	2.448624e-02	-7.394180e+01	0.000000e+00	129
6.450000e+04	0.000000e+00	1.505828e-05	1.033612e-04	4.124612e-02	5.832351e+00	2.438288e-02	-7.394180e+01	0.000000e+00	130
6.500000e+04	0.000000e+00	1.505127e-05	1.024086e-04	4.106840e-02	5.824793e+00	2.428047e-02	-7.394180e+01	0.000000e+00	131
6.550000e+04	0.000000e+00	1.504221e-05	1.014716e-04	4.089240e-02	5.817264e+00	2.417900e-02	-7.394180e+01	0.000000e+00	132
6.600000e+04	0.000000e+00	1.503395e-05	1.005499e-04	4.071810e-02	5.809764e+00	2.407844e-02	-7.394180e+01	0.000000e+00	133
6.650000e+04	0.000000e+00	1.502450e-05	9.964290e-05	4.054546e-02	5.802292e+00	2.397880e-02	-7.394180e+01	0.000000e+00	134
6.700000e+04	0.000000e+00	1.501385e-05	9.875035e-05	4.037446e-02	5.794849e+00	2.388005e-02	-7.394180e+01	0.000000e+00	135
6.750000e+04	0.000000e+00	1.500313e-05	9.787184e-05	4.020506e-02	5.787434e+00	2.378217e-02	-7.394180e+01	0.000000e+00	136
6.800000e+04	0.000000e+00	1.499233e-05	9.700700e-05	4.003725e-02	5.780048e+00	2.368516e-02	-7.394180e+01	0.000000e+00	137
6.850000e+04	0.000000e+00	1.498025e-05	9.615550e-05	3.987099e-02	5.772690e+00	2.358901e-02	-7.394180e+01	0.000000e+00	138
6.900000e+04	0.000000e+00	1.496735e-05	9.531699e-05	3.970625e-02	5.765361e+00	2.349369e-02	-7.394180e+01	0.000000e+00	139
6.950000e+04	0.000000e+00	1.495617e-05	9.449115e-05	3.954302e-02	5.758060e+00	2.339920e-02	-7.394180e+01	0.000000e+00	140
7.000000e+04	0.000000e+00	1.494237e-05	9.367766e-05	3.938126e-02	5.750788e+00	2.330552e-02	-7.394180e+01	0.000000e+00	141
7.050000e+04	0.000000e+00	1.492962e-05	9.287622e-05	3.922096e-02	5.743543e+00	2.321264e-02	-7.394180e+01	0.000000e+00	142
7.100000e+04	0.000000e+00	1.491518e-05	9.208654e-05	3.906209e-02	5.736327e+00	2.312055e-02	-7.394180e+01	0.000000e+00	143
7.150000e+04	0.000000e+00	1.490016e-05	9.130833e-05	3.890462e-02	5.729139e+00	2.302924e-02	-7.394180e+01	0.000000e+00	144
7.200000e+04	0.000000e+00	1.488566e-05	9.054132e-05	3.874854e-02	5.721979e+00	2.293870e-02	-7.394180e+01	0.000000e+00	145
7.250000e+04	0.000000e+00	1.486994e-05	8.978525e-05	3.859382e-02	5.714847e+00	2.284891e-02	-7.394180e+01	0.000000e+00	146
7.300000e+04	0.000000e+00	1.485413e-05	8.903985e-05	3.844044e-02	5.707744e+00	2.275987e-02	-7.394180e+01	0.000000e+00	147
7.350000e+04	0.000000e+00	1.483890e-05	8.830489e-05	3.828838e-02	5.700668e+00	2.267156e-02	-7.394180e+01	0.000000e+00	148
7.400000e+04	0.000000e+00	1.482313e-05	8.758011e-05	3.813763e-02	5.693619e+00	2.258398e-02	-7.394180e+01	0.000000e+00	149
7.450000e+04	0.000000e+00	1.480612e-05	8.686530e-05	3.798815e-02	5.686599e+00	2.249711e-02	-7.394180e+01	0.000000e+00	150
7.500000e+04	0.000000e+00	1.478956e-05	8.616022e-05	3.783994e-02	5.679606e+00	2.241095e-02	-7.394180e+01	0.000000e+00	151
7.550000e+04	0.000000e+00	1.477202e-05	8.546465e-05	3.769298e-02	5.672641e+00	2.232548e-02	-7.394180e+01	0.000000e+00	152
7.600000e+04	0.000000e+00	1.475558e-05	8.477838e-05	3.754723e-02	5.665704e+00	2.224070e-02	-7.394180e+01	0.000000e+00	153
7.650000e+04	0.000000e+00	1.473740e-05	8.410122e-05	3.740270e-02	5.658794e+00	2.215660e-02	-7.394180e+01	0.000000e+00	154
7.700000e+04	0.000000e+00	1.471999e-05	8.343295e-05	3.725936e-02	5.651911e+00	2.207317e-02	-7.394180e+01	0.000000e+00	155
7.750000e+04	0.000000e+00	1.470115e-05	8.277340e-05	3.711719e-02	5.645056e+00	2.199039e-02	-7.394180e+01	0.000000e+00	156
7.800000e+04	0.000000e+00	1.468292e-05	8.212236e-05	3.697618e-02	5.638228e+00	2.190827e-02	-7.394180e+01	0.000000e+00	157
7.850000e+04	0.000000e+00	1.466348e-05	8.147967e-05	3.683631e-02	5.631428e+00	2.182679e-02	-7.394180e+01	0.000000e+00	158
7.900000e+04	0.000000e+00	1.464407e-05	8.084514e-05	3.669757e-02	5.624654e+00	2.174594e-02	-7.394180e+01	0.000000e+00	159
7.950000e+04	0.000000e+00	1.462652e-05	8.021861e-05	3.655993e-02	5.617908e+00	2.166572e-02	-7.394180e+01	0.000000e+00	160
8.000000e+04	0.000000e+00	1.460547e-05	7.959990e-05	3.642339e-02	5.611189e+00	2.158612e-02	-7.394180e+01	0.000000e+00	161
8.050000e+04	0.000000e+00	1.458592e-05	7.898887e-05	3.628794e-02	5.604496e+00	2.150713e-02	-7.394180e+01	0.000000e+00	162
8.100000e+04	0.000000e+00	1.456616e-05	7.838534e-05	3.615354e-02	5.597831e+00	2.142874e-02	-7.394180e+01	0.000000e+00	163
8.150000e+04	0.000000e+00	1.454656e-05	7.778918e-05	3.602020e-02	5.591192e+00	2.135095e-02	-7.394180e+01	0.000000e+00	164
8.200000e+04	0.000000e+00	1.452507e-05	7.720023e-05	3.588790e-02	5.584580e+00	2.127375e-02	-7.394180e+01	0.000000e+00	165
8.250000e+04	0.000000e+00	1.450412e-05	7.661836e-05	3.575662e-02	5.577995e+00	2.119713e-02	-7.394180e+01	0.000000e+00	166
8.300000e+04	0.000000e+00	1.448425e-05	7.604341e-05	3.562636e-02	5.571436e+00	2.112108e-02	-7.394180e+01	0.000000e+00	167
8.350000e+04	0.000000e+00	1.446382e-05	7.547527e-05	3.549709e-02	5.564904e+00	2.104561e-02	-7.394180e+01	0.000000e+00	168
8.400000e+04	0.000000e+00	1.444181e-05	7.491378e-05	3.536881e-02	5.558398e+00	2.097069e-02	-7.394180e+01	0.000000e+00	169
8.450000e+04	0.000000e+00	1.441992e-05	7.435884e-05	3.524150e-02	5.551919e+00	2.089633e-02	-7.394180e+01	0.000000e+00	170
8.500000e+04	0.000000e+00	1.439897e-05	7.381031e-05	3.511516e-02	5.545466e+00	2.082252e-02	-7.394180e+01	0.000000e+00	171
8.550000e+04	0.000000e+00	1.437679e-05	7.326808e-05	3.498976e-02	5.539039e+00	2.074925e-02	-7.394180e+01	0.000000e+00	172
8.600000e+04	0.000000e+00	1.435640e-05	7.273202e-05	3.486530e-02	5.532638e+00	2.067652e-02	-7.394180e+01	0.000000e+00	173
8.650000e+04	0.000000e+00	1.433348e-05	7.220202e-05	3.474177e-02	5.526263e+00	2.060431e-02	-7.394180e+01	0.000000e+00	174
8.700000e+04	0.000000e+00	1.431076e-05	7.167797e-05	3.461915e-02	5.519914e+00	2.053263e-02	-7.394180e+01	0.000000e+00	175
8.750000e+04	0.000000e+00	1.429048e-05	7.115976e-05	3.449744e-02	5.513591e+00	2.046147e-02	-7.394180e+01	0.000000e+00	176
8.800000e+04	0.000000e+00	1.426643e-05	7.064728e-05	3.437662e-02	5.507294e+00	2.039082e-02	-7.394180e+01	0.000000e+00	177
8.850000e+04	0.000000e+00	1.424624e-05	7.014044e-05	3.425668e-02	5.501023e+00	2.032068e-02	-7.394180e+01	0.000000e+00	178
8.900000e+04	0.000000e+00	1.422252e-05	6.963913e-05	3.413762e-02	5.494777e+00	2.025104e-02	-7.394180e+01	0.000000e+00	179
8.950000e+04	0.000000e+00	1.419922e-05	6.914326e-05	3.401942e-02	5.488557e+00	2.018190e-02	-7.394180e+01	0.000000e+00	180
9.000000e+04	0.000000e+00	1.417542e-05	6.865272e-05	3.390207e-02	5.482362e+00	2.011324e-02	-7.394180e+01	0.000000e+00	181
9.050000e+04	0.000000e+00	1.415364e-05	6.816743e-05	3.378556e-02	5.476193e+00	2.004507e-02	-7.394180e+01	0.000000e+00	182
9.100000e+04	0.000000e+00	1.413060e-05	6.768730e-05	3.366989e-02	5.470049e+00	1.997738e-02	-7.394180e+01	0.000000e+00	183
9.150000e+04	0.000000e+00	1.410711e-05	6.721223e-05	3.355505e-02	5.463930e+00	1.991017e-02	-7.394180e+01	0.000000e+00	184
9.200000e+04	0.000000e+00	1.408418e-05	6.674215e-05	3.344101e-02	5.457837e+00	1.984343e-02	-7.394180e+01	0.000000e+00	185
9.250000e+04	0.000000e+00	1.406243e-05	6.627696e-05	3.332778e-02	5.451768e+00	1.977715e-02	-7.394180e+01	0.000000e+00	186
9.300000e+04	0.000000e+00	1.403679e-05	6.581659e-05	3.321535e-02	5.445725e+00	1.971133e-02	-7.394180e+01	0.000000e+00	187
9.350000e+04	0.000000e+00	1.401376e-05	6.536096e-05	3.310371e-02	5.439706e+00	1.964597e-02	-7.394180e+01	0.000000e+00	188
9.400000e+04	0.000000e+00	1.398937e-05	6.490998e-05	3.299285e-02	5.433713e+00	1.958106e-02	-7.394180e+01	0.000000e+00	189
9.450000e+04	0.000000e+00	1.396622e-05	6.446359e-05	3.288276e-02	5.427744e+00	1.951659e-02	-7.394180e+01	0.000000e+00	190
9.500000e+04	0.000000e+00	1.394296e-05	6.402170e-05	3.277343e-02	5.421799e+00	1.945257e-02	-7.394180e+01	0.000000e+00	191
9.550000e+04	0.000000e+00	1.391863e-05	6.358425e-05	3.266485e-02	5.415880e+00	1.938898e-02	-7.394180e+01	0.000000e+00	192
9.600000e+04	0.000000e+00	1.389475e-05	6.315117e-05	3.255702e-02	5.409985e+00	1.932583e-02	-7.394180e+01	0.000000e+00	193
9.650000e+04	0.000000e+00	1.387111e-05	6.272238e-05	3.244994e-02	5.404114e+00	1.926311e-02	-7.394180e+01	0.000000e+00	194
9.700000e+04	0.000000e+00	1.384663e-05	6.229781e-05	3.234358e-02	5.398268e+00	1.920081e-02	-7.394180e+01	0.000000e+00	195
9.750000e+04	0.000000e+00	1.382356e-05	6.187741e-05	3.223794e-02	5.392446e+00	1.913893e-02	-7.394180e+01	0.000000e+00	196
9.800000e+04	0.000000e+00	1.379981e-05	6.146111e-05	3.213302e-02	5.386648e+00	1.907747e-02	-7.394180e+01	0.000000e+00	197
9.850000e+04	0.000000e+00	1.377613e-05	6.104884e-05	3.202881e-02	5.380874e+00	1.901642e-02	-7.394180e+01	0.000000e+00	198
9.900000e+04	0.000000e+00	1.375113e-05	6.064054e-05	3.192530e-02	5.375125e+00	1.895578e-02	-7.394180e+01	0.000000e+00	199
9.950000e+04	0.000000e+00	1.372676e-05	6.023616e-05	3.182249e-02	5.369399e+00	1.889554e-02	-7.394180e+01	0.000000e+00	200
1.000000e+05	0.000000e+00	1.370262e-05	5.983562e-05	3.172036e-02	5.363697e+00	1.883570e-02	-7.394180e+01	0.000000e+00	201
1.005000e+05	0.000000e+00	1.367865e-05	5.943889e-05	3.161892e-02	5.358019e+00	1.877626e-02	-7.394180e+01	0.000000e+00	202
1.010000e+05	0.000000e+00	1.365351e-05	5.904589e-05	3.151814e-02	5.352365e+00	1.871721e-02	-7.394180e+01	0.000000e+00	203
1.015000e+05	0.000000e+00	1.362918e-05	5.865658e-05	3.141804e-02	5.346734e+00	1.865856e-02	-7.394180e+01	0.000000e+00	204
1.020000e+05	0.000000e+00	1.360466e-05	5.827090e-05	3.131859e-02	5.341127e+00	1.860028e-02	-7.394180e+01	0.000000e+00	205
1.025000e+05	0.000000e+00	1.358098e-05	5.788879e-05	3.121980e-02	5.335543e+00	1.854239e-02	-7.394180e+01	0.000000e+00	206
1.030000e+05	0.000000e+00	1.355633e-05	5.751022e-05	3.112166e-02	5.329983e+00	1.848488e-02	-7.394180e+01	0.000000e+00	207
1.035000e+05	0.000000e+00	1.353221e-05	5.713511e-05	3.102416e-02	5.324446e+00	1.842775e-02	-7.394180e+01	0.000000e+00	208
1.040000e+05	0.000000e+00	1.350739e-05	5.676344e-05	3.092729e-02	5.318932e+00	1.837098e-02	-7.394180e+01	0.000000e+00	209
1.045000e+05	0.000000e+00	1.348309e-05	5.639514e-05	3.083105e-02	5.313441e+00	1.831459e-02	-7.394180e+01	0.000000e+00	210
1.050000e+05	0.000000e+00	1.345723e-05	5.603017e-05	3.073544e-02	5.307974e+00	1.825855e-02	-7.394180e+01	0.000000e+00	211
1.055000e+05	0.000000e+00	1.343420e-05	5.566849e-05	3.064044e-02	5.302529e+00	1.820288e-02	-7.394180e+01	0.000000e+00	212
1.060000e+05	0.000000e+00	1.340754e-05	5.531004e-05	3.054606e-02	5.297107e+00	1.814757e-02	-7.394180e+01	0.000000e+00	213
1.065000e+05	0.000000e+00	1.338406e-05	5.495479e-05	3.045228e-02	5.291708e+00	1.809262e-02	-7.394180e+01	0.000000e+00	214
1.070000e+05	0.000000e+00	1.336023e-05	5.460269e-05	3.035910e-02	5.286332e+00	1.803801e-02	-7.394180e+01	0.000000e+00	215
1.075000e+05	0.000000e+00	1.333644e-05	5.425369e-05	3.026652e-02	5.280978e+00	1.798376e-02	-7.394180e+01	0.000000e+00	216
1.080000e+05	0.000000e+00	1.330924e-05	5.390776e-05	3.017452e-02	5.275647e+00	1.792985e-02	-7.394180e+01	0.000000e+00	217
1.085000e+05	0.000000e+00	1.328536e-05	5.356486e-05	3.008311e-02	5.270339e+00	1.787628e-02	-7.394180e+01	0.000000e+00	218
1.090000e+05	0.000000e+00	1.326166e-05	5.322494e-05	2.999228e-02	5.265053e+00	1.782306e-02	-7.394180e+01	0.000000e+00	219
1.095000e+05	0.000000e+00	1.323514e-05	5.288796e-05	2.990202e-02	5.259789e+00	1.777017e-02	-7.394180e+01	0.000000e+00	220
1.100000e+05	0.000000e+00	1.321125e-05	5.255389e-05	2.981233e-02	5.254547e+00	1.771761e-02	-7.394180e+01	0.000000e+00	221
1.105000e+05	0.000000e+00	1.318646e-05	5.222269e-05	2.972320e-02	5.249327e+00	1.766539e-02	-7.394180e+01	0.000000e+00	222
1.110000e+05	0.000000e+00	1.316226e-05	5.189432e-05	2.963463e-02	5.244130e+00	1.761350e-02	-7.394180e+01	0.000000e+00	223
1.115000e+05	0.000000e+00	1.313655e-05	5.156874e-05	2.954662e-02	5.238955e+00	1.756193e-02	-7.394180e+01	0.000000e+00	224
1.120000e+05	0.000000e+00	1.311385e-05	5.124593e-05	2.945915e-02	5.233801e+00	1.751068e-02	-7.394180e+01	0.000000e+00	225
1.125000e+05	0.000000e+00	1.308721e-05	5.092583e-05	2.937222e-02	5.228669e+00	1.745975e-02	-7.394180e+01	0.000000e+00	226
1.130000e+05	0.000000e+00	1.306210e-05	5.060843e-05	2.928584e-02	5.223559e+00	1.740914e-02	-7.394180e+01	0.000000e+00	227
1.135000e+05	0.000000e+00	1.303745e-05	5.029368e-05	2.919999e-02	5.218471e+00	1.735885e-02	-7.394180e+01	0.000000e+00	228
1.140000e+05	0.000000e+00	1.301326e-05	4.998155e-05	2.911466e-02	5.213404e+00	1.730887e-02	-7.394180e+01	0.000000e+00	229
1.145000e+05	0.000000e+00	1.298879e-05	4.967201e-05	2.902987e-02	5.208359e+00	1.725919e-02	-7.394180e+01	0.000000e+00	230
1.150000e+05	0.000000e+00	1.296304e-05	4.936502e-05	2.894559e-02	5.203335e+00	1.720983e-02	-7.394180e+01	0.000000e+00	231
1.155000e+05	0.000000e+00	1.294057e-05	4.906057e-05	2.886183e-02	5.198333e+00	1.716076e-02	-7.394180e+01	0.000000e+00	232
1.160000e+05	0.000000e+00	1.291661e-05	4.875861e-05	2.877858e-02	5.193352e+00	1.711200e-02	-7.394180e+01	0.000000e+00	233
1.165000e+05	0.000000e+00	1.288991e-05	4.845911e-05	2.869584e-02	5.188392e+00	1.706354e-02	-7.394180e+01	0.000000e+00	234
1.170000e+05	0.000000e+00	1.286571e-05	4.816205e-05	2.861360e-02	5.183453e+00	1.701538e-02	-7.394180e+01	0.000000e+00	235
1.175000e+05	0.000000e+00	1.284004e-05	4.786739e-05	2.853186e-02	5.178535e+00	1.696751e-02	-7.394180e+01	0.000000e+00	236
1.180000e+05	0.000000e+00	1.281682e-05	4.757512e-05	2.845061e-02	5.173638e+00	1.691994e-02	-7.394180e+01	0.000000e+00	237
1.185000e+05	0.000000e+00	1.279116e-05	4.728519e-05	2.836986e-02	5.168762e+00	1.687265e-02	-7.394180e+01	0.000000e+00	238
1.190000e+05	0.000000e+00	1.276787e-05	4.699758e-05	2.828959e-02	5.163907e+00	1.682565e-02	-7.394180e+01	0.000000e+00	239
1.195000e+05	0.000000e+00	1.274132e-05	4.671226e-05	2.820980e-02	5.159072e+00	1.677894e-02	-7.394180e+01	0.000000e+00	240
1.200000e+05	0.000000e+00	1.271797e-05	4.642922e-05	2.813050e-02	5.154259e+00	1.673251e-05	-7.394180e+01	0.000000e+00	240
