0.000000e+00	0.000000e+00	0.000000e+00	-2.000000e+03	2.500000e-01	6.860000e+00	2.073800e-01	1.000000e+00	0.000000e+00	1
5.000000e+02	0.000000e+00	1.214500e+01	6.580383e-02	2.451526e-01	6.883022e+00	1.410325e-01	-7.326508e+01	0.000000e+00	2
1.000000e+03	0.000000e+00	0.000000e+00	1.318165e-02	2.287932e-01	6.890577e+00	1.278505e-01	-7.326508e+01	0.000000e+00	3
1.500000e+03	0.000000e+00	0.000000e+00	1.000101e-02	2.145792e-01	6.894198e+00	1.178492e-01	-7.326508e+01	0.000000e+00	4
2.000000e+03	0.000000e+00	0.000000e+00	8.631232e-03	2.024884e-01	6.895360e+00	1.092178e-01	-7.326508e+01	0.000000e+00	5
2.500000e+03	0.000000e+00	0.000000e+00	7.326305e-03	1.919184e-01	6.894844e+00	1.018913e-01	-7.326508e+01	0.000000e+00	6
3.000000e+03	0.000000e+00	0.000000e+00	6.127602e-03	1.824624e-01	6.893116e+00	9.576360e-02	-7.326508e+01	0.000000e+00	7
3.500000e+03	0.000000e+00	0.000000e+00	5.143197e-03	1.738990e-01	6.890463e+00	9.062029e-02	-7.342067e+01	0.000000e+00	8
4.000000e+03	0.000000e+00	0.000000e+00	4.381850e-03	1.661026e-01	6.887073e+00	8.623835e-02	-7.355745e+01	0.000000e+00	9
4.500000e+03	0.000000e+00	0.000000e+00	3.800511e-03	1.589863e-01	6.883075e+00	8.243776e-02	-7.367143e+01	0.000000e+00	10
5.000000e+03	0.000000e+00	0.000000e+00	3.349851e-03	1.524789e-01	6.878560e+00	7.908783e-02	-7.376865e+01	0.000000e+00	11
5.500000e+03	0.000000e+00	0.000000e+00	2.990901e-03	1.465171e-01	6.873595e+00	7.609687e-02	-7.385298e+01	0.000000e+00	12
6.000000e+03	0.000000e+00	0.000000e+00	2.696717e-03	1.410439e-01	6.868235e+00	7.340009e-02	-7.392703e+01	0.000000e+00	13
6.500000e+03	0.000000e+00	0.000000e+00	2.449567e-03	1.360082e-01	6.862524e+00	7.095048e-02	-7.399261e+01	0.000000e+00	14
7.000000e+03	0.000000e+00	0.000000e+00	2.237848e-03	1.313646e-01	6.856499e+00	6.871258e-02	-7.405105e+01	0.000000e+00	15
7.500000e+03	0.000000e+00	0.000000e+00	2.053809e-03	1.270729e-01	6.850190e+00	6.665873e-02	-7.410338e+01	0.000000e+00	16
8.000000e+03	0.000000e+00	0.000000e+00	1.892087e-03	1.230977e-01	6.843626e+00	6.476660e-02	-7.415040e+01	0.000000e+00	17
8.500000e+03	0.000000e+00	0.000000e+00	1.748821e-03	1.194077e-01	6.836831e+00	6.301774e-02	-7.419278e+01	0.000000e+00	18
9.000000e+03	0.000000e+00	0.000000e+00	1.621111e-03	1.159756e-01	6.829824e+00	6.139660e-02	-7.423106e+01	0.000000e+00	19
9.500000e+03	0.000000e+00	0.000000e+00	1.506707e-03	1.127769e-01	6.822627e+00	5.988986e-02	-7.426570e+01	0.000000e+00	20
1.000000e+04	0.000000e+00	0.000000e+00	1.403807e-03	1.097901e-01	6.815254e+00	5.848602e-02	-7.429710e+01	0.000000e+00	21
1.050000e+04	0.000000e+00	0.000000e+00	1.310936e-03	1.069961e-01	6.807722e+00	5.717506e-02	-7.432559e+01	0.000000e+00	22
1.100000e+04	0.000000e+00	0.000000e+00	1.226863e-03	1.043779e-01	6.800044e+00	5.594817e-02	-7.435148e+01	0.000000e+00	23
1.150000e+04	0.000000e+00	0.000000e+00	1.150550e-03	1.019203e-01	6.792232e+00	5.479760e-02	-7.437501e+01	0.000000e+00	24
1.200000e+04	0.000000e+00	0.000000e+00	1.081109e-03	9.960974e-02	6.784297e+00	5.371647e-02	-7.439641e+01	0.000000e+00	25
1.250000e+04	0.000000e+00	0.000000e+00	1.017778e-03	9.743407e-02	6.776251e+00	5.269867e-02	-7.441588e+01	0.000000e+00	26
1.300000e+04	0.000000e+00	0.000000e+00	9.598951e-04	9.538233e-02	6.768100e+00	5.173875e-02	-7.443360e+01	0.000000e+00	27
1.350000e+04	0.000000e+00	0.000000e+00	9.068835e-04	9.344466e-02	6.759855e+00	5.083185e-02	-7.444972e+01	0.000000e+00	28
1.400000e+04	0.000000e+00	0.000000e+00	8.582395e-04	9.161215e-02	6.751523e+00	4.997359e-02	-7.446439e+01	0.000000e+00	29
1.450000e+04	0.000000e+00	0.000000e+00	8.135205e-04	8.987675e-02	6.743111e+00	4.916006e-02	-7.447771e+01	0.000000e+00	30
1.500000e+04	0.000000e+00	0.000000e+00	7.723367e-04	8.823117e-02	6.734625e+00	4.838770e-02	-7.448982e+01	0.000000e+00	31
1.550000e+04	0.000000e+00	0.000000e+00	7.343433e-04	8.666877e-02	6.726072e+00	4.765335e-02	-7.450079e+01	0.000000e+00	32
1.600000e+04	0.000000e+00	0.000000e+00	6.992351e-04	8.518353e-02	6.717456e+00	4.695410e-02	-7.451074e+01	0.000000e+00	33
1.650000e+04	0.000000e+00	0.000000e+00	6.667408e-04	8.376993e-02	6.708783e+00	4.628734e-02	-7.451972e+01	0.000000e+00	34
1.700000e+04	0.000000e+00	0.000000e+00	6.366189e-04	8.242296e-02	6.700058e+00	4.565071e-02	-7.452783e+01	0.000000e+00	35
1.750000e+04	0.000000e+00	0.000000e+00	6.086540e-04	8.113804e-02	6.691284e+00	4.504204e-02	-7.453512e+01	0.000000e+00	36
1.800000e+04	0.000000e+00	0.000000e+00	5.826534e-04	7.991096e-02	6.682466e+00	4.445938e-02	-7.454166e+01	0.000000e+00	37
1.850000e+04	0.000000e+00	0.000000e+00	5.584447e-04	7.873785e-02	6.673608e+00	4.390092e-02	-7.454750e+01	0.000000e+00	38
1.900000e+04	0.000000e+00	6.509710e-06	5.358728e-04	7.761520e-02	6.664712e+00	4.336504e-02	-7.455268e+01	0.000000e+00	39
1.950000e+04	0.000000e+00	1.036832e-05	5.147986e-04	7.653973e-02	6.655783e+00	4.285023e-02	-7.455726e+01	0.000000e+00	40
2.000000e+04	0.000000e+00	1.311020e-05	4.950971e-04	7.550845e-02	6.646823e+00	4.235512e-02	-7.456128e+01	0.000000e+00	41
2.050000e+04	0.000000e+00	1.528649e-05	4.766548e-04	7.451861e-02	6.637835e+00	4.187846e-02	-7.456477e+01	0.000000e+00	42
2.100000e+04	0.000000e+00	1.709555e-05	4.593696e-04	7.356763e-02	6.628821e+00	4.141908e-02	-7.456777e+01	0.000000e+00	43
2.150000e+04	0.000000e+00	1.863913e-05	4.431491e-04	7.265318e-02	6.619785e+00	4.097592e-02	-7.457031e+01	0.000000e+00	44
2.200000e+04	0.000000e+00	1.997597e-05	4.279096e-04	7.177306e-02	6.610727e+00	4.054800e-02	-7.457242e+01	0.000000e+00	45
2.250000e+04	0.000000e+00	2.113757e-05	4.135749e-04	7.092526e-02	6.601651e+00	4.013442e-02	-7.457413e+01	0.000000e+00	46
2.300000e+04	0.000000e+00	2.215368e-05	4.000761e-04	7.010791e-02	6.592559e+00	3.973433e-02	-7.457546e+01	0.000000e+00	47
2.350000e+04	0.000000e+00	2.304479e-05	3.873502e-04	6.931926e-02	6.583451e+00	3.934698e-02	-7.457643e+01	0.000000e+00	48
2.400000e+04	0.000000e+00	2.382214e-05	3.753401e-04	6.855771e-02	6.574331e+00	3.897163e-02	-7.457707e+01	0.000000e+00	49
2.450000e+04	0.000000e+00	2.449665e-05	3.639933e-04	6.782174e-02	6.565199e+00	3.860763e-02	-7.457740e+01	0.000000e+00	50
2.500000e+04	0.000000e+00	2.507878e-05	3.532622e-04	6.710996e-02	6.556058e+00	3.825436e-02	-7.457745e+01	0.000000e+00	51
2.550000e+04	0.000000e+00	2.557060e-05	3.431031e-04	6.642108e-02	6.546908e+00	3.791125e-02	-7.457745e+01	0.000000e+00	52
2.600000e+04	0.000000e+00	2.597827e-05	3.334759e-04	6.575387e-02	6.537751e+00	3.757777e-02	-7.457745e+01	0.000000e+00	53
2.650000e+04	0.000000e+00	2.630597e-05	3.243441e-04	6.510720e-02	6.528589e+00	3.725342e-02	-7.457745e+01	0.000000e+00	54
2.700000e+04	0.000000e+00	2.655248e-05	3.156740e-04	6.448001e-02	6.519422e+00	3.693773e-02	-7.457745e+01	0.000000e+00	55
2.750000e+04	0.000000e+00	2.672001e-05	3.074346e-04	6.387132e-02	6.510252e+00	3.663029e-02	-7.457745e+01	0.000000e+00	56
2.800000e+04	0.000000e+00	2.680949e-05	2.995975e-04	6.328019e-02	6.501080e+00	3.633069e-02	-7.457745e+01	0.000000e+00	57
2.850000e+04	0.000000e+00	2.688251e-05	2.921364e-04	6.270576e-02	6.491907e+00	3.603855e-02	-7.457745e+01	0.000000e+00	58
2.900000e+04	0.000000e+00	2.687408e-05	2.850272e-04	6.214722e-02	6.482734e+00	3.575352e-02	-7.457745e+01	0.000000e+00	59
2.950000e+04	0.000000e+00	2.676856e-05	2.782476e-04	6.160380e-02	6.473562e+00	3.547526e-02	-7.457745e+01	0.000000e+00	60
3.000000e+04	0.000000e+00	2.655408e-05	2.717770e-04	6.107479e-02	6.464392e+00	3.520348e-02	-7.457745e+01	0.000000e+00	61
3.050000e+04	0.000000e+00	2.622485e-05	2.655964e-04	6.055951e-02	6.455224e+00	3.493788e-02	-7.457745e+01	0.000000e+00	62
3.100000e+04	0.000000e+00	2.574430e-05	2.596880e-04	6.005734e-02	6.446059e+00	3.467818e-02	-7.457745e+01	0.000000e+00	63
3.150000e+04	0.000000e+00	2.503861e-05	2.540357e-04	5.956768e-02	6.436899e+00	3.442414e-02	-7.457745e+01	0.000000e+00	64
3.200000e+04	0.000000e+00	2.408324e-05	2.486241e-04	5.908997e-02	6.427743e+00	3.417551e-02	-7.457745e+01	0.000000e+00	65
3.250000e+04	0.000000e+00	2.257395e-05	2.434393e-04	5.862369e-02	6.418593e+00	3.393207e-02	-7.457745e+01	0.000000e+00	66
3.300000e+04	0.000000e+00	1.901669e-05	2.384681e-04	5.816833e-02	6.409450e+00	3.369360e-02	-7.457745e+01	0.000000e+00	67
3.350000e+04	0.000000e+00	6.396813e-06	2.336984e-04	5.772343e-02	6.400313e+00	3.345989e-02	-7.457745e+01	0.000000e+00	68
3.400000e+04	0.000000e+00	6.619933e-06	2.291188e-04	5.728854e-02	6.391183e+00	3.323077e-02	-7.457745e+01	0.000000e+00	69
3.450000e+04	0.000000e+00	6.833346e-06	2.247189e-04	5.686326e-02	6.382062e+00	3.300605e-02	-7.457745e+01	0.000000e+00	70
3.500000e+04	0.000000e+00	7.037462e-06	2.204889e-04	5.644718e-02	6.372949e+00	3.278555e-02	-7.457745e+01	0.000000e+00	71
3.550000e+04	0.000000e+00	7.229090e-06	2.164195e-04	5.603994e-02	6.363845e+00	3.256913e-02	-7.457745e+01	0.000000e+00	72
3.600000e+04	0.000000e+00	7.414464e-06	2.125022e-04	5.564117e-02	6.354750e+00	3.235662e-02	-7.457745e+01	0.000000e+00	73
3.650000e+04	0.000000e+00	7.592317e-06	2.087289e-04	5.525055e-02	6.345666e+00	3.214789e-02	-7.457745e+01	0.000000e+00	74
3.700000e+04	0.000000e+00	7.760798e-06	2.050923e-04	5.486775e-02	6.336592e+00	3.194279e-02	-7.457745e+01	0.000000e+00	75
3.750000e+04	0.000000e+00	7.924506e-06	2.015852e-04	5.449249e-02	6.327529e+00	3.174120e-02	-7.457745e+01	0.000000e+00	76
3.800000e+04	0.000000e+00	8.077461e-06	1.982011e-04	5.412447e-02	6.318477e+00	3.154300e-02	-7.457745e+01	0.000000e+00	77
3.850000e+04	0.000000e+00	8.225615e-06	1.949339e-04	5.376342e-02	6.309437e+00	3.134806e-02	-7.457745e+01	0.000000e+00	78
3.900000e+04	0.000000e+00	8.369466e-06	1.917777e-04	5.340909e-02	6.300408e+00	3.115628e-02	-7.457745e+01	0.000000e+00	79
3.950000e+04	0.000000e+00	8.503198e-06	1.887273e-04	5.306124e-02	6.291392e+00	3.096755e-02	-7.457745e+01	0.000000e+00	80
4.000000e+04	0.000000e+00	8.635214e-06	1.857773e-04	5.271962e-02	6.282389e+00	3.078177e-02	-7.457745e+01	0.000000e+00	81
4.050000e+04	0.000000e+00	8.759551e-06	1.829231e-04	5.238403e-02	6.273399e+00	3.059884e-02	-7.457745e+01	0.000000e+00	82
4.100000e+04	0.000000e+00	8.879498e-06	1.801602e-04	5.205426e-02	6.264422e+00	3.041868e-02	-7.457745e+01	0.000000e+00	83
4.150000e+04	0.000000e+00	8.993800e-06	1.774843e-04	5.173009e-02	6.255459e+00	3.024119e-02	-7.457745e+01	0.000000e+00	84
4.200000e+04	0.000000e+00	9.103978e-06	1.748914e-04	5.141135e-02	6.246509e+00	3.006629e-02	-7.457745e+01	0.000000e+00	85
4.250000e+04	0.000000e+00	9.209362e-06	1.723778e-04	5.109785e-02	6.237574e+00	2.989391e-02	-7.457745e+01	0.000000e+00	86
4.300000e+04	0.000000e+00	9.310754e-06	1.699398e-04	5.078942e-02	6.228653e+00	2.972397e-02	-7.457745e+01	0.000000e+00	87
4.350000e+04	0.000000e+00	9.407445e-06	1.675742e-04	5.048590e-02	6.219747e+00	2.955639e-02	-7.457745e+01	0.000000e+00	88
4.400000e+04	0.000000e+00	9.501467e-06	1.652778e-04	5.018712e-02	6.210855e+00	2.939111e-02	-7.457745e+01	0.000000e+00	89
4.450000e+04	0.000000e+00	9.590802e-06	1.630475e-04	4.989294e-02	6.201979e+00	2.922806e-02	-7.457745e+01	0.000000e+00	90
4.500000e+04	0.000000e+00	9.676545e-06	1.608805e-04	4.960322e-02	6.193118e+00	2.906718e-02	-7.457745e+01	0.000000e+00	91
4.550000e+04	0.000000e+00	9.759082e-06	1.587742e-04	4.931781e-02	6.184273e+00	2.890840e-02	-7.457745e+01	0.000000e+00	92
4.600000e+04	0.000000e+00	9.838561e-06	1.567260e-04	4.903659e-02	6.175443e+00	2.875167e-02	-7.457745e+01	0.000000e+00	93
4.650000e+04	0.000000e+00	9.914403e-06	1.547335e-04	4.875943e-02	6.166630e+00	2.859693e-02	-7.457745e+01	0.000000e+00	94
4.700000e+04	0.000000e+00	9.987700e-06	1.527944e-04	4.848621e-02	6.157832e+00	2.844414e-02	-7.457745e+01	0.000000e+00	95
4.750000e+04	0.000000e+00	1.005706e-05	1.509066e-04	4.821682e-02	6.149051e+00	2.829323e-02	-7.457745e+01	0.000000e+00	96
4.800000e+04	0.000000e+00	1.012591e-05	1.490680e-04	4.795114e-02	6.140286e+00	2.814416e-02	-7.457745e+01	0.000000e+00	97
4.850000e+04	0.000000e+00	1.018949e-05	1.472767e-04	4.768907e-02	6.131538e+00	2.799688e-02	-7.457745e+01	0.000000e+00	98
4.900000e+04	0.000000e+00	1.025154e-05	1.455308e-04	4.743051e-02	6.122807e+00	2.785134e-02	-7.457745e+01	0.000000e+00	99
4.950000e+04	0.000000e+00	1.031138e-05	1.438286e-04	4.717536e-02	6.114092e+00	2.770751e-02	-7.457745e+01	0.000000e+00	100
5.000000e+04	0.000000e+00	1.037004e-05	1.421684e-04	4.692353e-02	6.105394e+00	2.756534e-02	-7.457745e+01	0.000000e+00	101
5.050000e+04	0.000000e+00	1.042647e-05	1.405485e-04	4.667493e-02	6.096714e+00	2.742479e-02	-7.457745e+01	0.000000e+00	102
5.100000e+04	0.000000e+00	1.047847e-05	1.389675e-04	4.642948e-02	6.088051e+00	2.728582e-02	-7.457745e+01	0.000000e+00	103
5.150000e+04	0.000000e+00	1.052858e-05	1.374240e-04	4.618708e-02	6.079405e+00	2.714839e-02	-7.457745e+01	0.000000e+00	104
5.200000e+04	0.000000e+00	1.057942e-05	1.359166e-04	4.594767e-02	6.070777e+00	2.701247e-02	-7.457745e+01	0.000000e+00	105
5.250000e+04	0.000000e+00	1.062506e-05	1.344439e-04	4.571116e-02	6.062167e+00	2.687802e-02	-7.457745e+01	0.000000e+00	106
5.300000e+04	0.000000e+00	1.067089e-05	1.330047e-04	4.547748e-02	6.053574e+00	2.674502e-02	-7.457745e+01	0.000000e+00	107
5.350000e+04	0.000000e+00	1.071460e-05	1.315978e-04	4.524656e-02	6.044999e+00	2.661342e-02	-7.457745e+01	0.000000e+00	108
5.400000e+04	0.000000e+00	1.075669e-05	1.302221e-04	4.501834e-02	6.036442e+00	2.648319e-02	-7.457745e+01	0.000000e+00	109
5.450000e+04	0.000000e+00	1.079762e-05	1.288765e-04	4.479275e-02	6.027903e+00	2.635431e-02	-7.457745e+01	0.000000e+00	110
5.500000e+04	0.000000e+00	1.083562e-05	1.275600e-04	4.456972e-02	6.019382e+00	2.622675e-02	-7.457745e+01	0.000000e+00	111
5.550000e+04	0.000000e+00	1.087298e-05	1.262715e-04	4.434919e-02	6.010880e+00	2.610048e-02	-7.457745e+01	0.000000e+00	112
5.600000e+04	0.000000e+00	1.090737e-05	1.250102e-04	4.413111e-02	6.002396e+00	2.597546e-02	-7.457745e+01	0.000000e+00	113
5.650000e+04	0.000000e+00	1.094117e-05	1.237751e-04	4.391542e-02	5.993930e+00	2.585169e-02	-7.457745e+01	0.000000e+00	114
5.700000e+04	0.000000e+00	1.097512e-05	1.225653e-04	4.370206e-02	5.985482e+00	2.572912e-02	-7.457745e+01	0.000000e+00	115
5.750000e+04	0.000000e+00	1.100773e-05	1.213800e-04	4.349098e-02	5.977053e+00	2.560774e-02	-7.457745e+01	0.000000e+00	116
5.800000e+04	0.000000e+00	1.103648e-05	1.202185e-04	4.328214e-02	5.968643e+00	2.548752e-02	-7.457745e+01	0.000000e+00	117
5.850000e+04	0.000000e+00	1.106517e-05	1.190799e-04	4.307548e-02	5.960251e+00	2.536843e-02	-7.457745e+01	0.000000e+00	118
5.900000e+04	0.000000e+00	1.109293e-05	1.179635e-04	4.287095e-02	5.951878e+00	2.525047e-02	-7.457745e+01	0.000000e+00	119
5.950000e+04	0.000000e+00	1.111902e-05	1.168687e-04	4.266851e-02	5.943523e+00	2.513360e-02	-7.457745e+01	0.000000e+00	120
6.000000e+04	0.000000e+00	1.114488e-05	1.157947e-04	4.246811e-02	5.935187e+00	2.501780e-02	-7.457745e+01	0.000000e+00	121
6.050000e+04	0.000000e+00	1.116950e-05	1.147410e-04	4.226972e-02	5.926871e+00	2.490306e-02	-7.457745e+01	0.000000e+00	122
6.100000e+04	0.000000e+00	1.119398e-05	1.137068e-04	4.207329e-02	5.918573e+00	2.478935e-02	-7.457745e+01	0.000000e+00	123
6.150000e+04	0.000000e+00	1.121549e-05	1.126916e-04	4.187877e-02	5.910294e+00	2.467665e-02	-7.457745e+01	0.000000e+00	124
6.200000e+04	0.000000e+00	1.123690e-05	1.116949e-04	4.168614e-02	5.902034e+00	2.456496e-02	-7.457745e+01	0.000000e+00	125
6.250000e+04	0.000000e+00	1.125777e-05	1.107160e-04	4.149535e-02	5.893793e+00	2.445424e-02	-7.457745e+01	0.000000e+00	126
6.300000e+04	0.000000e+00	1.127697e-05	1.097545e-04	4.130637e-02	5.885571e+00	2.434448e-02	-7.457745e+01	0.000000e+00	127
6.350000e+04	0.000000e+00	1.129629e-05	1.088099e-04	4.111916e-02	5.877368e+00	2.423567e-02	-7.457745e+01	0.000000e+00	128
6.400000e+04	0.000000e+00	1.131314e-05	1.078816e-04	4.093369e-02	5.869184e+00	2.412778e-02	-7.457745e+01	0.000000e+00	129
6.450000e+04	0.000000e+00	1.132987e-05	1.069692e-04	4.074993e-02	5.861019e+00	2.402081e-02	-7.457745e+01	0.000000e+00	130
6.500000e+04	0.000000e+00	1.134702e-05	1.060722e-04	4.056783e-02	5.852874e+00	2.391474e-02	-7.457745e+01	0.000000e+00	131
6.550000e+04	0.000000e+00	1.136372e-05	1.051903e-04	4.038738e-02	5.844748e+00	2.380955e-02	-7.457745e+01	0.000000e+00	132
6.600000e+04	0.000000e+00	1.137836e-05	1.043229e-04	4.020854e-02	5.836641e+00	2.370522e-02	-7.457745e+01	0.000000e+00	133
6.650000e+04	0.000000e+00	1.139086e-05	1.034697e-04	4.003129e-02	5.828553e+00	2.360175e-02	-7.457745e+01	0.000000e+00	134
6.700000e+04	0.000000e+00	1.140421e-05	1.026304e-04	3.985558e-02	5.820484e+00	2.349912e-02	-7.457745e+01	0.000000e+00	135
6.750000e+04	0.000000e+00	1.141647e-05	1.018044e-04	3.968141e-02	5.812435e+00	2.339731e-02	-7.457745e+01	0.000000e+00	136
6.800000e+04	0.000000e+00	1.142783e-05	1.009915e-04	3.950873e-02	5.804405e+00	2.329632e-02	-7.457745e+01	0.000000e+00	137
6.850000e+04	0.000000e+00	1.144024e-05	1.001913e-04	3.933752e-02	5.796394e+00	2.319612e-02	-7.457745e+01	0.000000e+00	138
6.900000e+04	0.000000e+00	1.145007e-05	9.940354e-05	3.916777e-02	5.788403e+00	2.309672e-02	-7.457745e+01	0.000000e+00	139
6.950000e+04	0.000000e+00	1.146165e-05	9.862780e-05	3.899943e-02	5.780431e+00	2.299809e-02	-7.457745e+01	0.000000e+00	140
7.000000e+04	0.000000e+00	1.146960e-05	9.786381e-05	3.883250e-02	5.772478e+00	2.290022e-02	-7.457745e+01	0.000000e+00	141
7.050000e+04	0.000000e+00	1.147768e-05	9.711127e-05	3.866694e-02	5.764545e+00	2.280311e-02	-7.457745e+01	0.000000e+00	142
7.100000e+04	0.000000e+00	1.148693e-05	9.636988e-05	3.850274e-02	5.756631e+00	2.270674e-02	-7.457745e+01	0.000000e+00	143
7.150000e+04	0.000000e+00	1.149432e-05	9.563936e-05	3.833986e-02	5.748737e+00	2.261110e-02	-7.457745e+01	0.000000e+00	144
7.200000e+04	0.000000e+00	1.150159e-05	9.491943e-05	3.817830e-02	5.740861e+00	2.251618e-02	-7.457745e+01	0.000000e+00	145
7.250000e+04	0.000000e+00	1.150900e-05	9.420985e-05	3.801803e-02	5.733005e+00	2.242196e-02	-7.457745e+01	0.000000e+00	146
7.300000e+04	0.000000e+00	1.151582e-05	9.351035e-05	3.785902e-02	5.725169e+00	2.232845e-02	-7.457745e+01	0.000000e+00	147
7.350000e+04	0.000000e+00	1.152029e-05	9.282069e-05	3.770127e-02	5.717352e+00	2.223563e-02	-7.457745e+01	0.000000e+00	148
7.400000e+04	0.000000e+00	1.152589e-05	9.214062e-05	3.754474e-02	5.709554e+00	2.214349e-02	-7.457745e+01	0.000000e+00	149
7.450000e+04	0.000000e+00	1.153202e-05	9.146993e-05	3.738943e-02	5.701776e+00	2.205201e-02	-7.457745e+01	0.000000e+00	150
7.500000e+04	0.000000e+00	1.153611e-05	9.080839e-05	3.723530e-02	5.694017e+00	2.196120e-02	-7.457745e+01	0.000000e+00	151
7.550000e+04	0.000000e+00	1.154023e-05	9.015578e-05	3.708236e-02	5.686277e+00	2.187105e-02	-7.457745e+01	0.000000e+00	152
7.600000e+04	0.000000e+00	1.154422e-05	8.951190e-05	3.693057e-02	5.678557e+00	2.178153e-02	-7.457745e+01	0.000000e+00	153
7.650000e+04	0.000000e+00	1.154617e-05	8.887654e-05	3.677992e-02	5.670856e+00	2.169265e-02	-7.457745e+01	0.000000e+00	154
7.700000e+04	0.000000e+00	1.154937e-05	8.824951e-05	3.663040e-02	5.663175e+00	2.160440e-02	-7.457745e+01	0.000000e+00	155
7.750000e+04	0.000000e+00	1.155215e-05	8.763062e-05	3.648198e-02	5.655513e+00	2.151677e-02	-7.457745e+01	0.000000e+00	156
7.800000e+04	0.000000e+00	1.155374e-05	8.701968e-05	3.633465e-02	5.647870e+00	2.142975e-02	-7.457745e+01	0.000000e+00	157
7.850000e+04	0.000000e+00	1.155647e-05	8.641653e-05	3.618841e-02	5.640246e+00	2.134333e-02	-7.457745e+01	0.000000e+00	158
7.900000e+04	0.000000e+00	1.155734e-05	8.582098e-05	3.604322e-02	5.632642e+00	2.125751e-02	-7.457745e+01	0.000000e+00	159
7.950000e+04	0.000000e+00	1.155842e-05	8.523287e-05	3.589908e-02	5.625057e+00	2.117227e-02	-7.457745e+01	0.000000e+00	160
8.000000e+04	0.000000e+00	1.156039e-05	8.465204e-05	3.575598e-02	5.617492e+00	2.108762e-02	-7.457745e+01	0.000000e+00	161
8.050000e+04	0.000000e+00	1.156041e-05	8.407833e-05	3.561389e-02	5.609946e+00	2.100354e-02	-7.457745e+01	0.000000e+00	162
8.100000e+04	0.000000e+00	1.155985e-05	8.351160e-05	3.547281e-02	5.602419e+00	2.092003e-02	-7.457745e+01	0.000000e+00	163
8.150000e+04	0.000000e+00	1.156035e-05	8.295168e-05	3.533272e-02	5.594911e+00	2.083707e-02	-7.457745e+01	0.000000e+00	164
8.200000e+04	0.000000e+00	1.156016e-05	8.239844e-05	3.519361e-02	5.587422e+00	2.075467e-02	-7.457745e+01	0.000000e+00	165
8.250000e+04	0.000000e+00	1.155848e-05	8.185174e-05	3.505547e-02	5.579953e+00	2.067282e-02	-7.457745e+01	0.000000e+00	166
8.300000e+04	0.000000e+00	1.155824e-05	8.131144e-05	3.491828e-02	5.572503e+00	2.059151e-02	-7.457745e+01	0.000000e+00	167
8.350000e+04	0.000000e+00	1.155658e-05	8.077742e-05	3.478203e-02	5.565072e+00	2.051073e-02	-7.457745e+01	0.000000e+00	168
8.400000e+04	0.000000e+00	1.155527e-05	8.024954e-05	3.464671e-02	5.557660e+00	2.043048e-02	-7.457745e+01	0.000000e+00	169
8.450000e+04	0.000000e+00	1.155363e-05	7.972768e-05	3.451231e-02	5.550268e+00	2.035075e-02	-7.457745e+01	0.000000e+00	170
8.500000e+04	0.000000e+00	1.155117e-05	7.921173e-05	3.437881e-02	5.542895e+00	2.027153e-02	-7.457745e+01	0.000000e+00	171
8.550000e+04	0.000000e+00	1.154917e-05	7.870156e-05	3.424622e-02	5.535540e+00	2.019283e-02	-7.457745e+01	0.000000e+00	172
8.600000e+04	0.000000e+00	1.154591e-05	7.819706e-05	3.411450e-02	5.528205e+00	2.011463e-02	-7.457745e+01	0.000000e+00	173
8.650000e+04	0.000000e+00	1.154365e-05	7.769811e-05	3.398366e-02	5.520889e+00	2.003693e-02	-7.457745e+01	0.000000e+00	174
8.700000e+04	0.000000e+00	1.154053e-05	7.720463e-05	3.385369e-02	5.513592e+00	1.995973e-02	-7.457745e+01	0.000000e+00	175
8.750000e+04	0.000000e+00	1.153796e-05	7.671649e-05	3.372456e-02	5.506314e+00	1.988301e-02	-7.457745e+01	0.000000e+00	176
8.800000e+04	0.000000e+00	1.153508e-05	7.623359e-05	3.359628e-02	5.499055e+00	1.980677e-02	-7.457745e+01	0.000000e+00	177
8.850000e+04	0.000000e+00	1.153099e-05	7.575585e-05	3.346883e-02	5.491815e+00	1.973102e-02	-7.457745e+01	0.000000e+00	178
8.900000e+04	0.000000e+00	1.152674e-05	7.528315e-05	3.334221e-02	5.484594e+00	1.965573e-02	-7.457745e+01	0.000000e+00	179
8.950000e+04	0.000000e+00	1.152298e-05	7.481542e-05	3.321640e-02	5.477392e+00	1.958091e-02	-7.457745e+01	0.000000e+00	180
9.000000e+04	0.000000e+00	1.151851e-05	7.435255e-05	3.309140e-02	5.470208e+00	1.950656e-02	-7.457745e+01	0.000000e+00	181
9.050000e+04	0.000000e+00	1.151515e-05	7.389446e-05	3.296719e-02	5.463044e+00	1.943266e-02	-7.457745e+01	0.000000e+00	182
9.100000e+04	0.000000e+00	1.151045e-05	7.344106e-05	3.284377e-02	5.455899e+00	1.935922e-02	-7.457745e+01	0.000000e+00	183
9.150000e+04	0.000000e+00	1.150567e-05	7.299227e-05	3.272113e-02	5.448772e+00	1.928623e-02	-7.457745e+01	0.000000e+00	184
9.200000e+04	0.000000e+00	1.150129e-05	7.254801e-05	3.259925e-02	5.441664e+00	1.921368e-02	-7.457745e+01	0.000000e+00	185
9.250000e+04	0.000000e+00	1.149514e-05	7.210819e-05	3.247814e-02	5.434575e+00	1.914157e-02	-7.457745e+01	0.000000e+00	186
9.300000e+04	0.000000e+00	1.149072e-05	7.167274e-05	3.235778e-02	5.427505e+00	1.906989e-02	-7.457745e+01	0.000000e+00	187
9.350000e+04	0.000000e+00	1.148487e-05	7.124158e-05	3.223817e-02	5.420453e+00	1.899865e-02	-7.457745e+01	0.000000e+00	188
9.400000e+04	0.000000e+00	1.147863e-05	7.081464e-05	3.211929e-02	5.413421e+00	1.892784e-02	-7.457745e+01	0.000000e+00	189
9.450000e+04	0.000000e+00	1.147336e-05	7.039185e-05	3.200115e-02	5.406407e+00	1.885744e-02	-7.457745e+01	0.000000e+00	190
9.500000e+04	0.000000e+00	1.146905e-05	6.997313e-05	3.188372e-02	5.399411e+00	1.878747e-02	-7.457745e+01	0.000000e+00	191
9.550000e+04	0.000000e+00	1.146203e-05	6.955842e-05	3.176701e-02	5.392434e+00	1.871791e-02	-7.457745e+01	0.000000e+00	192
9.600000e+04	0.000000e+00	1.145468e-05	6.914765e-05	3.165100e-02	5.385476e+00	1.864876e-02	-7.457745e+01	0.000000e+00	193
9.650000e+04	0.000000e+00	1.144821e-05	6.874076e-05	3.153570e-02	5.378537e+00	1.858002e-02	-7.457745e+01	0.000000e+00	194
9.700000e+04	0.000000e+00	1.144175e-05	6.833768e-05	3.142109e-02	5.371615e+00	1.851168e-02	-7.457745e+01	0.000000e+00	195
9.750000e+04	0.000000e+00	1.143615e-05	6.793835e-05	3.130716e-02	5.364713e+00	1.844374e-02	-7.457745e+01	0.000000e+00	196
9.800000e+04	0.000000e+00	1.142891e-05	6.754271e-05	3.119391e-02	5.357829e+00	1.837619e-02	-7.457745e+01	0.000000e+00	197
9.850000e+04	0.000000e+00	1.142241e-05	6.715071e-05	3.108134e-02	5.350963e+00	1.830904e-02	-7.457745e+01	0.000000e+00	198
9.900000e+04	0.000000e+00	1.141452e-05	6.676227e-05	3.096942e-02	5.344116e+00	1.824228e-02	-7.457745e+01	0.000000e+00	199
9.950000e+04	0.000000e+00	1.140921e-05	6.637736e-05	3.085817e-02	5.337287e+00	1.817590e-02	-7.457745e+01	0.000000e+00	200
1.000000e+05	0.000000e+00	1.139959e-05	6.599590e-05	3.074757e-02	5.330476e+00	1.810990e-02	-7.457745e+01	0.000000e+00	201
1.005000e+05	0.000000e+00	1.139232e-05	6.561785e-05	3.063762e-02	5.323684e+00	1.804428e-02	-7.457745e+01	0.000000e+00	202
1.010000e+05	0.000000e+00	1.138618e-05	6.524316e-05	3.052830e-02	5.316910e+00	1.797904e-02	-7.457745e+01	0.000000e+00	203
1.015000e+05	0.000000e+00	1.137788e-05	6.487178e-05	3.041962e-02	5.310155e+00	1.791417e-02	-7.457745e+01	0.000000e+00	204
1.020000e+05	0.000000e+00	1.136916e-05	6.450364e-05	3.031157e-02	5.303417e+00	1.784966e-02	-7.457745e+01	0.000000e+00	205
1.025000e+05	0.000000e+00	1.136355e-05	6.413872e-05	3.020414e-02	5.296698e+00	1.778552e-02	-7.457745e+01	0.000000e+00	206
1.030000e+05	0.000000e+00	1.135488e-05	6.377695e-05	3.009733e-02	5.289997e+00	1.772174e-02	-7.457745e+01	0.000000e+00	207
1.035000e+05	0.000000e+00	1.134747e-05	6.341830e-05	2.999113e-02	5.283314e+00	1.765832e-02	-7.457745e+01	0.000000e+00	208
1.040000e+05	0.000000e+00	1.133836e-05	6.306271e-05	2.988553e-02	5.276650e+00	1.759526e-02	-7.457745e+01	0.000000e+00	209
1.045000e+05	0.000000e+00	1.133006e-05	6.271014e-05	2.978053e-02	5.270003e+00	1.753255e-02	-7.457745e+01	0.000000e+00	210
1.050000e+05	0.000000e+00	1.132069e-05	6.236055e-05	2.967612e-02	5.263374e+00	1.747019e-02	-7.457745e+01	0.000000e+00	211
1.055000e+05	0.000000e+00	1.131331e-05	6.201389e-05	2.957231e-02	5.256764e+00	1.740817e-02	-7.457745e+01	0.000000e+00	212
1.060000e+05	0.000000e+00	1.130429e-05	6.167012e-05	2.946907e-02	5.250171e+00	1.734650e-02	-7.457745e+01	0.000000e+00	213
1.065000e+05	0.000000e+00	1.129680e-05	6.132921e-05	2.936642e-02	5.243596e+00	1.728517e-02	-7.457745e+01	0.000000e+00	214
1.070000e+05	0.000000e+00	1.128793e-05	6.099111e-05	2.926433e-02	5.237039e+00	1.722418e-02	-7.457745e+01	0.000000e+00	215
1.075000e+05	0.000000e+00	1.127936e-05	6.065579e-05	2.916282e-02	5.230501e+00	1.716352e-02	-7.457745e+01	0.000000e+00	216
1.080000e+05	0.000000e+00	1.126999e-05	6.032320e-05	2.906187e-02	5.223979e+00	1.710320e-02	-7.457745e+01	0.000000e+00	217
1.085000e+05	0.000000e+00	1.126077e-05	5.999330e-05	2.896148e-02	5.217476e+00	1.704320e-02	-7.457745e+01	0.000000e+00	218
1.090000e+05	0.000000e+00	1.125157e-05	5.966607e-05	2.886164e-02	5.210991e+00	1.698353e-02	-7.457745e+01	0.000000e+00	219
1.095000e+05	0.000000e+00	1.124267e-05	5.934146e-05	2.876235e-02	5.204523e+00	1.692419e-02	-7.457745e+01	0.000000e+00	220
1.100000e+05	0.000000e+00	1.123621e-05	5.901944e-05	2.866360e-02	5.198073e+00	1.686517e-02	-7.457745e+01	0.000000e+00	221
1.105000e+05	0.000000e+00	1.122337e-05	5.869998e-05	2.856539e-02	5.191640e+00	1.680647e-02	-7.457745e+01	0.000000e+00	222
1.110000e+05	0.000000e+00	1.121447e-05	5.838303e-05	2.846772e-02	5.185225e+00	1.674808e-02	-7.457745e+01	0.000000e+00	223
1.115000e+05	0.000000e+00	1.120735e-05	5.806858e-05	2.837058e-02	5.178828e+00	1.669001e-02	-7.457745e+01	0.000000e+00	224
1.120000e+05	0.000000e+00	1.119694e-05	5.775658e-05	2.827396e-02	5.172448e+00	1.663226e-02	-7.457745e+01	0.000000e+00	225
1.125000e+05	0.000000e+00	1.118654e-05	5.744701e-05	2.817786e-02	5.166086e+00	1.657481e-02	-7.457745e+01	0.000000e+00	226
1.130000e+05	0.000000e+00	1.117667e-05	5.713982e-05	2.808229e-02	5.159742e+00	1.651767e-02	-7.457745e+01	0.000000e+00	227
1.135000e+05	0.000000e+00	1.116643e-05	5.683501e-05	2.798722e-02	5.153414e+00	1.646083e-02	-7.457745e+01	0.000000e+00	228
1.140000e+05	0.000000e+00	1.115747e-05	5.653252e-05	2.789267e-02	5.147105e+00	1.640430e-02	-7.457745e+01	0.000000e+00	229
1.145000e+05	0.000000e+00	1.115067e-05	5.623234e-05	2.779862e-02	5.140812e+00	1.634806e-02	-7.457745e+01	0.000000e+00	230
1.150000e+05	0.000000e+00	1.113823e-05	5.593443e-05	2.770507e-02	5.134537e+00	1.629213e-02	-7.457745e+01	0.000000e+00	231
1.155000e+05	0.000000e+00	1.112804e-05	5.563877e-05	2.761201e-02	5.128280e+00	1.623649e-02	-7.457745e+01	0.000000e+00	232
1.160000e+05	0.000000e+00	1.112037e-05	5.534533e-05	2.751945e-02	5.122039e+00	1.618114e-02	-7.457745e+01	0.000000e+00	233
1.165000e+05	0.000000e+00	1.110941e-05	5.505409e-05	2.742738e-02	5.115816e+00	1.612609e-02	-7.457745e+01	0.000000e+00	234
1.170000e+05	0.000000e+00	1.109831e-05	5.476500e-05	2.733580e-02	5.109610e+00	1.607132e-02	-7.457745e+01	0.000000e+00	235
1.175000e+05	0.000000e+00	1.108861e-05	5.447806e-05	2.724469e-02	5.103421e+00	1.601684e-02	-7.457745e+01	0.000000e+00	236
1.180000e+05	0.000000e+00	1.107953e-05	5.419323e-05	2.715406e-02	5.097249e+00	1.596265e-02	-7.457745e+01	0.000000e+00	237
1.185000e+05	0.000000e+00	1.106970e-05	5.391049e-05	2.706391e-02	5.091095e+00	1.590874e-02	-7.457745e+01	0.000000e+00	238
1.190000e+05	0.000000e+00	1.105888e-05	5.362982e-05	2.697423e-02	5.084957e+00	1.585511e-02	-7.457745e+01	0.000000e+00	239
1.195000e+05	0.000000e+00	1.104841e-05	5.335118e-05	2.688501e-02	5.078837e+00	1.580175e-02	-7.457745e+01	0.000000e+00	240
1.200000e+05	0.000000e+00	1.103835e-05	5.307456e-05	2.679626e-02	5.072733e+00	1.574868e-05	-7.457745e+01	0.000000e+00	240
