0.000000e+00	0.000000e+00	0.000000e+00	-2.000000e+03	2.500000e-01	6.860000e+00	2.073800e-01	1.000000e+00	0.000000e+00	1
5.000000e+02	0.000000e+00	3.989023e+00	6.896164e-02	2.437893e-01	6.889124e+00	1.378754e-01	-7.861938e+01	0.000000e+00	2
1.000000e+03	0.000000e+00	0.000000e+00	1.335865e-02	2.267718e-01	6.900244e+00	1.245164e-01	-7.892976e+01	0.000000e+00	3
1.500000e+03	0.000000e+00	0.000000e+00	1.020494e-02	2.121363e-01	6.907295e+00	1.143112e-01	-7.911687e+01	0.000000e+00	4
2.000000e+03	0.000000e+00	0.000000e+00	8.760354e-03	1.997117e-01	6.911833e+00	1.055507e-01	-7.924348e+01	0.000000e+00	5
2.500000e+03	0.000000e+00	0.000000e+00	7.375594e-03	1.888395e-01	6.914665e+00	9.817494e-02	-7.933494e+01	0.000000e+00	6
3.000000e+03	0.000000e+00	0.000000e+00	6.131707e-03	1.791065e-01	6.916255e+00	9.204310e-02	-7.940437e+01	0.000000e+00	7
3.500000e+03	0.000000e+00	0.000000e+00	5.134876e-03	1.702980e-01	6.916892e+00	8.690811e-02	-7.945939e+01	0.000000e+00	8
4.000000e+03	0.000000e+00	0.000000e+00	4.376337e-03	1.622911e-01	6.916760e+00	8.253168e-02	-7.950463e+01	0.000000e+00	9
4.500000e+03	0.000000e+00	0.000000e+00	3.800906e-03	1.549969e-01	6.915986e+00	7.873069e-02	-7.954289e+01	0.000000e+00	10
5.000000e+03	0.000000e+00	0.000000e+00	3.354377e-03	1.483399e-01	6.914661e+00	7.537625e-02	-7.957591e+01	0.000000e+00	11
5.500000e+03	0.000000e+00	0.000000e+00	2.996876e-03	1.422523e-01	6.912854e+00	7.237931e-02	-7.960482e+01	0.000000e+00	12
6.000000e+03	0.000000e+00	0.000000e+00	2.702008e-03	1.366730e-01	6.910621e+00	6.967724e-02	-7.963039e+01	0.000000e+00	13
6.500000e+03	0.000000e+00	0.000000e+00	2.452841e-03	1.315476e-01	6.908007e+00	6.722435e-02	-7.965317e+01	0.000000e+00	14
7.000000e+03	0.000000e+00	0.000000e+00	2.238423e-03	1.268280e-01	6.905052e+00	6.498588e-02	-7.967357e+01	0.000000e+00	15
7.500000e+03	0.000000e+00	0.000000e+00	2.051442e-03	1.224720e-01	6.901787e+00	6.293439e-02	-7.969190e+01	0.000000e+00	16
8.000000e+03	0.000000e+00	0.000000e+00	1.886798e-03	1.184425e-01	6.898242e+00	6.104756e-02	-7.970844e+01	0.000000e+00	17
8.500000e+03	0.000000e+00	0.000000e+00	1.740773e-03	1.147068e-01	6.894442e+00	5.930675e-02	-7.972338e+01	0.000000e+00	18
9.000000e+03	0.000000e+00	3.621962e-06	1.610535e-03	1.112363e-01	6.890411e+00	5.769618e-02	-7.973692e+01	0.000000e+00	19
9.500000e+03	0.000000e+00	5.238002e-06	1.493858e-03	1.080057e-01	6.886167e+00	5.620229e-02	-7.974920e+01	0.000000e+00	20
1.000000e+04	0.000000e+00	5.415979e-06	1.388939e-03	1.049928e-01	6.881728e+00	5.481332e-02	-7.976036e+01	0.000000e+00	21
1.050000e+04	0.000000e+00	9.629214e-06	1.294288e-03	1.021777e-01	6.877112e+00	5.351901e-02	-7.977051e+01	0.000000e+00	22
1.100000e+04	0.000000e+00	1.230511e-05	1.208658e-03	9.954290e-02	6.872331e+00	5.231032e-02	-7.977975e+01	0.000000e+00	23
1.150000e+04	0.000000e+00	1.117611e-05	1.130986e-03	9.707270e-02	6.867400e+00	5.117932e-02	-7.978818e+01	0.000000e+00	24
1.200000e+04	0.000000e+00	1.141494e-05	1.060364e-03	9.475313e-02	6.862330e+00	5.011893e-02	-7.979586e+01	0.000000e+00	25
1.250000e+04	0.000000e+00	1.535901e-05	9.960079e-04	9.257166e-02	6.857131e+00	4.912290e-02	-7.980286e+01	0.000000e+00	26
1.300000e+04	0.000000e+00	1.696696e-05	9.372381e-04	9.051703e-02	6.851814e+00	4.818564e-02	-7.980925e+01	0.000000e+00	27
1.350000e+04	0.000000e+00	1.502845e-05	8.834614e-04	8.857911e-02	6.846387e+00	4.730216e-02	-7.981508e+01	0.000000e+00	28
1.400000e+04	0.000000e+00	1.796671e-05	8.341587e-04	8.674876e-02	6.840859e+00	4.646799e-02	-7.982040e+01	0.000000e+00	29
1.450000e+04	0.000000e+00	1.960433e-05	7.888742e-04	8.501773e-02	6.835236e+00	4.567910e-02	-7.982525e+01	0.000000e+00	30
1.500000e+04	0.000000e+00	1.845882e-05	7.472063e-04	8.337853e-02	6.829527e+00	4.493188e-02	-7.982967e+01	0.000000e+00	31
1.550000e+04	0.000000e+00	2.289800e-05	7.088003e-04	8.182436e-02	6.823736e+00	4.422306e-02	-7.983369e+01	0.000000e+00	32
1.600000e+04	0.000000e+00	2.347473e-05	6.733419e-04	8.034904e-02	6.817870e+00	4.354971e-02	-7.983734e+01	0.000000e+00	33
1.650000e+04	0.000000e+00	2.405132e-05	6.405522e-04	7.894694e-02	6.811934e+00	4.290914e-02	-7.984066e+01	0.000000e+00	34
1.700000e+04	0.000000e+00	2.449861e-05	6.101827e-04	7.761293e-02	6.805934e+00	4.229894e-02	-7.984367e+01	0.000000e+00	35
1.750000e+04	0.000000e+00	2.265624e-05	5.820122e-04	7.634231e-02	6.799872e+00	4.171692e-02	-7.984638e+01	0.000000e+00	36
1.800000e+04	0.000000e+00	2.641685e-05	5.558429e-04	7.513078e-02	6.793755e+00	4.116107e-02	-7.984883e+01	0.000000e+00	37
1.850000e+04	0.000000e+00	2.672191e-05	5.314976e-04	7.397439e-02	6.787585e+00	4.062956e-02	-7.985103e+01	0.000000e+00	38
1.900000e+04	0.000000e+00	2.753117e-05	5.088177e-04	7.286954e-02	6.781367e+00	4.012073e-02	-7.985300e+01	0.000000e+00	39
1.950000e+04	0.000000e+00	2.790047e-05	4.876603e-04	7.181288e-02	6.775103e+00	3.963306e-02	-7.985475e+01	0.000000e+00	40
2.000000e+04	0.000000e+00	2.791831e-05	4.678972e-04	7.080136e-02	6.768797e+00	3.916515e-02	-7.985630e+01	0.000000e+00	41
2.050000e+04	0.000000e+00	2.831928e-05	4.494126e-04	6.983215e-02	6.762452e+00	3.871573e-02	-7.985766e+01	0.000000e+00	42
2.100000e+04	0.000000e+00	2.746726e-05	4.321020e-04	6.890264e-02	6.756070e+00	3.828362e-02	-7.985885e+01	0.000000e+00	43
2.150000e+04	0.000000e+00	2.526688e-05	4.158710e-04	6.801042e-02	6.749655e+00	3.786774e-02	-7.985987e+01	0.000000e+00	44
2.200000e+04	0.000000e+00	2.781852e-05	4.006340e-04	6.715327e-02	6.743208e+00	3.746710e-02	-7.986074e+01	0.000000e+00	45
2.250000e+04	0.000000e+00	2.905088e-05	3.863133e-04	6.632912e-02	6.736732e+00	3.708078e-02	-7.986146e+01	0.000000e+00	46
2.300000e+04	0.000000e+00	2.578338e-05	3.728387e-04	6.553605e-02	6.730229e+00	3.670793e-02	-7.986205e+01	0.000000e+00	47
2.350000e+04	0.000000e+00	2.676521e-05	3.601460e-04	6.477228e-02	6.723700e+00	3.634778e-02	-7.986251e+01	0.000000e+00	48
2.400000e+04	0.000000e+00	3.073106e-05	3.481768e-04	6.403617e-02	6.717149e+00	3.599959e-02	-7.986285e+01	0.000000e+00	49
2.450000e+04	0.000000e+00	2.694527e-05	3.368780e-04	6.332618e-02	6.710576e+00	3.566271e-02	-7.986307e+01	0.000000e+00	50
2.500000e+04	0.000000e+00	3.140948e-05	3.262011e-04	6.264088e-02	6.703983e+00	3.533650e-02	-7.986319e+01	0.000000e+00	51
2.550000e+04	0.000000e+00	2.791338e-05	3.161015e-04	6.197893e-02	6.697372e+00	3.502039e-02	-7.986321e+01	0.000000e+00	52
2.600000e+04	0.000000e+00	3.124456e-05	3.065388e-04	6.133910e-02	6.690744e+00	3.471385e-02	-7.986321e+01	0.000000e+00	53
2.650000e+04	0.000000e+00	3.110886e-05	2.974756e-04	6.072022e-02	6.684100e+00	3.441637e-02	-7.986321e+01	0.000000e+00	54
2.700000e+04	0.000000e+00	3.158491e-05	2.888778e-04	6.012121e-02	6.677443e+00	3.412748e-02	-7.986321e+01	0.000000e+00	55
2.750000e+04	0.000000e+00	3.064754e-05	2.807141e-04	5.954106e-02	6.670772e+00	3.384676e-02	-7.986321e+01	0.000000e+00	56
2.800000e+04	0.000000e+00	3.168305e-05	2.729557e-04	5.897881e-02	6.664090e+00	3.357380e-02	-7.986321e+01	0.000000e+00	57
2.850000e+04	0.000000e+00	3.065307e-05	2.655759e-04	5.843358e-02	6.657398e+00	3.330822e-02	-7.986321e+01	0.000000e+00	58
2.900000e+04	0.000000e+00	3.184296e-05	2.585503e-04	5.790454e-02	6.650696e+00	3.304966e-02	-7.986321e+01	0.000000e+00	59
2.950000e+04	0.000000e+00	2.870607e-05	2.518564e-04	5.739089e-02	6.643985e+00	3.279780e-02	-7.986321e+01	0.000000e+00	60
3.000000e+04	0.000000e+00	3.187288e-05	2.454733e-04	5.689192e-02	6.637267e+00	3.255232e-02	-7.986321e+01	0.000000e+00	61
3.050000e+04	0.000000e+00	3.225691e-05	2.393818e-04	5.640693e-02	6.630543e+00	3.231294e-02	-7.986321e+01	0.000000e+00	62
3.100000e+04	0.000000e+00	2.901439e-05	2.335641e-04	5.593527e-02	6.623812e+00	3.207937e-02	-7.986321e+01	0.000000e+00	63
3.150000e+04	0.000000e+00	3.031235e-05	2.280036e-04	5.547633e-02	6.617077e+00	3.185136e-02	-7.986321e+01	0.000000e+00	64
3.200000e+04	0.000000e+00	2.883002e-05	2.226850e-04	5.502954e-02	6.610337e+00	3.162867e-02	-7.986321e+01	0.000000e+00	65
3.250000e+04	0.000000e+00	2.998461e-05	2.175943e-04	5.459436e-02	6.603595e+00	3.141107e-02	-7.986321e+01	0.000000e+00	66
3.300000e+04	0.000000e+00	3.347826e-05	2.127181e-04	5.417027e-02	6.596849e+00	3.119835e-02	-7.986321e+01	0.000000e+00	67
3.350000e+04	0.000000e+00	3.252537e-05	2.080443e-04	5.375680e-02	6.590101e+00	3.099030e-02	-7.986321e+01	0.000000e+00	68
3.400000e+04	0.000000e+00	3.327747e-05	2.035614e-04	5.335349e-02	6.583352e+00	3.078674e-02	-7.986321e+01	0.000000e+00	69
3.450000e+04	0.000000e+00	3.306629e-05	1.992587e-04	5.295992e-02	6.576603e+00	3.058747e-02	-7.986321e+01	0.000000e+00	70
3.500000e+04	0.000000e+00	3.359936e-05	1.951266e-04	5.257566e-02	6.569853e+00	3.039234e-02	-7.986321e+01	0.000000e+00	71
3.550000e+04	0.000000e+00	3.311743e-05	1.911556e-04	5.220036e-02	6.563103e+00	3.020118e-02	-7.986321e+01	0.000000e+00	72
3.600000e+04	0.000000e+00	3.351391e-05	1.873371e-04	5.183363e-02	6.556355e+00	3.001384e-02	-7.986321e+01	0.000000e+00	73
3.650000e+04	0.000000e+00	3.307803e-05	1.836632e-04	5.147513e-02	6.549608e+00	2.983018e-02	-7.986321e+01	0.000000e+00	74
3.700000e+04	0.000000e+00	3.254513e-05	1.801262e-04	5.112455e-02	6.542862e+00	2.965005e-02	-7.986321e+01	0.000000e+00	75
3.750000e+04	0.000000e+00	3.434545e-05	1.767192e-04	5.078156e-02	6.536120e+00	2.947332e-02	-7.986321e+01	0.000000e+00	76
3.800000e+04	0.000000e+00	3.069945e-05	1.734355e-04	5.044589e-02	6.529380e+00	2.929988e-02	-7.986321e+01	0.000000e+00	77
3.850000e+04	0.000000e+00	3.277587e-05	1.702689e-04	5.011724e-02	6.522643e+00	2.912961e-02	-7.986321e+01	0.000000e+00	78
3.900000e+04	0.000000e+00	3.115896e-05	1.672137e-04	4.979536e-02	6.515910e+00	2.896239e-02	-7.986321e+01	0.000000e+00	79
3.950000e+04	0.000000e+00	3.037223e-05	1.642644e-04	4.947999e-02	6.509181e+00	2.879813e-02	-7.986321e+01	0.000000e+00	80
4.000000e+04	0.000000e+00	3.119694e-05	1.614158e-04	4.917089e-02	6.502457e+00	2.863671e-02	-7.986321e+01	0.000000e+00	81
4.050000e+04	0.000000e+00	3.472229e-05	1.586631e-04	4.886785e-02	6.495737e+00	2.847804e-02	-7.986321e+01	0.000000e+00	82
4.100000e+04	0.000000e+00	3.301900e-05	1.560020e-04	4.857063e-02	6.489023e+00	2.832204e-02	-7.986321e+01	0.000000e+00	83
4.150000e+04	0.000000e+00	3.101614e-05	1.534279e-04	4.827905e-02	6.482314e+00	2.816861e-02	-7.986321e+01	0.000000e+00	84
4.200000e+04	0.000000e+00	3.026380e-05	1.509370e-04	4.799289e-02	6.475611e+00	2.801767e-02	-7.986321e+01	0.000000e+00	85
4.250000e+04	0.000000e+00	3.401705e-05	1.485255e-04	4.771197e-02	6.468915e+00	2.786914e-02	-7.986321e+01	0.000000e+00	86
4.300000e+04	0.000000e+00	3.133407e-05	1.461898e-04	4.743612e-02	6.462224e+00	2.772294e-02	-7.986321e+01	0.000000e+00	87
4.350000e+04	0.000000e+00	2.976871e-05	1.439265e-04	4.716517e-02	6.455541e+00	2.757901e-02	-7.986321e+01	0.000000e+00	88
4.400000e+04	0.000000e+00	3.228344e-05	1.417325e-04	4.689894e-02	6.448864e+00	2.743728e-02	-7.986321e+01	0.000000e+00	89
4.450000e+04	0.000000e+00	3.507749e-05	1.396047e-04	4.663730e-02	6.442195e+00	2.729767e-02	-7.986321e+01	0.000000e+00	90
4.500000e+04	0.000000e+00	3.482014e-05	1.375403e-04	4.638008e-02	6.435533e+00	2.716013e-02	-7.986321e+01	0.000000e+00	91
4.550000e+04	0.000000e+00	3.472196e-05	1.355366e-04	4.612715e-02	6.428879e+00	2.702459e-02	-7.986321e+01	0.000000e+00	92
4.600000e+04	0.000000e+00	3.430289e-05	1.335910e-04	4.587838e-02	6.422233e+00	2.689100e-02	-7.986321e+01	0.000000e+00	93
4.650000e+04	0.000000e+00	3.400190e-05	1.317012e-04	4.563362e-02	6.415595e+00	2.675929e-02	-7.986321e+01	0.000000e+00	94
4.700000e+04	0.000000e+00	3.376949e-05	1.298648e-04	4.539277e-02	6.408966e+00	2.662942e-02	-7.986321e+01	0.000000e+00	95
4.750000e+04	0.000000e+00	3.319141e-05	1.280798e-04	4.515569e-02	6.402345e+00	2.650134e-02	-7.986321e+01	0.000000e+00	96
4.800000e+04	0.000000e+00	3.457968e-05	1.263439e-04	4.492228e-02	6.395733e+00	2.637500e-02	-7.986321e+01	0.000000e+00	97
4.850000e+04	0.000000e+00	3.485248e-05	1.246554e-04	4.469243e-02	6.389130e+00	2.625034e-02	-7.986321e+01	0.000000e+00	98
4.900000e+04	0.000000e+00	3.366775e-05	1.230122e-04	4.446603e-02	6.382537e+00	2.612732e-02	-7.986321e+01	0.000000e+00	99
4.950000e+04	0.000000e+00	3.457278e-05	1.214127e-04	4.424298e-02	6.375952e+00	2.600591e-02	-7.986321e+01	0.000000e+00	100
5.000000e+04	0.000000e+00	3.213628e-05	1.198551e-04	4.402319e-02	6.369378e+00	2.588605e-02	-7.986321e+01	0.000000e+00	101
5.050000e+04	0.000000e+00	3.313809e-05	1.183380e-04	4.380656e-02	6.362813e+00	2.576771e-02	-7.986321e+01	0.000000e+00	102
5.100000e+04	0.000000e+00	3.503200e-05	1.168597e-04	4.359301e-02	6.356258e+00	2.565085e-02	-7.986321e+01	0.000000e+00	103
5.150000e+04	0.000000e+00	3.511383e-05	1.154188e-04	4.338245e-02	6.349713e+00	2.553543e-02	-7.986321e+01	0.000000e+00	104
5.200000e+04	0.000000e+00	3.179434e-05	1.140139e-04	4.317479e-02	6.343178e+00	2.542141e-02	-7.986321e+01	0.000000e+00	105
5.250000e+04	0.000000e+00	3.603919e-05	1.126437e-04	4.296996e-02	6.336653e+00	2.530876e-02	-7.986321e+01	0.000000e+00	106
5.300000e+04	0.000000e+00	3.174313e-05	1.113070e-04	4.276788e-02	6.330139e+00	2.519746e-02	-7.986321e+01	0.000000e+00	107
5.350000e+04	0.000000e+00	3.585909e-05	1.100025e-04	4.256849e-02	6.323636e+00	2.508745e-02	-7.986321e+01	0.000000e+00	108
5.400000e+04	0.000000e+00	3.482846e-05	1.087291e-04	4.237170e-02	6.317143e+00	2.497872e-02	-7.986321e+01	0.000000e+00	109
5.450000e+04	0.000000e+00	3.526828e-05	1.074858e-04	4.217746e-02	6.310662e+00	2.487123e-02	-7.986321e+01	0.000000e+00	110
5.500000e+04	0.000000e+00	3.480038e-05	1.062714e-04	4.198569e-02	6.304191e+00	2.476496e-02	-7.986321e+01	0.000000e+00	111
5.550000e+04	0.000000e+00	3.182127e-05	1.050851e-04	4.179634e-02	6.297731e+00	2.465987e-02	-7.986321e+01	0.000000e+00	112
5.600000e+04	0.000000e+00	3.196486e-05	1.039257e-04	4.160934e-02	6.291282e+00	2.455594e-02	-7.986321e+01	0.000000e+00	113
5.650000e+04	0.000000e+00	3.351745e-05	1.027925e-04	4.142464e-02	6.284845e+00	2.445315e-02	-7.986321e+01	0.000000e+00	114
5.700000e+04	0.000000e+00	3.556757e-05	1.016845e-04	4.124218e-02	6.278419e+00	2.435146e-02	-7.986321e+01	0.000000e+00	115
5.750000e+04	0.000000e+00	3.199730e-05	1.006009e-04	4.106190e-02	6.272004e+00	2.425086e-02	-7.986321e+01	0.000000e+00	116
5.800000e+04	0.000000e+00	3.112643e-05	9.954098e-05	4.088375e-02	6.265602e+00	2.415132e-02	-7.986321e+01	0.000000e+00	117
5.850000e+04	0.000000e+00	3.550308e-05	9.850385e-05	4.070769e-02	6.259210e+00	2.405281e-02	-7.986321e+01	0.000000e+00	118
5.900000e+04	0.000000e+00	3.361773e-05	9.748882e-05	4.053366e-02	6.252831e+00	2.395532e-02	-7.986321e+01	0.000000e+00	119
5.950000e+04	0.000000e+00	3.168784e-05	9.649519e-05	4.036161e-02	6.246463e+00	2.385882e-02	-7.986321e+01	0.000000e+00	120
6.000000e+04	0.000000e+00	3.542391e-05	9.552229e-05	4.019151e-02	6.240107e+00	2.376330e-02	-7.986321e+01	0.000000e+00	121
6.050000e+04	0.000000e+00	3.280805e-05	9.456945e-05	4.002330e-02	6.233763e+00	2.366873e-02	-7.986321e+01	0.000000e+00	122
6.100000e+04	0.000000e+00	3.449708e-05	9.363607e-05	3.985695e-02	6.227432e+00	2.357509e-02	-7.986321e+01	0.000000e+00	123
6.150000e+04	0.000000e+00	3.638064e-05	9.272153e-05	3.969240e-02	6.221112e+00	2.348237e-02	-7.986321e+01	0.000000e+00	124
6.200000e+04	0.000000e+00	3.335085e-05	9.182526e-05	3.952964e-02	6.214805e+00	2.339054e-02	-7.986321e+01	0.000000e+00	125
6.250000e+04	0.000000e+00	3.511845e-05	9.094672e-05	3.936860e-02	6.208509e+00	2.329959e-02	-7.986321e+01	0.000000e+00	126
6.300000e+04	0.000000e+00	3.591663e-05	9.008537e-05	3.920926e-02	6.202226e+00	2.320950e-02	-7.986321e+01	0.000000e+00	127
6.350000e+04	0.000000e+00	3.424005e-05	8.924069e-05	3.905158e-02	6.195956e+00	2.312026e-02	-7.986321e+01	0.000000e+00	128
6.400000e+04	0.000000e+00	3.445234e-05	8.841220e-05	3.889553e-02	6.189698e+00	2.303185e-02	-7.986321e+01	0.000000e+00	129
6.450000e+04	0.000000e+00	3.309700e-05	8.759943e-05	3.874107e-02	6.183452e+00	2.294424e-02	-7.986321e+01	0.000000e+00	130
6.500000e+04	0.000000e+00	3.251729e-05	8.680191e-05	3.858817e-02	6.177219e+00	2.285744e-02	-7.986321e+01	0.000000e+00	131
6.550000e+04	0.000000e+00	3.281715e-05	8.601921e-05	3.843679e-02	6.170999e+00	2.277142e-02	-7.986321e+01	0.000000e+00	132
6.600000e+04	0.000000e+00	3.260115e-05	8.525091e-05	3.828691e-02	6.164791e+00	2.268617e-02	-7.986321e+01	0.000000e+00	133
6.650000e+04	0.000000e+00	3.531695e-05	8.449659e-05	3.813850e-02	6.158595e+00	2.260167e-02	-7.986321e+01	0.000000e+00	134
6.700000e+04	0.000000e+00	3.629810e-05	8.375587e-05	3.799152e-02	6.152413e+00	2.251791e-02	-7.986321e+01	0.000000e+00	135
6.750000e+04	0.000000e+00	3.426335e-05	8.302838e-05	3.784595e-02	6.146243e+00	2.243488e-02	-7.986321e+01	0.000000e+00	136
6.800000e+04	0.000000e+00	3.567286e-05	8.231373e-05	3.770176e-02	6.140086e+00	2.235257e-02	-7.986321e+01	0.000000e+00	137
6.850000e+04	0.000000e+00	3.251201e-05	8.161159e-05	3.755893e-02	6.133942e+00	2.227095e-02	-7.986321e+01	0.000000e+00	138
6.900000e+04	0.000000e+00	3.319714e-05	8.092160e-05	3.741742e-02	6.127811e+00	2.219003e-02	-7.986321e+01	0.000000e+00	139
6.950000e+04	0.000000e+00	3.436263e-05	8.024346e-05	3.727722e-02	6.121693e+00	2.210978e-02	-7.986321e+01	0.000000e+00	140
7.000000e+04	0.000000e+00	3.238655e-05	7.957683e-05	3.713830e-02	6.115587e+00	2.203021e-02	-7.986321e+01	0.000000e+00	141
7.050000e+04	0.000000e+00	3.315756e-05	7.892141e-05	3.700063e-02	6.109495e+00	2.195128e-02	-7.986321e+01	0.000000e+00	142
7.100000e+04	0.000000e+00	3.636717e-05	7.827691e-05	3.686419e-02	6.103415e+00	2.187300e-02	-7.986321e+01	0.000000e+00	143
7.150000e+04	0.000000e+00	3.326225e-05	7.764305e-05	3.672897e-02	6.097349e+00	2.179536e-02	-7.986321e+01	0.000000e+00	144
7.200000e+04	0.000000e+00	3.635130e-05	7.701954e-05	3.659493e-02	6.091296e+00	2.171834e-02	-7.986321e+01	0.000000e+00	145
7.250000e+04	0.000000e+00	3.584355e-05	7.640612e-05	3.646206e-02	6.085255e+00	2.164193e-02	-7.986321e+01	0.000000e+00	146
7.300000e+04	0.000000e+00	3.410141e-05	7.580253e-05	3.633033e-02	6.079228e+00	2.156613e-02	-7.986321e+01	0.000000e+00	147
7.350000e+04	0.000000e+00	3.553469e-05	7.520853e-05	3.619973e-02	6.073214e+00	2.149092e-02	-7.986321e+01	0.000000e+00	148
7.400000e+04	0.000000e+00	3.503836e-05	7.462387e-05	3.607024e-02	6.067213e+00	2.141629e-02	-7.986321e+01	0.000000e+00	149
7.450000e+04	0.000000e+00	3.655953e-05	7.404832e-05	3.594184e-02	6.061225e+00	2.134224e-02	-7.986321e+01	0.000000e+00	150
7.500000e+04	0.000000e+00	3.544116e-05	7.348166e-05	3.581450e-02	6.055251e+00	2.126876e-02	-7.986321e+01	0.000000e+00	151
7.550000e+04	0.000000e+00	3.550121e-05	7.292366e-05	3.568822e-02	6.049289e+00	2.119583e-02	-7.986321e+01	0.000000e+00	152
7.600000e+04	0.000000e+00	3.597798e-05	7.237412e-05	3.556297e-02	6.043341e+00	2.112346e-02	-7.986321e+01	0.000000e+00	153
7.650000e+04	0.000000e+00	3.331956e-05	7.183282e-05	3.543874e-02	6.037406e+00	2.105162e-02	-7.986321e+01	0.000000e+00	154
7.700000e+04	0.000000e+00	3.577489e-05	7.129958e-05	3.531551e-02	6.031484e+00	2.098032e-02	-7.986321e+01	0.000000e+00	155
7.750000e+04	0.000000e+00	3.591148e-05	7.077420e-05	3.519326e-02	6.025576e+00	2.090955e-02	-7.986321e+01	0.000000e+00	156
7.800000e+04	0.000000e+00	3.613208e-05	7.025649e-05	3.507197e-02	6.019681e+00	2.083929e-02	-7.986321e+01	0.000000e+00	157
7.850000e+04	0.000000e+00	3.679325e-05	6.974627e-05	3.495165e-02	6.013799e+00	2.076954e-02	-7.986321e+01	0.000000e+00	158
7.900000e+04	0.000000e+00	3.604995e-05	6.924338e-05	3.483225e-02	6.007930e+00	2.070030e-02	-7.986321e+01	0.000000e+00	159
7.950000e+04	0.000000e+00	3.584685e-05	6.874763e-05	3.471379e-02	6.002075e+00	2.063155e-02	-7.986321e+01	0.000000e+00	160
8.000000e+04	0.000000e+00	3.241095e-05	6.825886e-05	3.459623e-02	5.996233e+00	2.056329e-02	-7.986321e+01	0.000000e+00	161
8.050000e+04	0.000000e+00	3.572817e-05	6.777692e-05	3.447956e-02	5.990404e+00	2.049551e-02	-7.986321e+01	0.000000e+00	162
8.100000e+04	0.000000e+00	3.224729e-05	6.730165e-05	3.436378e-02	5.984588e+00	2.042821e-02	-7.986321e+01	0.000000e+00	163
8.150000e+04	0.000000e+00	3.450899e-05	6.683289e-05	3.424886e-02	5.978786e+00	2.036137e-02	-7.986321e+01	0.000000e+00	164
8.200000e+04	0.000000e+00	3.663834e-05	6.637051e-05	3.413480e-02	5.972997e+00	2.029500e-02	-7.986321e+01	0.000000e+00	165
8.250000e+04	0.000000e+00	3.610436e-05	6.591436e-05	3.402158e-02	5.967222e+00	2.022908e-02	-7.986321e+01	0.000000e+00	166
8.300000e+04	0.000000e+00	3.317576e-05	6.546431e-05	3.390919e-02	5.961460e+00	2.016362e-02	-7.986321e+01	0.000000e+00	167
8.350000e+04	0.000000e+00	3.437463e-05	6.502021e-05	3.379762e-02	5.955711e+00	2.009860e-02	-7.986321e+01	0.000000e+00	168
8.400000e+04	0.000000e+00	3.679439e-05	6.458195e-05	3.368685e-02	5.949975e+00	2.003401e-02	-7.986321e+01	0.000000e+00	169
8.450000e+04	0.000000e+00	3.585795e-05	6.414939e-05	3.357688e-02	5.944253e+00	1.996986e-02	-7.986321e+01	0.000000e+00	170
8.500000e+04	0.000000e+00	3.389703e-05	6.372242e-05	3.346769e-02	5.938544e+00	1.990614e-02	-7.986321e+01	0.000000e+00	171
8.550000e+04	0.000000e+00	3.599731e-05	6.330091e-05	3.335927e-02	5.932848e+00	1.984284e-02	-7.986321e+01	0.000000e+00	172
8.600000e+04	0.000000e+00	3.627564e-05	6.288474e-05	3.325161e-02	5.927166e+00	1.977995e-02	-7.986321e+01	0.000000e+00	173
8.650000e+04	0.000000e+00	3.783851e-05	6.247382e-05	3.314471e-02	5.921497e+00	1.971748e-02	-7.986321e+01	0.000000e+00	174
8.700000e+04	0.000000e+00	3.364813e-05	6.206801e-05	3.303854e-02	5.915842e+00	1.965541e-02	-7.986321e+01	0.000000e+00	175
8.750000e+04	0.000000e+00	3.691791e-05	6.166723e-05	3.293311e-02	5.910199e+00	1.959374e-02	-7.986321e+01	0.000000e+00	176
8.800000e+04	0.000000e+00	3.778011e-05	6.127137e-05	3.282839e-02	5.904570e+00	1.953247e-02	-7.986321e+01	0.000000e+00	177
8.850000e+04	0.000000e+00	3.675898e-05	6.088032e-05	3.272439e-02	5.898955e+00	1.947158e-02	-7.986321e+01	0.000000e+00	178
8.900000e+04	0.000000e+00	3.592927e-05	6.049399e-05	3.262109e-02	5.893352e+00	1.941109e-02	-7.986321e+01	0.000000e+00	179
8.950000e+04	0.000000e+00	3.332617e-05	6.011229e-05	3.251848e-02	5.887763e+00	1.935098e-02	-7.986321e+01	0.000000e+00	180
9.000000e+04	0.000000e+00	3.616744e-05	5.973511e-05	3.241655e-02	5.882187e+00	1.929124e-02	-7.986321e+01	0.000000e+00	181
9.050000e+04	0.000000e+00	3.388998e-05	5.936238e-05	3.231530e-02	5.876625e+00	1.923188e-02	-7.986321e+01	0.000000e+00	182
9.100000e+04	0.000000e+00	3.635916e-05	5.899400e-05	3.221471e-02	5.871075e+00	1.917288e-02	-7.986321e+01	0.000000e+00	183
9.150000e+04	0.000000e+00	3.659143e-05	5.862989e-05	3.211478e-02	5.865539e+00	1.911425e-02	-7.986321e+01	0.000000e+00	184
9.200000e+04	0.000000e+00	3.648463e-05	5.826996e-05	3.201550e-02	5.860016e+00	1.905598e-02	-7.986321e+01	0.000000e+00	185
9.250000e+04	0.000000e+00	3.574346e-05	5.791414e-05	3.191686e-02	5.854507e+00	1.899806e-02	-7.986321e+01	0.000000e+00	186
9.300000e+04	0.000000e+00	3.676152e-05	5.756233e-05	3.181886e-02	5.849011e+00	1.894050e-02	-7.986321e+01	0.000000e+00	187
9.350000e+04	0.000000e+00	3.461869e-05	5.721448e-05	3.172147e-02	5.843528e+00	1.888328e-02	-7.986321e+01	0.000000e+00	188
9.400000e+04	0.000000e+00	3.644111e-05	5.687050e-05	3.162471e-02	5.838058e+00	1.882641e-02	-7.986321e+01	0.000000e+00	189
9.450000e+04	0.000000e+00	3.531766e-05	5.653032e-05	3.152856e-02	5.832601e+00	1.876988e-02	-7.986321e+01	0.000000e+00	190
9.500000e+04	0.000000e+00	3.533358e-05	5.619387e-05	3.143301e-02	5.827157e+00	1.871369e-02	-7.986321e+01	0.000000e+00	191
9.550000e+04	0.000000e+00	3.625383e-05	5.586108e-05	3.133805e-02	5.821727e+00	1.865782e-02	-7.986321e+01	0.000000e+00	192
9.600000e+04	0.000000e+00	3.239861e-05	5.553187e-05	3.124368e-02	5.816310e+00	1.860229e-02	-7.986321e+01	0.000000e+00	193
9.650000e+04	0.000000e+00	3.562817e-05	5.520620e-05	3.114990e-02	5.810906e+00	1.854708e-02	-7.986321e+01	0.000000e+00	194
9.700000e+04	0.000000e+00	3.350419e-05	5.488398e-05	3.105669e-02	5.805515e+00	1.849220e-02	-7.986321e+01	0.000000e+00	195
9.750000e+04	0.000000e+00	3.342034e-05	5.456517e-05	3.096405e-02	5.800138e+00	1.843763e-02	-7.986321e+01	0.000000e+00	196
9.800000e+04	0.000000e+00	3.628963e-05	5.424969e-05	3.087197e-02	5.794773e+00	1.838338e-02	-7.986321e+01	0.000000e+00	197
9.850000e+04	0.000000e+00	3.603125e-05	5.393749e-05	3.078044e-02	5.789421e+00	1.832944e-02	-7.986321e+01	0.000000e+00	198
9.900000e+04	0.000000e+00	3.348349e-05	5.362851e-05	3.068946e-02	5.784083e+00	1.827581e-02	-7.986321e+01	0.000000e+00	199
9.950000e+04	0.000000e+00	3.610227e-05	5.332269e-05	3.059903e-02	5.778758e+00	1.822249e-02	-7.986321e+01	0.000000e+00	200
1.000000e+05	0.000000e+00	3.675920e-05	5.301997e-05	3.050913e-02	5.773445e+00	1.816947e-02	-7.986321e+01	0.000000e+00	201
1.005000e+05	0.000000e+00	3.704767e-05	5.272032e-05	3.041977e-02	5.768146e+00	1.811675e-02	-7.986321e+01	0.000000e+00	202
1.010000e+05	0.000000e+00	3.264927e-05	5.242366e-05	3.033093e-02	5.762860e+00	1.806432e-02	-7.986321e+01	0.000000e+00	203
1.015000e+05	0.000000e+00	3.291243e-05	5.212995e-05	3.024261e-02	5.757587e+00	1.801219e-02	-7.986321e+01	0.000000e+00	204
1.020000e+05	0.000000e+00	3.665158e-05	5.183914e-05	3.015480e-02	5.752326e+00	1.796035e-02	-7.986321e+01	0.000000e+00	205
1.025000e+05	0.000000e+00	3.546221e-05	5.155118e-05	3.006750e-02	5.747079e+00	1.790880e-02	-7.986321e+01	0.000000e+00	206
1.030000e+05	0.000000e+00	3.618392e-05	5.126602e-05	2.998071e-02	5.741845e+00	1.785753e-02	-7.986321e+01	0.000000e+00	207
1.035000e+05	0.000000e+00	3.550722e-05	5.098362e-05	2.989441e-02	5.736624e+00	1.780655e-02	-7.986321e+01	0.000000e+00	208
1.040000e+05	0.000000e+00	3.413011e-05	5.070392e-05	2.980861e-02	5.731415e+00	1.775584e-02	-7.986321e+01	0.000000e+00	209
1.045000e+05	0.000000e+00	3.708521e-05	5.042689e-05	2.972329e-02	5.726220e+00	1.770541e-02	-7.986321e+01	0.000000e+00	210
1.050000e+05	0.000000e+00	3.710233e-05	5.015248e-05	2.963845e-02	5.721037e+00	1.765526e-02	-7.986321e+01	0.000000e+00	211
1.055000e+05	0.000000e+00	3.629963e-05	4.988064e-05	2.955410e-02	5.715867e+00	1.760538e-02	-7.986321e+01	0.000000e+00	212
1.060000e+05	0.000000e+00	3.272865e-05	4.961135e-05	2.947021e-02	5.710711e+00	1.755577e-02	-7.986321e+01	0.000000e+00	213
1.065000e+05	0.000000e+00	3.472586e-05	4.934454e-05	2.938679e-02	5.705567e+00	1.750642e-02	-7.986321e+01	0.000000e+00	214
1.070000e+05	0.000000e+00	3.370574e-05	4.908019e-05	2.930384e-02	5.700435e+00	1.745734e-02	-7.986321e+01	0.000000e+00	215
1.075000e+05	0.000000e+00	3.312905e-05	4.881826e-05	2.922135e-02	5.695317e+00	1.740852e-02	-7.986321e+01	0.000000e+00	216
1.080000e+05	0.000000e+00	3.732579e-05	4.855871e-05	2.913930e-02	5.690211e+00	1.735996e-02	-7.986321e+01	0.000000e+00	217
1.085000e+05	0.000000e+00	3.711768e-05	4.830149e-05	2.905771e-02	5.685118e+00	1.731166e-02	-7.986321e+01	0.000000e+00	218
1.090000e+05	0.000000e+00	3.411365e-05	4.804659e-05	2.897656e-02	5.680038e+00	1.726361e-02	-7.986321e+01	0.000000e+00	219
1.095000e+05	0.000000e+00	3.723824e-05	4.779394e-05	2.889586e-02	5.674971e+00	1.721582e-02	-7.986321e+01	0.000000e+00	220
1.100000e+05	0.000000e+00	3.329686e-05	4.754354e-05	2.881559e-02	5.669916e+00	1.716827e-02	-7.986321e+01	0.000000e+00	221
1.105000e+05	0.000000e+00	3.637425e-05	4.729533e-05	2.873575e-02	5.664874e+00	1.712098e-02	-7.986321e+01	0.000000e+00	222
1.110000e+05	0.000000e+00	3.740717e-05	4.704929e-05	2.865634e-02	5.659845e+00	1.707393e-02	-7.986321e+01	0.000000e+00	223
1.115000e+05	0.000000e+00	3.315824e-05	4.680538e-05	2.857736e-02	5.654828e+00	1.702712e-02	-7.986321e+01	0.000000e+00	224
1.120000e+05	0.000000e+00	3.733888e-05	4.656357e-05	2.849880e-02	5.649824e+00	1.698055e-02	-7.986321e+01	0.000000e+00	225
1.125000e+05	0.000000e+00	3.664133e-05	4.632384e-05	2.842065e-02	5.644833e+00	1.693423e-02	-7.986321e+01	0.000000e+00	226
1.130000e+05	0.000000e+00	3.678888e-05	4.608614e-05	2.834292e-02	5.639854e+00	1.688814e-02	-7.986321e+01	0.000000e+00	227
1.135000e+05	0.000000e+00	3.735386e-05	4.585046e-05	2.826559e-02	5.634888e+00	1.684229e-02	-7.986321e+01	0.000000e+00	228
1.140000e+05	0.000000e+00	3.718012e-05	4.561675e-05	2.818867e-02	5.629934e+00	1.679667e-02	-7.986321e+01	0.000000e+00	229
1.145000e+05	0.000000e+00	3.702898e-05	4.538499e-05	2.811215e-02	5.624993e+00	1.675129e-02	-7.986321e+01	0.000000e+00	230
1.150000e+05	0.000000e+00	3.749941e-05	4.515516e-05	2.803603e-02	5.620064e+00	1.670613e-02	-7.986321e+01	0.000000e+00	231
1.155000e+05	0.000000e+00	3.556656e-05	4.492723e-05	2.796030e-02	5.615148e+00	1.666120e-02	-7.986321e+01	0.000000e+00	232
1.160000e+05	0.000000e+00	3.471759e-05	4.470116e-05	2.788497e-02	5.610244e+00	1.661650e-02	-7.986321e+01	0.000000e+00	233
1.165000e+05	0.000000e+00	3.798635e-05	4.447694e-05	2.781002e-02	5.605352e+00	1.657202e-02	-7.986321e+01	0.000000e+00	234
1.170000e+05	0.000000e+00	3.411540e-05	4.425453e-05	2.773545e-02	5.600473e+00	1.652777e-02	-7.986321e+01	0.000000e+00	235
1.175000e+05	0.000000e+00	3.738730e-05	4.403391e-05	2.766127e-02	5.595607e+00	1.648373e-02	-7.986321e+01	0.000000e+00	236
1.180000e+05	0.000000e+00	3.707118e-05	4.381506e-05	2.758747e-02	5.590753e+00	1.643992e-02	-7.986321e+01	0.000000e+00	237
1.185000e+05	0.000000e+00	3.329884e-05	4.359796e-05	2.751403e-02	5.585911e+00	1.639632e-02	-7.986321e+01	0.000000e+00	238
1.190000e+05	0.000000e+00	3.408468e-05	4.338256e-05	2.744097e-02	5.581081e+00	1.635294e-02	-7.986321e+01	0.000000e+00	239
1.195000e+05	0.000000e+00	3.409303e-05	4.316887e-05	2.736828e-02	5.576264e+00	1.630977e-02	-7.986321e+01	0.000000e+00	240
1.200000e+05	0.000000e+00	3.477696e-05	4.295685e-05	2.729595e-02	5.571459e+00	1.626681e-05	-7.986321e+01	0.000000e+00	240
