0.000000e+00	0.000000e+00	0.000000e+00	-2.000000e+03	2.500000e-01	6.860000e+00	2.073800e-01	1.000000e+00	0.000000e+00	1
5.000000e+02	0.000000e+00	4.245611e+00	6.684671e-02	2.447499e-01	6.872848e+00	1.399904e-01	-7.416159e+01	0.000000e+00	2
1.000000e+03	0.000000e+00	0.000000e+00	1.340075e-02	2.281207e-01	6.870284e+00	1.265893e-01	-7.506154e+01	0.000000e+00	3
1.500000e+03	0.000000e+00	0.000000e+00	1.021094e-02	2.136859e-01	6.863901e+00	1.163781e-01	-7.559915e+01	0.000000e+00	4
2.000000e+03	0.000000e+00	0.000000e+00	8.812968e-03	2.013894e-01	6.855164e+00	1.075650e-01	-7.595601e+01	0.000000e+00	5
2.500000e+03	0.000000e+00	0.000000e+00	7.476031e-03	1.906127e-01	6.844841e+00	1.000888e-01	-7.620816e+01	0.000000e+00	6
3.000000e+03	0.000000e+00	0.000000e+00	6.254578e-03	1.809480e-01	6.833382e+00	9.383406e-02	-7.639502e+01	0.000000e+00	7
3.500000e+03	0.000000e+00	0.000000e+00	5.259670e-03	1.721787e-01	6.821067e+00	8.857427e-02	-7.653956e+01	0.000000e+00	8
4.000000e+03	0.000000e+00	0.000000e+00	4.495267e-03	1.641829e-01	6.808076e+00	8.407891e-02	-7.665559e+01	0.000000e+00	9
4.500000e+03	0.000000e+00	0.000000e+00	3.913584e-03	1.568756e-01	6.794532e+00	8.016524e-02	-7.675155e+01	0.000000e+00	10
5.000000e+03	0.000000e+00	0.000000e+00	3.462760e-03	1.501854e-01	6.780523e+00	7.670241e-02	-7.683263e+01	0.000000e+00	11
5.500000e+03	0.000000e+00	0.000000e+00	3.102959e-03	1.440484e-01	6.766116e+00	7.359939e-02	-7.690221e+01	0.000000e+00	12
6.000000e+03	0.000000e+00	0.000000e+00	2.807156e-03	1.384068e-01	6.751363e+00	7.079217e-02	-7.696253e+01	0.000000e+00	13
6.500000e+03	0.000000e+00	0.000000e+00	2.557809e-03	1.332088e-01	6.736308e+00	6.823431e-02	-7.701517e+01	0.000000e+00	14
7.000000e+03	0.000000e+00	0.000000e+00	2.343539e-03	1.284082e-01	6.720987e+00	6.589072e-02	-7.706132e+01	0.000000e+00	15
7.500000e+03	0.000000e+00	0.000000e+00	2.156775e-03	1.239642e-01	6.705431e+00	6.373390e-02	-7.710186e+01	0.000000e+00	16
8.000000e+03	0.000000e+00	0.000000e+00	1.992282e-03	1.198411e-01	6.689668e+00	6.174158e-02	-7.713754e+01	0.000000e+00	17
8.500000e+03	0.000000e+00	0.000000e+00	1.846275e-03	1.160070e-01	6.673721e+00	5.989526e-02	-7.716893e+01	0.000000e+00	18
9.000000e+03	0.000000e+00	0.000000e+00	1.715904e-03	1.124343e-01	6.657611e+00	5.817932e-02	-7.719653e+01	0.000000e+00	19
9.500000e+03	0.000000e+00	0.000000e+00	1.598942e-03	1.090982e-01	6.641357e+00	5.658035e-02	-7.722077e+01	0.000000e+00	20
1.000000e+04	0.000000e+00	3.715997e-06	1.493600e-03	1.059770e-01	6.624976e+00	5.508672e-02	-7.724201e+01	0.000000e+00	21
1.050000e+04	0.000000e+00	9.296488e-06	1.398406e-03	1.030514e-01	6.608483e+00	5.368828e-02	-7.726054e+01	0.000000e+00	22
1.100000e+04	0.000000e+00	1.329347e-05	1.312126e-03	1.003042e-01	6.591891e+00	5.237613e-02	-7.727666e+01	0.000000e+00	23
1.150000e+04	0.000000e+00	1.775678e-05	1.233719e-03	9.772005e-02	6.575214e+00	5.114238e-02	-7.729058e+01	0.000000e+00	24
1.200000e+04	0.000000e+00	2.129718e-05	1.162290e-03	9.528524e-02	6.558461e+00	4.998007e-02	-7.730253e+01	0.000000e+00	25
1.250000e+04	0.000000e+00	2.457497e-05	1.097069e-03	9.298748e-02	6.541643e+00	4.888298e-02	-7.731268e+01	0.000000e+00	26
1.300000e+04	0.000000e+00	2.925042e-05	1.037388e-03	9.081572e-02	6.524769e+00	4.784557e-02	-7.732120e+01	0.000000e+00	27
1.350000e+04	0.000000e+00	3.221577e-05	9.826634e-04	8.876002e-02	6.507848e+00	4.686289e-02	-7.732823e+01	0.000000e+00	28
1.400000e+04	0.000000e+00	3.327875e-05	9.323853e-04	8.681139e-02	6.490886e+00	4.593048e-02	-7.733390e+01	0.000000e+00	29
1.450000e+04	0.000000e+00	3.580327e-05	8.861047e-04	8.496170e-02	6.473892e+00	4.504436e-02	-7.733833e+01	0.000000e+00	30
1.500000e+04	0.000000e+00	3.791520e-05	8.434261e-04	8.320360e-02	6.456871e+00	4.420092e-02	-7.734162e+01	0.000000e+00	31
1.550000e+04	0.000000e+00	3.999303e-05	8.039996e-04	8.153039e-02	6.439829e+00	4.339690e-02	-7.734387e+01	0.000000e+00	32
1.600000e+04	0.000000e+00	4.230976e-05	7.675152e-04	7.993600e-02	6.422772e+00	4.262937e-02	-7.734516e+01	0.000000e+00	33
1.650000e+04	0.000000e+00	4.437701e-05	7.336973e-04	7.841487e-02	6.405704e+00	4.189566e-02	-7.734556e+01	0.000000e+00	34
1.700000e+04	0.000000e+00	4.582214e-05	7.023002e-04	7.696195e-02	6.388631e+00	4.119334e-02	-7.734556e+01	0.000000e+00	35
1.750000e+04	0.000000e+00	4.718974e-05	6.731051e-04	7.557261e-02	6.371556e+00	4.052022e-02	-7.734556e+01	0.000000e+00	36
1.800000e+04	0.000000e+00	4.809527e-05	6.459158e-04	7.424261e-02	6.354482e+00	3.987429e-02	-7.734556e+01	0.000000e+00	37
1.850000e+04	0.000000e+00	5.194913e-05	6.205569e-04	7.296807e-02	6.337415e+00	3.925372e-02	-7.734556e+01	0.000000e+00	38
1.900000e+04	0.000000e+00	5.351547e-05	5.968706e-04	7.174542e-02	6.320357e+00	3.865684e-02	-7.734556e+01	0.000000e+00	39
1.950000e+04	0.000000e+00	5.258962e-05	5.747154e-04	7.057137e-02	6.303311e+00	3.808211e-02	-7.734556e+01	0.000000e+00	40
2.000000e+04	0.000000e+00	5.378702e-05	5.539634e-04	6.944291e-02	6.286280e+00	3.752814e-02	-7.734556e+01	0.000000e+00	41
2.050000e+04	0.000000e+00	5.477044e-05	5.344995e-04	6.835725e-02	6.269266e+00	3.699363e-02	-7.734556e+01	0.000000e+00	42
2.100000e+04	0.000000e+00	5.773515e-05	5.162197e-04	6.731182e-02	6.252273e+00	3.647740e-02	-7.734556e+01	0.000000e+00	43
2.150000e+04	0.000000e+00	5.743657e-05	4.990298e-04	6.630423e-02	6.235302e+00	3.597836e-02	-7.734556e+01	0.000000e+00	44
2.200000e+04	0.000000e+00	5.843538e-05	4.828443e-04	6.533229e-02	6.218356e+00	3.549550e-02	-7.734556e+01	0.000000e+00	45
2.250000e+04	0.000000e+00	5.780465e-05	4.675859e-04	6.439397e-02	6.201437e+00	3.502791e-02	-7.734556e+01	0.000000e+00	46
2.300000e+04	0.000000e+00	5.757122e-05	4.531840e-04	6.348736e-02	6.184546e+00	3.457472e-02	-7.734556e+01	0.000000e+00	47
2.350000e+04	0.000000e+00	5.905042e-05	4.395747e-04	6.261072e-02	6.167685e+00	3.413513e-02	-7.734556e+01	0.000000e+00	48
2.400000e+04	0.000000e+00	6.054963e-05	4.266994e-04	6.176242e-02	6.150856e+00	3.370842e-02	-7.734556e+01	0.000000e+00	49
2.450000e+04	0.000000e+00	6.284643e-05	4.145051e-04	6.094094e-02	6.134061e+00	3.329391e-02	-7.734556e+01	0.000000e+00	50
2.500000e+04	0.000000e+00	6.202637e-05	4.029428e-04	6.014486e-02	6.117300e+00	3.289096e-02	-7.734556e+01	0.000000e+00	51
2.550000e+04	0.000000e+00	6.417825e-05	3.919682e-04	5.937288e-02	6.100575e+00	3.249898e-02	-7.734556e+01	0.000000e+00	52
2.600000e+04	0.000000e+00	6.183448e-05	3.815404e-04	5.862376e-02	6.083888e+00	3.211744e-02	-7.734556e+01	0.000000e+00	53
2.650000e+04	0.000000e+00	6.212474e-05	3.716221e-04	5.789636e-02	6.067239e+00	3.174581e-02	-7.734556e+01	0.000000e+00	54
2.700000e+04	0.000000e+00	6.310477e-05	3.621788e-04	5.718959e-02	6.050630e+00	3.138362e-02	-7.734556e+01	0.000000e+00	55
2.750000e+04	0.000000e+00	6.244041e-05	3.531792e-04	5.650248e-02	6.034062e+00	3.103043e-02	-7.734556e+01	0.000000e+00	56
2.800000e+04	0.000000e+00	6.504752e-05	3.445941e-04	5.583406e-02	6.017535e+00	3.068583e-02	-7.734556e+01	0.000000e+00	57
2.850000e+04	0.000000e+00	6.505446e-05	3.363969e-04	5.518347e-02	6.001050e+00	3.034943e-02	-7.734556e+01	0.000000e+00	58
2.900000e+04	0.000000e+00	6.736115e-05	3.285629e-04	5.454988e-02	5.984609e+00	3.002086e-02	-7.734556e+01	0.000000e+00	59
2.950000e+04	0.000000e+00	6.472901e-05	3.210693e-04	5.393251e-02	5.968213e+00	2.969978e-02	-7.734556e+01	0.000000e+00	60
3.000000e+04	0.000000e+00	6.687599e-05	3.138952e-04	5.333064e-02	5.951861e+00	2.938588e-02	-7.734556e+01	0.000000e+00	61
3.050000e+04	0.000000e+00	6.610091e-05	3.070211e-04	5.274359e-02	5.935554e+00	2.907885e-02	-7.734556e+01	0.000000e+00	62
3.100000e+04	0.000000e+00	6.582943e-05	3.004291e-04	5.217070e-02	5.919294e+00	2.877842e-02	-7.734556e+01	0.000000e+00	63
3.150000e+04	0.000000e+00	6.804560e-05	2.941025e-04	5.161139e-02	5.903081e+00	2.848431e-02	-7.734556e+01	0.000000e+00	64
3.200000e+04	0.000000e+00	6.819491e-05	2.880258e-04	5.106507e-02	5.886915e+00	2.819628e-02	-7.734556e+01	0.000000e+00	65
3.250000e+04	0.000000e+00	6.902744e-05	2.821847e-04	5.053120e-02	5.870797e+00	2.791409e-02	-7.734556e+01	0.000000e+00	66
3.300000e+04	0.000000e+00	6.913073e-05	2.765659e-04	5.000929e-02	5.854728e+00	2.763752e-02	-7.734556e+01	0.000000e+00	67
3.350000e+04	0.000000e+00	6.959733e-05	2.711569e-04	4.949886e-02	5.838707e+00	2.736635e-02	-7.734556e+01	0.000000e+00	68
3.400000e+04	0.000000e+00	6.885284e-05	2.659463e-04	4.899944e-02	5.822736e+00	2.710040e-02	-7.734556e+01	0.000000e+00	69
3.450000e+04	0.000000e+00	6.866275e-05	2.609233e-04	4.851061e-02	5.806815e+00	2.683947e-02	-7.734556e+01	0.000000e+00	70
3.500000e+04	0.000000e+00	6.960188e-05	2.560779e-04	4.803197e-02	5.790944e+00	2.658339e-02	-7.734556e+01	0.000000e+00	71
3.550000e+04	0.000000e+00	6.707690e-05	2.514006e-04	4.756314e-02	5.775123e+00	2.633198e-02	-7.734556e+01	0.000000e+00	72
3.600000e+04	0.000000e+00	6.911658e-05	2.468829e-04	4.710374e-02	5.759354e+00	2.608510e-02	-7.734556e+01	0.000000e+00	73
3.650000e+04	0.000000e+00	7.065562e-05	2.425165e-04	4.665344e-02	5.743635e+00	2.584258e-02	-7.734556e+01	0.000000e+00	74
3.700000e+04	0.000000e+00	7.074586e-05	2.382938e-04	4.621191e-02	5.727968e+00	2.560428e-02	-7.734556e+01	0.000000e+00	75
3.750000e+04	0.000000e+00	7.039955e-05	2.342076e-04	4.577885e-02	5.712353e+00	2.537006e-02	-7.734556e+01	0.000000e+00	76
3.800000e+04	0.000000e+00	6.804993e-05	2.302512e-04	4.535395e-02	5.696790e+00	2.513981e-02	-7.734556e+01	0.000000e+00	77
3.850000e+04	0.000000e+00	7.038738e-05	2.264185e-04	4.493693e-02	5.681279e+00	2.491339e-02	-7.734556e+01	0.000000e+00	78
3.900000e+04	0.000000e+00	6.862577e-05	2.227034e-04	4.452754e-02	5.665821e+00	2.469068e-02	-7.734556e+01	0.000000e+00	79
3.950000e+04	0.000000e+00	7.096085e-05	2.191004e-04	4.412551e-02	5.650415e+00	2.447157e-02	-7.734556e+01	0.000000e+00	80
4.000000e+04	0.000000e+00	6.937243e-05	2.156044e-04	4.373061e-02	5.635062e+00	2.425596e-02	-7.734556e+01	0.000000e+00	81
4.050000e+04	0.000000e+00	7.213946e-05	2.122104e-04	4.334260e-02	5.619762e+00	2.404375e-02	-7.734556e+01	0.000000e+00	82
4.100000e+04	0.000000e+00	6.996370e-05	2.089138e-04	4.296128e-02	5.604516e+00	2.383483e-02	-7.734556e+01	0.000000e+00	83
4.150000e+04	0.000000e+00	7.103697e-05	2.057104e-04	4.258642e-02	5.589323e+00	2.362912e-02	-7.734556e+01	0.000000e+00	84
4.200000e+04	0.000000e+00	7.149349e-05	2.025960e-04	4.221783e-02	5.574183e+00	2.342652e-02	-7.734556e+01	0.000000e+00	85
4.250000e+04	0.000000e+00	6.990131e-05	1.995668e-04	4.185532e-02	5.559097e+00	2.322695e-02	-7.734556e+01	0.000000e+00	86
4.300000e+04	0.000000e+00	7.227893e-05	1.966191e-04	4.149871e-02	5.544065e+00	2.303032e-02	-7.734556e+01	0.000000e+00	87
4.350000e+04	0.000000e+00	7.015218e-05	1.937495e-04	4.114783e-02	5.529086e+00	2.283657e-02	-7.734556e+01	0.000000e+00	88
4.400000e+04	0.000000e+00	7.276178e-05	1.909547e-04	4.080250e-02	5.514161e+00	2.264561e-02	-7.734556e+01	0.000000e+00	89
4.450000e+04	0.000000e+00	7.290222e-05	1.882318e-04	4.046258e-02	5.499291e+00	2.245738e-02	-7.734556e+01	0.000000e+00	90
4.500000e+04	0.000000e+00	7.286487e-05	1.855778e-04	4.012790e-02	5.484474e+00	2.227179e-02	-7.734556e+01	0.000000e+00	91
4.550000e+04	0.000000e+00	6.970917e-05	1.829899e-04	3.979832e-02	5.469711e+00	2.208880e-02	-7.734556e+01	0.000000e+00	92
4.600000e+04	0.000000e+00	7.044912e-05	1.804656e-04	3.947371e-02	5.455003e+00	2.190833e-02	-7.734556e+01	0.000000e+00	93
4.650000e+04	0.000000e+00	7.267142e-05	1.780023e-04	3.915393e-02	5.440349e+00	2.173033e-02	-7.734556e+01	0.000000e+00	94
4.700000e+04	0.000000e+00	7.047410e-05	1.755978e-04	3.883884e-02	5.425749e+00	2.155472e-02	-7.734556e+01	0.000000e+00	95
4.750000e+04	0.000000e+00	6.983185e-05	1.732498e-04	3.852833e-02	5.411203e+00	2.138147e-02	-7.734556e+01	0.000000e+00	96
4.800000e+04	0.000000e+00	6.932123e-05	1.709563e-04	3.822228e-02	5.396711e+00	2.121051e-02	-7.734556e+01	0.000000e+00	97
4.850000e+04	0.000000e+00	7.101927e-05	1.687151e-04	3.792058e-02	5.382274e+00	2.104179e-02	-7.734556e+01	0.000000e+00	98
4.900000e+04	0.000000e+00	7.326357e-05	1.665245e-04	3.762311e-02	5.367891e+00	2.087526e-02	-7.734556e+01	0.000000e+00	99
4.950000e+04	0.000000e+00	7.324287e-05	1.643826e-04	3.732977e-02	5.353562e+00	2.071088e-02	-7.734556e+01	0.000000e+00	100
5.000000e+04	0.000000e+00	7.210750e-05	1.622876e-04	3.704046e-02	5.339288e+00	2.054859e-02	-7.734556e+01	0.000000e+00	101
5.050000e+04	0.000000e+00	7.183121e-05	1.602380e-04	3.675508e-02	5.325067e+00	2.038835e-02	-7.734556e+01	0.000000e+00	102
5.100000e+04	0.000000e+00	7.180862e-05	1.582322e-04	3.647354e-02	5.310901e+00	2.023011e-02	-7.734556e+01	0.000000e+00	103
5.150000e+04	0.000000e+00	7.076622e-05	1.562687e-04	3.619575e-02	5.296789e+00	2.007384e-02	-7.734556e+01	0.000000e+00	104
5.200000e+04	0.000000e+00	7.078029e-05	1.543461e-04	3.592162e-02	5.282732e+00	1.991949e-02	-7.734556e+01	0.000000e+00	105
5.250000e+04	0.000000e+00	7.333444e-05	1.524629e-04	3.565107e-02	5.268728e+00	1.976702e-02	-7.734556e+01	0.000000e+00	106
5.300000e+04	0.000000e+00	7.304143e-05	1.506180e-04	3.538401e-02	5.254778e+00	1.961640e-02	-7.734556e+01	0.000000e+00	107
5.350000e+04	0.000000e+00	7.352441e-05	1.488100e-04	3.512037e-02	5.240883e+00	1.946759e-02	-7.734556e+01	0.000000e+00	108
5.400000e+04	0.000000e+00	7.253185e-05	1.470379e-04	3.486007e-02	5.227041e+00	1.932055e-02	-7.734556e+01	0.000000e+00	109
5.450000e+04	0.000000e+00	7.016773e-05	1.453004e-04	3.460305e-02	5.213253e+00	1.917525e-02	-7.734556e+01	0.000000e+00	110
5.500000e+04	0.000000e+00	7.359790e-05	1.435966e-04	3.434922e-02	5.199520e+00	1.903165e-02	-7.734556e+01	0.000000e+00	111
5.550000e+04	0.000000e+00	7.370997e-05	1.419253e-04	3.409852e-02	5.185839e+00	1.888972e-02	-7.734556e+01	0.000000e+00	112
5.600000e+04	0.000000e+00	7.368417e-05	1.402855e-04	3.385090e-02	5.172213e+00	1.874943e-02	-7.734556e+01	0.000000e+00	113
5.650000e+04	0.000000e+00	7.374174e-05	1.386758e-04	3.360627e-02	5.158640e+00	1.861075e-02	-7.734556e+01	0.000000e+00	114
5.700000e+04	0.000000e+00	7.373072e-05	1.370970e-04	3.336458e-02	5.145121e+00	1.847365e-02	-7.734556e+01	0.000000e+00	115
5.750000e+04	0.000000e+00	6.962163e-05	1.355466e-04	3.312578e-02	5.131655e+00	1.833810e-02	-7.734556e+01	0.000000e+00	116
5.800000e+04	0.000000e+00	7.269862e-05	1.340242e-04	3.288980e-02	5.118243e+00	1.820408e-02	-7.734556e+01	0.000000e+00	117
5.850000e+04	0.000000e+00	7.153276e-05	1.325289e-04	3.265658e-02	5.104884e+00	1.807154e-02	-7.734556e+01	0.000000e+00	118
5.900000e+04	0.000000e+00	7.173301e-05	1.310601e-04	3.242608e-02	5.091578e+00	1.794048e-02	-7.734556e+01	0.000000e+00	119
5.950000e+04	0.000000e+00	7.315090e-05	1.296170e-04	3.219824e-02	5.078325e+00	1.781086e-02	-7.734556e+01	0.000000e+00	120
6.000000e+04	0.000000e+00	7.080545e-05	1.281989e-04	3.197302e-02	5.065126e+00	1.768266e-02	-7.734556e+01	0.000000e+00	121
6.050000e+04	0.000000e+00	7.125178e-05	1.268050e-04	3.175035e-02	5.051979e+00	1.755585e-02	-7.734556e+01	0.000000e+00	122
6.100000e+04	0.000000e+00	7.307583e-05	1.254349e-04	3.153019e-02	5.038885e+00	1.743041e-02	-7.734556e+01	0.000000e+00	123
6.150000e+04	0.000000e+00	7.231962e-05	1.240877e-04	3.131250e-02	5.025844e+00	1.730632e-02	-7.734556e+01	0.000000e+00	124
6.200000e+04	0.000000e+00	7.289694e-05	1.227630e-04	3.109724e-02	5.012855e+00	1.718356e-02	-7.734556e+01	0.000000e+00	125
6.250000e+04	0.000000e+00	7.149329e-05	1.214602e-04	3.088435e-02	4.999919e+00	1.706210e-02	-7.734556e+01	0.000000e+00	126
6.300000e+04	0.000000e+00	7.057667e-05	1.201785e-04	3.067379e-02	4.987036e+00	1.694192e-02	-7.734556e+01	0.000000e+00	127
6.350000e+04	0.000000e+00	7.129835e-05	1.189177e-04	3.046553e-02	4.974204e+00	1.682300e-02	-7.734556e+01	0.000000e+00	128
6.400000e+04	0.000000e+00	7.309337e-05	1.176770e-04	3.025952e-02	4.961425e+00	1.670532e-02	-7.734556e+01	0.000000e+00	129
6.450000e+04	0.000000e+00	6.998319e-05	1.164560e-04	3.005572e-02	4.948698e+00	1.658886e-02	-7.734556e+01	0.000000e+00	130
6.500000e+04	0.000000e+00	7.209921e-05	1.152543e-04	2.985410e-02	4.936023e+00	1.647360e-02	-7.734556e+01	0.000000e+00	131
6.550000e+04	0.000000e+00	7.306663e-05	1.140713e-04	2.965462e-02	4.923399e+00	1.635953e-02	-7.734556e+01	0.000000e+00	132
6.600000e+04	0.000000e+00	7.165365e-05	1.129066e-04	2.945724e-02	4.910828e+00	1.624662e-02	-7.734556e+01	0.000000e+00	133
6.650000e+04	0.000000e+00	7.386536e-05	1.117597e-04	2.926193e-02	4.898308e+00	1.613486e-02	-7.734556e+01	0.000000e+00	134
6.700000e+04	0.000000e+00	7.375947e-05	1.106303e-04	2.906865e-02	4.885839e+00	1.602422e-02	-7.734556e+01	0.000000e+00	135
6.750000e+04	0.000000e+00	7.048536e-05	1.095179e-04	2.887737e-02	4.873422e+00	1.591470e-02	-7.734556e+01	0.000000e+00	136
6.800000e+04	0.000000e+00	7.285826e-05	1.084222e-04	2.868806e-02	4.861055e+00	1.580628e-02	-7.734556e+01	0.000000e+00	137
6.850000e+04	0.000000e+00	7.395403e-05	1.073427e-04	2.850068e-02	4.848740e+00	1.569894e-02	-7.734556e+01	0.000000e+00	138
6.900000e+04	0.000000e+00	7.366070e-05	1.062790e-04	2.831520e-02	4.836476e+00	1.559265e-02	-7.734556e+01	0.000000e+00	139
6.950000e+04	0.000000e+00	7.375222e-05	1.052310e-04	2.813160e-02	4.824263e+00	1.548742e-02	-7.734556e+01	0.000000e+00	140
7.000000e+04	0.000000e+00	7.343859e-05	1.041980e-04	2.794985e-02	4.812100e+00	1.538322e-02	-7.734556e+01	0.000000e+00	141
7.050000e+04	0.000000e+00	7.350202e-05	1.031800e-04	2.776991e-02	4.799988e+00	1.528004e-02	-7.734556e+01	0.000000e+00	142
7.100000e+04	0.000000e+00	7.266621e-05	1.021764e-04	2.759176e-02	4.787926e+00	1.517786e-02	-7.734556e+01	0.000000e+00	143
7.150000e+04	0.000000e+00	7.220392e-05	1.011871e-04	2.741537e-02	4.775915e+00	1.507667e-02	-7.734556e+01	0.000000e+00	144
7.200000e+04	0.000000e+00	7.317998e-05	1.002117e-04	2.724072e-02	4.763953e+00	1.497646e-02	-7.734556e+01	0.000000e+00	145
7.250000e+04	0.000000e+00	7.045655e-05	9.924990e-05	2.706777e-02	4.752042e+00	1.487721e-02	-7.734556e+01	0.000000e+00	146
7.300000e+04	0.000000e+00	7.321564e-05	9.830141e-05	2.689650e-02	4.740180e+00	1.477890e-02	-7.734556e+01	0.000000e+00	147
7.350000e+04	0.000000e+00	7.180544e-05	9.736598e-05	2.672690e-02	4.728368e+00	1.468153e-02	-7.734556e+01	0.000000e+00	148
7.400000e+04	0.000000e+00	7.037392e-05	9.644333e-05	2.655892e-02	4.716606e+00	1.458509e-02	-7.734556e+01	0.000000e+00	149
7.450000e+04	0.000000e+00	7.130206e-05	9.553320e-05	2.639256e-02	4.704893e+00	1.448955e-02	-7.734556e+01	0.000000e+00	150
7.500000e+04	0.000000e+00	7.250832e-05	9.463534e-05	2.622778e-02	4.693229e+00	1.439492e-02	-7.734556e+01	0.000000e+00	151
7.550000e+04	0.000000e+00	7.174740e-05	9.374950e-05	2.606456e-02	4.681615e+00	1.430116e-02	-7.734556e+01	0.000000e+00	152
7.600000e+04	0.000000e+00	7.255083e-05	9.287544e-05	2.590289e-02	4.670049e+00	1.420829e-02	-7.734556e+01	0.000000e+00	153
7.650000e+04	0.000000e+00	7.186607e-05	9.201293e-05	2.574274e-02	4.658532e+00	1.411627e-02	-7.734556e+01	0.000000e+00	154
7.700000e+04	0.000000e+00	7.148050e-05	9.116174e-05	2.558408e-02	4.647064e+00	1.402511e-02	-7.734556e+01	0.000000e+00	155
7.750000e+04	0.000000e+00	7.276665e-05	9.032167e-05	2.542690e-02	4.635644e+00	1.393479e-02	-7.734556e+01	0.000000e+00	156
7.800000e+04	0.000000e+00	7.213677e-05	8.949249e-05	2.527118e-02	4.624273e+00	1.384529e-02	-7.734556e+01	0.000000e+00	157
7.850000e+04	0.000000e+00	7.032710e-05	8.867399e-05	2.511689e-02	4.612950e+00	1.375662e-02	-7.734556e+01	0.000000e+00	158
7.900000e+04	0.000000e+00	7.250190e-05	8.786598e-05	2.496402e-02	4.601675e+00	1.366875e-02	-7.734556e+01	0.000000e+00	159
7.950000e+04	0.000000e+00	7.085405e-05	8.706826e-05	2.481255e-02	4.590448e+00	1.358168e-02	-7.734556e+01	0.000000e+00	160
8.000000e+04	0.000000e+00	7.236389e-05	8.628063e-05	2.466246e-02	4.579269e+00	1.349540e-02	-7.734556e+01	0.000000e+00	161
8.050000e+04	0.000000e+00	7.227684e-05	8.550292e-05	2.451373e-02	4.568137e+00	1.340989e-02	-7.734556e+01	0.000000e+00	162
8.100000e+04	0.000000e+00	7.108424e-05	8.473494e-05	2.436634e-02	4.557053e+00	1.332515e-02	-7.734556e+01	0.000000e+00	163
8.150000e+04	0.000000e+00	7.212356e-05	8.397652e-05	2.422028e-02	4.546016e+00	1.324118e-02	-7.734556e+01	0.000000e+00	164
8.200000e+04	0.000000e+00	7.057316e-05	8.322748e-05	2.407552e-02	4.535027e+00	1.315795e-02	-7.734556e+01	0.000000e+00	165
8.250000e+04	0.000000e+00	7.150521e-05	8.248766e-05	2.393206e-02	4.524084e+00	1.307546e-02	-7.734556e+01	0.000000e+00	166
8.300000e+04	0.000000e+00	7.180347e-05	8.175689e-05	2.378987e-02	4.513188e+00	1.299370e-02	-7.734556e+01	0.000000e+00	167
8.350000e+04	0.000000e+00	7.172630e-05	8.103502e-05	2.364894e-02	4.502339e+00	1.291266e-02	-7.734556e+01	0.000000e+00	168
8.400000e+04	0.000000e+00	7.141478e-05	8.032189e-05	2.350925e-02	4.491537e+00	1.283234e-02	-7.734556e+01	0.000000e+00	169
8.450000e+04	0.000000e+00	7.152824e-05	7.961735e-05	2.337078e-02	4.480780e+00	1.275272e-02	-7.734556e+01	0.000000e+00	170
8.500000e+04	0.000000e+00	7.147824e-05	7.892126e-05	2.323353e-02	4.470070e+00	1.267380e-02	-7.734556e+01	0.000000e+00	171
8.550000e+04	0.000000e+00	7.090210e-05	7.823346e-05	2.309747e-02	4.459407e+00	1.259556e-02	-7.734556e+01	0.000000e+00	172
8.600000e+04	0.000000e+00	7.124828e-05	7.755382e-05	2.296259e-02	4.448789e+00	1.251801e-02	-7.734556e+01	0.000000e+00	173
8.650000e+04	0.000000e+00	6.963181e-05	7.688220e-05	2.282887e-02	4.438216e+00	1.244112e-02	-7.734556e+01	0.000000e+00	174
8.700000e+04	0.000000e+00	7.116948e-05	7.621848e-05	2.269631e-02	4.427690e+00	1.236490e-02	-7.734556e+01	0.000000e+00	175
8.750000e+04	0.000000e+00	7.014294e-05	7.556251e-05	2.256489e-02	4.417209e+00	1.228934e-02	-7.734556e+01	0.000000e+00	176
8.800000e+04	0.000000e+00	7.099547e-05	7.491417e-05	2.243459e-02	4.406773e+00	1.221442e-02	-7.734556e+01	0.000000e+00	177
8.850000e+04	0.000000e+00	7.068015e-05	7.427334e-05	2.230539e-02	4.396382e+00	1.214015e-02	-7.734556e+01	0.000000e+00	178
8.900000e+04	0.000000e+00	7.086732e-05	7.363989e-05	2.217730e-02	4.386036e+00	1.206651e-02	-7.734556e+01	0.000000e+00	179
8.950000e+04	0.000000e+00	7.071410e-05	7.301371e-05	2.205029e-02	4.375736e+00	1.199349e-02	-7.734556e+01	0.000000e+00	180
9.000000e+04	0.000000e+00	7.069312e-05	7.239468e-05	2.192435e-02	4.365479e+00	1.192110e-02	-7.734556e+01	0.000000e+00	181
9.050000e+04	0.000000e+00	7.035041e-05	7.178269e-05	2.179946e-02	4.355268e+00	1.184931e-02	-7.734556e+01	0.000000e+00	182
9.100000e+04	0.000000e+00	6.953634e-05	7.117762e-05	2.167562e-02	4.345100e+00	1.177813e-02	-7.734556e+01	0.000000e+00	183
9.150000e+04	0.000000e+00	7.025576e-05	7.057937e-05	2.155282e-02	4.334977e+00	1.170755e-02	-7.734556e+01	0.000000e+00	184
9.200000e+04	0.000000e+00	7.021619e-05	6.998783e-05	2.143103e-02	4.324898e+00	1.163756e-02	-7.734556e+01	0.000000e+00	185
9.250000e+04	0.000000e+00	6.939302e-05	6.940289e-05	2.131026e-02	4.314863e+00	1.156816e-02	-7.734556e+01	0.000000e+00	186
9.300000e+04	0.000000e+00	6.998945e-05	6.882447e-05	2.119048e-02	4.304871e+00	1.149933e-02	-7.734556e+01	0.000000e+00	187
9.350000e+04	0.000000e+00	6.988683e-05	6.825245e-05	2.107168e-02	4.294923e+00	1.143108e-02	-7.734556e+01	0.000000e+00	188
9.400000e+04	0.000000e+00	6.910080e-05	6.768674e-05	2.095387e-02	4.285018e+00	1.136339e-02	-7.734556e+01	0.000000e+00	189
9.450000e+04	0.000000e+00	6.953246e-05	6.712724e-05	2.083701e-02	4.275157e+00	1.129626e-02	-7.734556e+01	0.000000e+00	190
9.500000e+04	0.000000e+00	6.978040e-05	6.657386e-05	2.072111e-02	4.265339e+00	1.122969e-02	-7.734556e+01	0.000000e+00	191
9.550000e+04	0.000000e+00	6.925018e-05	6.602652e-05	2.060615e-02	4.255563e+00	1.116366e-02	-7.734556e+01	0.000000e+00	192
9.600000e+04	0.000000e+00	6.952569e-05	6.548511e-05	2.049212e-02	4.245831e+00	1.109817e-02	-7.734556e+01	0.000000e+00	193
9.650000e+04	0.000000e+00	6.841862e-05	6.494956e-05	2.037901e-02	4.236141e+00	1.103322e-02	-7.734556e+01	0.000000e+00	194
9.700000e+04	0.000000e+00	6.909399e-05	6.441977e-05	2.026681e-02	4.226493e+00	1.096880e-02	-7.734556e+01	0.000000e+00	195
9.750000e+04	0.000000e+00	6.930167e-05	6.389567e-05	2.015552e-02	4.216888e+00	1.090490e-02	-7.734556e+01	0.000000e+00	196
9.800000e+04	0.000000e+00	6.902155e-05	6.337717e-05	2.004511e-02	4.207325e+00	1.084152e-02	-7.734556e+01	0.000000e+00	197
9.850000e+04	0.000000e+00	6.811347e-05	6.286418e-05	1.993559e-02	4.197804e+00	1.077866e-02	-7.734556e+01	0.000000e+00	198
9.900000e+04	0.000000e+00	6.899986e-05	6.235664e-05	1.982693e-02	4.188325e+00	1.071630e-02	-7.734556e+01	0.000000e+00	199
9.950000e+04	0.000000e+00	6.851124e-05	6.185446e-05	1.971914e-02	4.178887e+00	1.065445e-02	-7.734556e+01	0.000000e+00	200
1.000000e+05	0.000000e+00	6.855989e-05	6.135757e-05	1.961220e-02	4.169491e+00	1.059309e-02	-7.734556e+01	0.000000e+00	201
1.005000e+05	0.000000e+00	6.867847e-05	6.086589e-05	1.950610e-02	4.160136e+00	1.053222e-02	-7.734556e+01	0.000000e+00	202
1.010000e+05	0.000000e+00	6.813509e-05	6.037935e-05	1.940084e-02	4.150823e+00	1.047184e-02	-7.734556e+01	0.000000e+00	203
1.015000e+05	0.000000e+00	6.844533e-05	5.989788e-05	1.929640e-02	4.141550e+00	1.041194e-02	-7.734556e+01	0.000000e+00	204
1.020000e+05	0.000000e+00	6.811345e-05	5.942141e-05	1.919278e-02	4.132319e+00	1.035252e-02	-7.734556e+01	0.000000e+00	205
1.025000e+05	0.000000e+00	6.767709e-05	5.894986e-05	1.908997e-02	4.123128e+00	1.029357e-02	-7.734556e+01	0.000000e+00	206
1.030000e+05	0.000000e+00	6.803032e-05	5.848318e-05	1.898795e-02	4.113978e+00	1.023508e-02	-7.734556e+01	0.000000e+00	207
1.035000e+05	0.000000e+00	6.768213e-05	5.802129e-05	1.888673e-02	4.104868e+00	1.017706e-02	-7.734556e+01	0.000000e+00	208
1.040000e+05	0.000000e+00	6.800669e-05	5.756413e-05	1.878629e-02	4.095798e+00	1.011949e-02	-7.734556e+01	0.000000e+00	209
1.045000e+05	0.000000e+00	6.750124e-05	5.711164e-05	1.868662e-02	4.086769e+00	1.006238e-02	-7.734556e+01	0.000000e+00	210
1.050000e+05	0.000000e+00	6.754912e-05	5.666374e-05	1.858772e-02	4.077779e+00	1.000572e-02	-7.734556e+01	0.000000e+00	211
1.055000e+05	0.000000e+00	6.747665e-05	5.622039e-05	1.848958e-02	4.068829e+00	9.949495e-03	-7.734556e+01	0.000000e+00	212
1.060000e+05	0.000000e+00	6.700359e-05	5.578152e-05	1.839219e-02	4.059919e+00	9.893713e-03	-7.734556e+01	0.000000e+00	213
1.065000e+05	0.000000e+00	6.751923e-05	5.534707e-05	1.829554e-02	4.051048e+00	9.838365e-03	-7.734556e+01	0.000000e+00	214
1.070000e+05	0.000000e+00	6.707618e-05	5.491698e-05	1.819963e-02	4.042217e+00	9.783446e-03	-7.734556e+01	0.000000e+00	215
1.075000e+05	0.000000e+00	6.714680e-05	5.449119e-05	1.810444e-02	4.033425e+00	9.728954e-03	-7.734556e+01	0.000000e+00	216
1.080000e+05	0.000000e+00	6.677169e-05	5.406965e-05	1.800998e-02	4.024672e+00	9.674883e-03	-7.734556e+01	0.000000e+00	217
1.085000e+05	0.000000e+00	6.679802e-05	5.365231e-05	1.791623e-02	4.015958e+00	9.621230e-03	-7.734556e+01	0.000000e+00	218
1.090000e+05	0.000000e+00	6.690969e-05	5.323910e-05	1.782318e-02	4.007282e+00	9.567990e-03	-7.734556e+01	0.000000e+00	219
1.095000e+05	0.000000e+00	6.653422e-05	5.282998e-05	1.773083e-02	3.998645e+00	9.515159e-03	-7.734556e+01	0.000000e+00	220
1.100000e+05	0.000000e+00	6.640711e-05	5.242489e-05	1.763918e-02	3.990047e+00	9.462733e-03	-7.734556e+01	0.000000e+00	221
1.105000e+05	0.000000e+00	6.627454e-05	5.202378e-05	1.754821e-02	3.981486e+00	9.410708e-03	-7.734556e+01	0.000000e+00	222
1.110000e+05	0.000000e+00	6.643392e-05	5.162660e-05	1.745791e-02	3.972964e+00	9.359080e-03	-7.734556e+01	0.000000e+00	223
1.115000e+05	0.000000e+00	6.617650e-05	5.123330e-05	1.736829e-02	3.964480e+00	9.307846e-03	-7.734556e+01	0.000000e+00	224
1.120000e+05	0.000000e+00	6.630010e-05	5.084383e-05	1.727933e-02	3.956034e+00	9.257001e-03	-7.734556e+01	0.000000e+00	225
1.125000e+05	0.000000e+00	6.618112e-05	5.045815e-05	1.719103e-02	3.947625e+00	9.206542e-03	-7.734556e+01	0.000000e+00	226
1.130000e+05	0.000000e+00	6.600806e-05	5.007619e-05	1.710339e-02	3.939254e+00	9.156465e-03	-7.734556e+01	0.000000e+00	227
1.135000e+05	0.000000e+00	6.576375e-05	4.969793e-05	1.701638e-02	3.930920e+00	9.106766e-03	-7.734556e+01	0.000000e+00	228
1.140000e+05	0.000000e+00	6.581624e-05	4.932331e-05	1.693002e-02	3.922623e+00	9.057442e-03	-7.734556e+01	0.000000e+00	229
1.145000e+05	0.000000e+00	6.574739e-05	4.895228e-05	1.684429e-02	3.914363e+00	9.008488e-03	-7.734556e+01	0.000000e+00	230
1.150000e+05	0.000000e+00	6.558981e-05	4.858481e-05	1.675918e-02	3.906141e+00	8.959903e-03	-7.734556e+01	0.000000e+00	231
1.155000e+05	0.000000e+00	6.552189e-05	4.822085e-05	1.667470e-02	3.897955e+00	8.911681e-03	-7.734556e+01	0.000000e+00	232
1.160000e+05	0.000000e+00	6.523977e-05	4.786035e-05	1.659083e-02	3.889805e+00	8.863819e-03	-7.734556e+01	0.000000e+00	233
1.165000e+05	0.000000e+00	6.524087e-05	4.750327e-05	1.650757e-02	3.881692e+00	8.816315e-03	-7.734556e+01	0.000000e+00	234
1.170000e+05	0.000000e+00	6.490888e-05	4.714958e-05	1.642491e-02	3.873616e+00	8.769165e-03	-7.734556e+01	0.000000e+00	235
1.175000e+05	0.000000e+00	6.494373e-05	4.679922e-05	1.634285e-02	3.865575e+00	8.722365e-03	-7.734556e+01	0.000000e+00	236
1.180000e+05	0.000000e+00	6.477443e-05	4.645217e-05	1.626138e-02	3.857571e+00	8.675911e-03	-7.734556e+01	0.000000e+00	237
1.185000e+05	0.000000e+00	6.474848e-05	4.610838e-05	1.618049e-02	3.849602e+00	8.629802e-03	-7.734556e+01	0.000000e+00	238
1.190000e+05	0.000000e+00	6.446543e-05	4.576781e-05	1.610019e-02	3.841669e+00	8.584033e-03	-7.734556e+01	0.000000e+00	239
1.195000e+05	0.000000e+00	6.447852e-05	4.543042e-05	1.602046e-02	3.833772e+00	8.538602e-03	-7.734556e+01	0.000000e+00	240
1.200000e+05	0.000000e+00	6.432506e-05	4.509618e-05	1.594130e-02	3.825910e+00	8.493505e-06	-7.734556e+01	0.000000e+00	240
