0.000000e+00	0.000000e+00	0.000000e+00	-2.000000e+03	2.500000e-01	6.860000e+00	2.073800e-01	1.000000e+00	0.000000e+00	1
5.000000e+02	0.000000e+00	2.618073e+00	6.572572e-02	2.450761e-01	6.891329e+00	1.411116e-01	-7.344281e+01	0.000000e+00	2
1.000000e+03	0.000000e+00	0.000000e+00	1.305475e-02	2.288017e-01	6.907444e+00	1.280565e-01	-7.410553e+01	0.000000e+00	3
1.500000e+03	0.000000e+00	0.000000e+00	9.918050e-03	2.146726e-01	6.919660e+00	1.181382e-01	-7.458123e+01	0.000000e+00	4
2.000000e+03	0.000000e+00	0.000000e+00	8.562042e-03	2.026587e-01	6.929427e+00	1.095760e-01	-7.490447e+01	0.000000e+00	5
2.500000e+03	0.000000e+00	0.000000e+00	7.268839e-03	1.921609e-01	6.937506e+00	1.023070e-01	-7.513778e+01	0.000000e+00	6
3.000000e+03	0.000000e+00	0.000000e+00	6.078642e-03	1.827746e-01	6.944350e+00	9.622819e-02	-7.531416e+01	0.000000e+00	7
3.500000e+03	0.000000e+00	0.000000e+00	5.098530e-03	1.742788e-01	6.950244e+00	9.112955e-02	-7.545321e+01	0.000000e+00	8
4.000000e+03	0.000000e+00	0.000000e+00	4.338283e-03	1.665478e-01	6.955372e+00	8.679118e-02	-7.556692e+01	0.000000e+00	9
4.500000e+03	0.000000e+00	0.000000e+00	3.756307e-03	1.594954e-01	6.959862e+00	8.303479e-02	-7.566271e+01	0.000000e+00	10
5.000000e+03	0.000000e+00	0.000000e+00	3.304285e-03	1.530506e-01	6.963804e+00	7.973043e-02	-7.574524e+01	0.000000e+00	11
5.500000e+03	0.000000e+00	0.000000e+00	2.943770e-03	1.471508e-01	6.967268e+00	7.678660e-02	-7.581752e+01	0.000000e+00	12
6.000000e+03	0.000000e+00	0.000000e+00	2.648041e-03	1.417394e-01	6.970308e+00	7.413850e-02	-7.588159e+01	0.000000e+00	13
6.500000e+03	0.000000e+00	0.000000e+00	2.399438e-03	1.367657e-01	6.972967e+00	7.173902e-02	-7.593887e+01	0.000000e+00	14
7.000000e+03	0.000000e+00	0.000000e+00	2.186369e-03	1.321847e-01	6.975282e+00	6.955260e-02	-7.599042e+01	0.000000e+00	15
7.500000e+03	0.000000e+00	0.000000e+00	2.001077e-03	1.279564e-01	6.977287e+00	6.755148e-02	-7.603703e+01	0.000000e+00	16
8.000000e+03	0.000000e+00	0.000000e+00	1.838190e-03	1.240456e-01	6.979007e+00	6.571325e-02	-7.607936e+01	0.000000e+00	17
8.500000e+03	0.000000e+00	0.000000e+00	1.693836e-03	1.204213e-01	6.980468e+00	6.401938e-02	-7.611793e+01	0.000000e+00	18
9.000000e+03	0.000000e+00	0.000000e+00	1.565110e-03	1.170561e-01	6.981690e+00	6.245424e-02	-7.615318e+01	0.000000e+00	19
9.500000e+03	0.000000e+00	0.000000e+00	1.449755e-03	1.139256e-01	6.982693e+00	6.100446e-02	-7.618546e+01	0.000000e+00	20
1.000000e+04	0.000000e+00	0.000000e+00	1.345966e-03	1.110084e-01	6.983494e+00	5.965846e-02	-7.621511e+01	0.000000e+00	21
1.050000e+04	0.000000e+00	0.000000e+00	1.252266e-03	1.082854e-01	6.984109e+00	5.840617e-02	-7.624239e+01	0.000000e+00	22
1.100000e+04	0.000000e+00	0.000000e+00	1.167420e-03	1.057396e-01	6.984550e+00	5.723872e-02	-7.626753e+01	0.000000e+00	23
1.150000e+04	0.000000e+00	0.000000e+00	1.090389e-03	1.033559e-01	6.984831e+00	5.614831e-02	-7.629075e+01	0.000000e+00	24
1.200000e+04	0.000000e+00	0.000000e+00	1.020282e-03	1.011206e-01	6.984963e+00	5.512801e-02	-7.631222e+01	0.000000e+00	25
1.250000e+04	0.000000e+00	1.536890e-06	9.563338e-04	9.902156e-02	6.984956e+00	5.417166e-02	-7.633210e+01	0.000000e+00	26
1.300000e+04	0.000000e+00	5.572231e-06	8.978806e-04	9.704777e-02	6.984819e+00	5.327376e-02	-7.635054e+01	0.000000e+00	27
1.350000e+04	0.000000e+00	8.775085e-06	8.443438e-04	9.518934e-02	6.984562e+00	5.242940e-02	-7.636767e+01	0.000000e+00	28
1.400000e+04	0.000000e+00	8.389885e-06	7.952173e-04	9.343734e-02	6.984191e+00	5.163416e-02	-7.638359e+01	0.000000e+00	29
1.450000e+04	0.000000e+00	1.378285e-05	7.500560e-04	9.178367e-02	6.983715e+00	5.088409e-02	-7.639840e+01	0.000000e+00	30
1.500000e+04	0.000000e+00	1.608241e-05	7.084680e-04	9.022099e-02	6.983140e+00	5.017561e-02	-7.641220e+01	0.000000e+00	31
1.550000e+04	0.000000e+00	1.795556e-05	6.701063e-04	8.874262e-02	6.982471e+00	4.950549e-02	-7.642507e+01	0.000000e+00	32
1.600000e+04	0.000000e+00	1.810862e-05	6.346638e-04	8.734248e-02	6.981715e+00	4.887081e-02	-7.643708e+01	0.000000e+00	33
1.650000e+04	0.000000e+00	2.138180e-05	6.018671e-04	8.601502e-02	6.980877e+00	4.826893e-02	-7.644829e+01	0.000000e+00	34
1.700000e+04	0.000000e+00	1.918047e-05	5.714729e-04	8.475518e-02	6.979962e+00	4.769745e-02	-7.645877e+01	0.000000e+00	35
1.750000e+04	0.000000e+00	2.364680e-05	5.432640e-04	8.355832e-02	6.978973e+00	4.715417e-02	-7.646856e+01	0.000000e+00	36
1.800000e+04	0.000000e+00	2.524659e-05	5.170462e-04	8.242019e-02	6.977915e+00	4.663712e-02	-7.647773e+01	0.000000e+00	37
1.850000e+04	0.000000e+00	2.636442e-05	4.926452e-04	8.133689e-02	6.976793e+00	4.614446e-02	-7.648630e+01	0.000000e+00	38
1.900000e+04	0.000000e+00	2.749812e-05	4.699048e-04	8.030484e-02	6.975608e+00	4.567455e-02	-7.649433e+01	0.000000e+00	39
1.950000e+04	0.000000e+00	2.715169e-05	4.486843e-04	7.932073e-02	6.974366e+00	4.522585e-02	-7.650185e+01	0.000000e+00	40
2.000000e+04	0.000000e+00	2.792892e-05	4.288572e-04	7.838152e-02	6.973069e+00	4.479699e-02	-7.650889e+01	0.000000e+00	41
2.050000e+04	0.000000e+00	2.715798e-05	4.103090e-04	7.748442e-02	6.971720e+00	4.438667e-02	-7.651549e+01	0.000000e+00	42
2.100000e+04	0.000000e+00	2.994244e-05	3.929366e-04	7.662681e-02	6.970321e+00	4.399372e-02	-7.652167e+01	0.000000e+00	43
2.150000e+04	0.000000e+00	3.251431e-05	3.766463e-04	7.580632e-02	6.968875e+00	4.361707e-02	-7.652746e+01	0.000000e+00	44
2.200000e+04	0.000000e+00	3.151062e-05	3.613534e-04	7.502072e-02	6.967385e+00	4.325571e-02	-7.653289e+01	0.000000e+00	45
2.250000e+04	0.000000e+00	3.275045e-05	3.469809e-04	7.426794e-02	6.965853e+00	4.290872e-02	-7.653797e+01	0.000000e+00	46
2.300000e+04	0.000000e+00	3.262819e-05	3.334590e-04	7.354609e-02	6.964280e+00	4.257526e-02	-7.654273e+01	0.000000e+00	47
2.350000e+04	0.000000e+00	3.475705e-05	3.207239e-04	7.285339e-02	6.962670e+00	4.225453e-02	-7.654719e+01	0.000000e+00	48
2.400000e+04	0.000000e+00	3.541809e-05	3.087176e-04	7.218819e-02	6.961023e+00	4.194580e-02	-7.655136e+01	0.000000e+00	49
2.450000e+04	0.000000e+00	3.251413e-05	2.973871e-04	7.154895e-02	6.959342e+00	4.164841e-02	-7.655526e+01	0.000000e+00	50
2.500000e+04	0.000000e+00	3.593323e-05	2.866840e-04	7.093425e-02	6.957628e+00	4.136172e-02	-7.655890e+01	0.000000e+00	51
2.550000e+04	0.000000e+00	3.623017e-05	2.765640e-04	7.034276e-02	6.955882e+00	4.108515e-02	-7.656231e+01	0.000000e+00	52
2.600000e+04	0.000000e+00	3.549255e-05	2.669865e-04	6.977322e-02	6.954107e+00	4.081816e-02	-7.656548e+01	0.000000e+00	53
2.650000e+04	0.000000e+00	3.804771e-05	2.579143e-04	6.922448e-02	6.952304e+00	4.056024e-02	-7.656845e+01	0.000000e+00	54
2.700000e+04	0.000000e+00	3.846879e-05	2.493132e-04	6.869545e-02	6.950473e+00	4.031092e-02	-7.657120e+01	0.000000e+00	55
2.750000e+04	0.000000e+00	3.725146e-05	2.411518e-04	6.818512e-02	6.948617e+00	4.006976e-02	-7.657376e+01	0.000000e+00	56
2.800000e+04	0.000000e+00	3.863833e-05	2.334012e-04	6.769253e-02	6.946736e+00	3.983636e-02	-7.657614e+01	0.000000e+00	57
2.850000e+04	0.000000e+00	3.909064e-05	2.260348e-04	6.721679e-02	6.944832e+00	3.961032e-02	-7.657835e+01	0.000000e+00	58
2.900000e+04	0.000000e+00	3.984420e-05	2.190280e-04	6.675708e-02	6.942906e+00	3.939128e-02	-7.658039e+01	0.000000e+00	59
2.950000e+04	0.000000e+00	3.750442e-05	2.123581e-04	6.631259e-02	6.940958e+00	3.917892e-02	-7.658227e+01	0.000000e+00	60
3.000000e+04	0.000000e+00	4.018867e-05	2.060053e-04	6.588260e-02	6.938989e+00	3.897291e-02	-7.658400e+01	0.000000e+00	61
3.050000e+04	0.000000e+00	3.805583e-05	1.999472e-04	6.546642e-02	6.937002e+00	3.877296e-02	-7.658559e+01	0.000000e+00	62
3.100000e+04	0.000000e+00	3.841958e-05	1.941683e-04	6.506339e-02	6.934996e+00	3.857879e-02	-7.658704e+01	0.000000e+00	63
3.150000e+04	0.000000e+00	4.184852e-05	1.886515e-04	6.467290e-02	6.932972e+00	3.839013e-02	-7.658836e+01	0.000000e+00	64
3.200000e+04	0.000000e+00	4.000641e-05	1.833812e-04	6.429436e-02	6.930931e+00	3.820675e-02	-7.658956e+01	0.000000e+00	65
3.250000e+04	0.000000e+00	4.092672e-05	1.783432e-04	6.392725e-02	6.928874e+00	3.802840e-02	-7.659064e+01	0.000000e+00	66
3.300000e+04	0.000000e+00	4.104379e-05	1.735240e-04	6.357104e-02	6.926802e+00	3.785487e-02	-7.659161e+01	0.000000e+00	67
3.350000e+04	0.000000e+00	4.203830e-05	1.689113e-04	6.322526e-02	6.924715e+00	3.768596e-02	-7.659247e+01	0.000000e+00	68
3.400000e+04	0.000000e+00	4.279088e-05	1.644935e-04	6.288943e-02	6.922615e+00	3.752146e-02	-7.659322e+01	0.000000e+00	69
3.450000e+04	0.000000e+00	4.040491e-05	1.602600e-04	6.256314e-02	6.920501e+00	3.736120e-02	-7.659388e+01	0.000000e+00	70
3.500000e+04	0.000000e+00	4.110606e-05	1.562005e-04	6.224598e-02	6.918374e+00	3.720500e-02	-7.659444e+01	0.000000e+00	71
3.550000e+04	0.000000e+00	4.066673e-05	1.523059e-04	6.193754e-02	6.916235e+00	3.705269e-02	-7.659491e+01	0.000000e+00	72
3.600000e+04	0.000000e+00	4.343878e-05	1.485672e-04	6.163748e-02	6.914084e+00	3.690412e-02	-7.659529e+01	0.000000e+00	73
3.650000e+04	0.000000e+00	4.259546e-05	1.449764e-04	6.134545e-02	6.911923e+00	3.675914e-02	-7.659559e+01	0.000000e+00	74
3.700000e+04	0.000000e+00	4.119090e-05	1.415258e-04	6.106111e-02	6.909750e+00	3.661761e-02	-7.659581e+01	0.000000e+00	75
3.750000e+04	0.000000e+00	4.344282e-05	1.382082e-04	6.078416e-02	6.907568e+00	3.647940e-02	-7.659596e+01	0.000000e+00	76
3.800000e+04	0.000000e+00	4.077268e-05	1.350169e-04	6.051429e-02	6.905377e+00	3.634438e-02	-7.659603e+01	0.000000e+00	77
3.850000e+04	0.000000e+00	4.217726e-05	1.319455e-04	6.025124e-02	6.903176e+00	3.621243e-02	-7.659603e+01	0.000000e+00	78
3.900000e+04	0.000000e+00	4.249733e-05	1.289883e-04	5.999473e-02	6.900967e+00	3.608344e-02	-7.659603e+01	0.000000e+00	79
3.950000e+04	0.000000e+00	4.411114e-05	1.261395e-04	5.974451e-02	6.898749e+00	3.595730e-02	-7.659603e+01	0.000000e+00	80
4.000000e+04	0.000000e+00	4.326589e-05	1.233940e-04	5.950034e-02	6.896524e+00	3.583390e-02	-7.659603e+01	0.000000e+00	81
4.050000e+04	0.000000e+00	4.135324e-05	1.207470e-04	5.926199e-02	6.894291e+00	3.571315e-02	-7.659603e+01	0.000000e+00	82
4.100000e+04	0.000000e+00	4.492562e-05	1.181936e-04	5.902925e-02	6.892051e+00	3.559495e-02	-7.659603e+01	0.000000e+00	83
4.150000e+04	0.000000e+00	4.437757e-05	1.157297e-04	5.880190e-02	6.889804e+00	3.547922e-02	-7.659603e+01	0.000000e+00	84
4.200000e+04	0.000000e+00	4.383122e-05	1.133510e-04	5.857974e-02	6.887551e+00	3.536587e-02	-7.659603e+01	0.000000e+00	85
4.250000e+04	0.000000e+00	4.276122e-05	1.110537e-04	5.836260e-02	6.885293e+00	3.525481e-02	-7.659603e+01	0.000000e+00	86
4.300000e+04	0.000000e+00	4.518598e-05	1.088342e-04	5.815029e-02	6.883028e+00	3.514598e-02	-7.659603e+01	0.000000e+00	87
4.350000e+04	0.000000e+00	4.531213e-05	1.066890e-04	5.794264e-02	6.880758e+00	3.503929e-02	-7.659603e+01	0.000000e+00	88
4.400000e+04	0.000000e+00	4.267087e-05	1.046149e-04	5.773948e-02	6.878483e+00	3.493467e-02	-7.659603e+01	0.000000e+00	89
4.450000e+04	0.000000e+00	4.327529e-05	1.026087e-04	5.754066e-02	6.876204e+00	3.483206e-02	-7.659603e+01	0.000000e+00	90
4.500000e+04	0.000000e+00	4.560693e-05	1.006675e-04	5.734603e-02	6.873919e+00	3.473139e-02	-7.659603e+01	0.000000e+00	91
4.550000e+04	0.000000e+00	4.494562e-05	9.878863e-05	5.715545e-02	6.871631e+00	3.463260e-02	-7.659603e+01	0.000000e+00	92
4.600000e+04	0.000000e+00	4.575524e-05	9.696940e-05	5.696877e-02	6.869339e+00	3.453563e-02	-7.659603e+01	0.000000e+00	93
4.650000e+04	0.000000e+00	4.430817e-05	9.520736e-05	5.678588e-02	6.867043e+00	3.444042e-02	-7.659603e+01	0.000000e+00	94
4.700000e+04	0.000000e+00	4.497423e-05	9.350011e-05	5.660665e-02	6.864743e+00	3.434692e-02	-7.659603e+01	0.000000e+00	95
4.750000e+04	0.000000e+00	4.331829e-05	9.184547e-05	5.643094e-02	6.862440e+00	3.425507e-02	-7.659603e+01	0.000000e+00	96
4.800000e+04	0.000000e+00	4.239961e-05	9.024133e-05	5.625866e-02	6.860135e+00	3.416482e-02	-7.659603e+01	0.000000e+00	97
4.850000e+04	0.000000e+00	4.282198e-05	8.868558e-05	5.608969e-02	6.857826e+00	3.407614e-02	-7.659603e+01	0.000000e+00	98
4.900000e+04	0.000000e+00	4.432051e-05	8.717644e-05	5.592393e-02	6.855515e+00	3.398896e-02	-7.659603e+01	0.000000e+00	99
4.950000e+04	0.000000e+00	4.384451e-05	8.571196e-05	5.576127e-02	6.853202e+00	3.390325e-02	-7.659603e+01	0.000000e+00	100
5.000000e+04	0.000000e+00	4.630077e-05	8.429046e-05	5.560162e-02	6.850886e+00	3.381895e-02	-7.659603e+01	0.000000e+00	101
5.050000e+04	0.000000e+00	4.544655e-05	8.290940e-05	5.544488e-02	6.848568e+00	3.373604e-02	-7.659603e+01	0.000000e+00	102
5.100000e+04	0.000000e+00	4.363196e-05	8.156979e-05	5.529097e-02	6.846249e+00	3.365447e-02	-7.659603e+01	0.000000e+00	103
5.150000e+04	0.000000e+00	4.375450e-05	8.026786e-05	5.513980e-02	6.843928e+00	3.357420e-02	-7.659603e+01	0.000000e+00	104
5.200000e+04	0.000000e+00	4.598280e-05	7.900272e-05	5.499128e-02	6.841605e+00	3.349520e-02	-7.659603e+01	0.000000e+00	105
5.250000e+04	0.000000e+00	4.302185e-05	7.777304e-05	5.484535e-02	6.839282e+00	3.341742e-02	-7.659603e+01	0.000000e+00	106
5.300000e+04	0.000000e+00	4.565195e-05	7.657755e-05	5.470191e-02	6.836957e+00	3.334084e-02	-7.659603e+01	0.000000e+00	107
5.350000e+04	0.000000e+00	4.565203e-05	7.541500e-05	5.456091e-02	6.834631e+00	3.326543e-02	-7.659603e+01	0.000000e+00	108
5.400000e+04	0.000000e+00	4.641388e-05	7.428423e-05	5.442226e-02	6.832305e+00	3.319114e-02	-7.659603e+01	0.000000e+00	109
5.450000e+04	0.000000e+00	4.571227e-05	7.318409e-05	5.428590e-02	6.829977e+00	3.311796e-02	-7.659603e+01	0.000000e+00	110
5.500000e+04	0.000000e+00	4.475071e-05	7.211352e-05	5.415177e-02	6.827650e+00	3.304584e-02	-7.659603e+01	0.000000e+00	111
5.550000e+04	0.000000e+00	4.433704e-05	7.107147e-05	5.401980e-02	6.825321e+00	3.297477e-02	-7.659603e+01	0.000000e+00	112
5.600000e+04	0.000000e+00	4.343375e-05	7.005696e-05	5.388993e-02	6.822993e+00	3.290471e-02	-7.659603e+01	0.000000e+00	113
5.650000e+04	0.000000e+00	4.553357e-05	6.906904e-05	5.376210e-02	6.820664e+00	3.283564e-02	-7.659603e+01	0.000000e+00	114
5.700000e+04	0.000000e+00	4.598626e-05	6.810682e-05	5.363626e-02	6.818336e+00	3.276753e-02	-7.659603e+01	0.000000e+00	115
5.750000e+04	0.000000e+00	4.708952e-05	6.716940e-05	5.351235e-02	6.816008e+00	3.270036e-02	-7.659603e+01	0.000000e+00	116
5.800000e+04	0.000000e+00	4.690277e-05	6.625597e-05	5.339032e-02	6.813680e+00	3.263410e-02	-7.659603e+01	0.000000e+00	117
5.850000e+04	0.000000e+00	4.472623e-05	6.536573e-05	5.327012e-02	6.811352e+00	3.256874e-02	-7.659603e+01	0.000000e+00	118
5.900000e+04	0.000000e+00	4.471164e-05	6.449792e-05	5.315170e-02	6.809025e+00	3.250424e-02	-7.659603e+01	0.000000e+00	119
5.950000e+04	0.000000e+00	4.620921e-05	6.365179e-05	5.303501e-02	6.806698e+00	3.244058e-02	-7.659603e+01	0.000000e+00	120
6.000000e+04	0.000000e+00	4.725749e-05	6.282665e-05	5.292001e-02	6.804372e+00	3.237776e-02	-7.659603e+01	0.000000e+00	121
6.050000e+04	0.000000e+00	4.492041e-05	6.202182e-05	5.280666e-02	6.802047e+00	3.231573e-02	-7.659603e+01	0.000000e+00	122
6.100000e+04	0.000000e+00	4.403153e-05	6.123664e-05	5.269490e-02	6.799722e+00	3.225449e-02	-7.659603e+01	0.000000e+00	123
6.150000e+04	0.000000e+00	4.495745e-05	6.047050e-05	5.258471e-02	6.797399e+00	3.219402e-02	-7.659603e+01	0.000000e+00	124
6.200000e+04	0.000000e+00	4.450220e-05	5.972280e-05	5.247603e-02	6.795077e+00	3.213430e-02	-7.659603e+01	0.000000e+00	125
6.250000e+04	0.000000e+00	4.636704e-05	5.899296e-05	5.236883e-02	6.792756e+00	3.207530e-02	-7.659603e+01	0.000000e+00	126
6.300000e+04	0.000000e+00	4.670865e-05	5.828042e-05	5.226308e-02	6.790436e+00	3.201702e-02	-7.659603e+01	0.000000e+00	127
6.350000e+04	0.000000e+00	4.634653e-05	5.758465e-05	5.215874e-02	6.788117e+00	3.195944e-02	-7.659603e+01	0.000000e+00	128
6.400000e+04	0.000000e+00	4.621425e-05	5.690515e-05	5.205577e-02	6.785800e+00	3.190253e-02	-7.659603e+01	0.000000e+00	129
6.450000e+04	0.000000e+00	4.687245e-05	5.624140e-05	5.195414e-02	6.783484e+00	3.184629e-02	-7.659603e+01	0.000000e+00	130
6.500000e+04	0.000000e+00	4.661942e-05	5.559294e-05	5.185382e-02	6.781170e+00	3.179069e-02	-7.659603e+01	0.000000e+00	131
6.550000e+04	0.000000e+00	4.531835e-05	5.495932e-05	5.175477e-02	6.778858e+00	3.173573e-02	-7.659603e+01	0.000000e+00	132
6.600000e+04	0.000000e+00	4.624019e-05	5.434008e-05	5.165697e-02	6.776547e+00	3.168139e-02	-7.659603e+01	0.000000e+00	133
6.650000e+04	0.000000e+00	4.652732e-05	5.373480e-05	5.156038e-02	6.774238e+00	3.162766e-02	-7.659603e+01	0.000000e+00	134
6.700000e+04	0.000000e+00	4.733791e-05	5.314308e-05	5.146497e-02	6.771931e+00	3.157451e-02	-7.659603e+01	0.000000e+00	135
6.750000e+04	0.000000e+00	4.422397e-05	5.256450e-05	5.137073e-02	6.769626e+00	3.152195e-02	-7.659603e+01	0.000000e+00	136
6.800000e+04	0.000000e+00	4.538197e-05	5.199871e-05	5.127762e-02	6.767322e+00	3.146995e-02	-7.659603e+01	0.000000e+00	137
6.850000e+04	0.000000e+00	4.742587e-05	5.144532e-05	5.118561e-02	6.765021e+00	3.141850e-02	-7.659603e+01	0.000000e+00	138
6.900000e+04	0.000000e+00	4.806199e-05	5.090398e-05	5.109468e-02	6.762722e+00	3.136760e-02	-7.659603e+01	0.000000e+00	139
6.950000e+04	0.000000e+00	4.772845e-05	5.037435e-05	5.100481e-02	6.760425e+00	3.131722e-02	-7.659603e+01	0.000000e+00	140
7.000000e+04	0.000000e+00	4.804927e-05	4.985610e-05	5.091596e-02	6.758130e+00	3.126736e-02	-7.659603e+01	0.000000e+00	141
7.050000e+04	0.000000e+00	4.542308e-05	4.934889e-05	5.082813e-02	6.755838e+00	3.121801e-02	-7.659603e+01	0.000000e+00	142
7.100000e+04	0.000000e+00	4.728207e-05	4.885244e-05	5.074128e-02	6.753548e+00	3.116916e-02	-7.659603e+01	0.000000e+00	143
7.150000e+04	0.000000e+00	4.743638e-05	4.836643e-05	5.065539e-02	6.751260e+00	3.112079e-02	-7.659603e+01	0.000000e+00	144
7.200000e+04	0.000000e+00	4.563253e-05	4.789058e-05	5.057044e-02	6.748974e+00	3.107290e-02	-7.659603e+01	0.000000e+00	145
7.250000e+04	0.000000e+00	4.598805e-05	4.742462e-05	5.048642e-02	6.746692e+00	3.102548e-02	-7.659603e+01	0.000000e+00	146
7.300000e+04	0.000000e+00	4.633540e-05	4.696825e-05	5.040330e-02	6.744411e+00	3.097851e-02	-7.659603e+01	0.000000e+00	147
7.350000e+04	0.000000e+00	4.569306e-05	4.652125e-05	5.032105e-02	6.742133e+00	3.093198e-02	-7.659603e+01	0.000000e+00	148
7.400000e+04	0.000000e+00	4.806366e-05	4.608333e-05	5.023967e-02	6.739858e+00	3.088590e-02	-7.659603e+01	0.000000e+00	149
7.450000e+04	0.000000e+00	4.526224e-05	4.565426e-05	5.015914e-02	6.737586e+00	3.084024e-02	-7.659603e+01	0.000000e+00	150
7.500000e+04	0.000000e+00	4.712709e-05	4.523381e-05	5.007943e-02	6.735316e+00	3.079501e-02	-7.659603e+01	0.000000e+00	151
7.550000e+04	0.000000e+00	4.678937e-05	4.482174e-05	5.000053e-02	6.733049e+00	3.075019e-02	-7.659603e+01	0.000000e+00	152
7.600000e+04	0.000000e+00	4.668421e-05	4.441783e-05	4.992242e-02	6.730784e+00	3.070577e-02	-7.659603e+01	0.000000e+00	153
7.650000e+04	0.000000e+00	4.462746e-05	4.402188e-05	4.984508e-02	6.728523e+00	3.066175e-02	-7.659603e+01	0.000000e+00	154
7.700000e+04	0.000000e+00	4.567393e-05	4.363366e-05	4.976851e-02	6.726264e+00	3.061811e-02	-7.659603e+01	0.000000e+00	155
7.750000e+04	0.000000e+00	4.785190e-05	4.325298e-05	4.969268e-02	6.724008e+00	3.057486e-02	-7.659603e+01	0.000000e+00	156
7.800000e+04	0.000000e+00	4.789282e-05	4.287965e-05	4.961757e-02	6.721755e+00	3.053198e-02	-7.659603e+01	0.000000e+00	157
7.850000e+04	0.000000e+00	4.728552e-05	4.251346e-05	4.954318e-02	6.719505e+00	3.048946e-02	-7.659603e+01	0.000000e+00	158
7.900000e+04	0.000000e+00	4.490797e-05	4.215425e-05	4.946949e-02	6.717258e+00	3.044731e-02	-7.659603e+01	0.000000e+00	159
7.950000e+04	0.000000e+00	4.686251e-05	4.180182e-05	4.939649e-02	6.715014e+00	3.040550e-02	-7.659603e+01	0.000000e+00	160
8.000000e+04	0.000000e+00	4.765632e-05	4.145602e-05	4.932416e-02	6.712773e+00	3.036405e-02	-7.659603e+01	0.000000e+00	161
8.050000e+04	0.000000e+00	4.634814e-05	4.111667e-05	4.925248e-02	6.710535e+00	3.032293e-02	-7.659603e+01	0.000000e+00	162
8.100000e+04	0.000000e+00	4.503170e-05	4.078360e-05	4.918145e-02	6.708301e+00	3.028215e-02	-7.659603e+01	0.000000e+00	163
8.150000e+04	0.000000e+00	4.699601e-05	4.045667e-05	4.911105e-02	6.706069e+00	3.024169e-02	-7.659603e+01	0.000000e+00	164
8.200000e+04	0.000000e+00	4.467988e-05	4.013572e-05	4.904128e-02	6.703841e+00	3.020155e-02	-7.659603e+01	0.000000e+00	165
8.250000e+04	0.000000e+00	4.769388e-05	3.982059e-05	4.897211e-02	6.701615e+00	3.016173e-02	-7.659603e+01	0.000000e+00	166
8.300000e+04	0.000000e+00	4.875830e-05	3.951116e-05	4.890354e-02	6.699393e+00	3.012222e-02	-7.659603e+01	0.000000e+00	167
8.350000e+04	0.000000e+00	4.778838e-05	3.920726e-05	4.883555e-02	6.697174e+00	3.008301e-02	-7.659603e+01	0.000000e+00	168
8.400000e+04	0.000000e+00	4.814289e-05	3.890877e-05	4.876814e-02	6.694959e+00	3.004410e-02	-7.659603e+01	0.000000e+00	169
8.450000e+04	0.000000e+00	4.772599e-05	3.861557e-05	4.870129e-02	6.692747e+00	3.000548e-02	-7.659603e+01	0.000000e+00	170
8.500000e+04	0.000000e+00	4.604884e-05	3.832751e-05	4.863500e-02	6.690538e+00	2.996716e-02	-7.659603e+01	0.000000e+00	171
8.550000e+04	0.000000e+00	4.660295e-05	3.804448e-05	4.856925e-02	6.688332e+00	2.992911e-02	-7.659603e+01	0.000000e+00	172
8.600000e+04	0.000000e+00	4.548330e-05	3.776635e-05	4.850403e-02	6.686129e+00	2.989134e-02	-7.659603e+01	0.000000e+00	173
8.650000e+04	0.000000e+00	4.773526e-05	3.749301e-05	4.843933e-02	6.683930e+00	2.985385e-02	-7.659603e+01	0.000000e+00	174
8.700000e+04	0.000000e+00	4.802634e-05	3.722434e-05	4.837515e-02	6.681735e+00	2.981663e-02	-7.659603e+01	0.000000e+00	175
8.750000e+04	0.000000e+00	4.605275e-05	3.696023e-05	4.831148e-02	6.679543e+00	2.977966e-02	-7.659603e+01	0.000000e+00	176
8.800000e+04	0.000000e+00	4.500624e-05	3.670057e-05	4.824829e-02	6.677354e+00	2.974296e-02	-7.659603e+01	0.000000e+00	177
8.850000e+04	0.000000e+00	4.679515e-05	3.644526e-05	4.818560e-02	6.675169e+00	2.970652e-02	-7.659603e+01	0.000000e+00	178
8.900000e+04	0.000000e+00	4.863997e-05	3.619420e-05	4.812338e-02	6.672987e+00	2.967032e-02	-7.659603e+01	0.000000e+00	179
8.950000e+04	0.000000e+00	4.542744e-05	3.594728e-05	4.806163e-02	6.670808e+00	2.963437e-02	-7.659603e+01	0.000000e+00	180
9.000000e+04	0.000000e+00	4.572444e-05	3.570442e-05	4.800035e-02	6.668633e+00	2.959867e-02	-7.659603e+01	0.000000e+00	181
9.050000e+04	0.000000e+00	4.594416e-05	3.546551e-05	4.793951e-02	6.666462e+00	2.956320e-02	-7.659603e+01	0.000000e+00	182
9.100000e+04	0.000000e+00	4.686075e-05	3.523046e-05	4.787913e-02	6.664294e+00	2.952797e-02	-7.659603e+01	0.000000e+00	183
9.150000e+04	0.000000e+00	4.596473e-05	3.499919e-05	4.781918e-02	6.662130e+00	2.949297e-02	-7.659603e+01	0.000000e+00	184
9.200000e+04	0.000000e+00	4.839334e-05	3.477161e-05	4.775966e-02	6.659969e+00	2.945820e-02	-7.659603e+01	0.000000e+00	185
9.250000e+04	0.000000e+00	4.875126e-05	3.454764e-05	4.770056e-02	6.657812e+00	2.942365e-02	-7.659603e+01	0.000000e+00	186
9.300000e+04	0.000000e+00	4.801231e-05	3.432718e-05	4.764188e-02	6.655658e+00	2.938932e-02	-7.659603e+01	0.000000e+00	187
9.350000e+04	0.000000e+00	4.590205e-05	3.411018e-05	4.758361e-02	6.653508e+00	2.935521e-02	-7.659603e+01	0.000000e+00	188
9.400000e+04	0.000000e+00	4.828743e-05	3.389653e-05	4.752574e-02	6.651361e+00	2.932131e-02	-7.659603e+01	0.000000e+00	189
9.450000e+04	0.000000e+00	4.484458e-05	3.368618e-05	4.746827e-02	6.649218e+00	2.928763e-02	-7.659603e+01	0.000000e+00	190
9.500000e+04	0.000000e+00	4.661731e-05	3.347904e-05	4.741118e-02	6.647079e+00	2.925415e-02	-7.659603e+01	0.000000e+00	191
9.550000e+04	0.000000e+00	4.846423e-05	3.327504e-05	4.735448e-02	6.644943e+00	2.922087e-02	-7.659603e+01	0.000000e+00	192
9.600000e+04	0.000000e+00	4.594539e-05	3.307413e-05	4.729816e-02	6.642811e+00	2.918780e-02	-7.659603e+01	0.000000e+00	193
9.650000e+04	0.000000e+00	4.772848e-05	3.287621e-05	4.724220e-02	6.640683e+00	2.915492e-02	-7.659603e+01	0.000000e+00	194
9.700000e+04	0.000000e+00	4.586190e-05	3.268124e-05	4.718662e-02	6.638558e+00	2.912224e-02	-7.659603e+01	0.000000e+00	195
9.750000e+04	0.000000e+00	4.746921e-05	3.248914e-05	4.713139e-02	6.636437e+00	2.908975e-02	-7.659603e+01	0.000000e+00	196
9.800000e+04	0.000000e+00	4.615056e-05	3.229986e-05	4.707651e-02	6.634320e+00	2.905745e-02	-7.659603e+01	0.000000e+00	197
9.850000e+04	0.000000e+00	4.719458e-05	3.211332e-05	4.702198e-02	6.632206e+00	2.902533e-02	-7.659603e+01	0.000000e+00	198
9.900000e+04	0.000000e+00	4.801341e-05	3.192948e-05	4.696779e-02	6.630096e+00	2.899340e-02	-7.659603e+01	0.000000e+00	199
9.950000e+04	0.000000e+00	4.839969e-05	3.174827e-05	4.691395e-02	6.627989e+00	2.896166e-02	-7.659603e+01	0.000000e+00	200
1.000000e+05	0.000000e+00	4.869160e-05	3.156963e-05	4.686043e-02	6.625887e+00	2.893009e-02	-7.659603e+01	0.000000e+00	201
1.005000e+05	0.000000e+00	4.800768e-05	3.139352e-05	4.680724e-02	6.623788e+00	2.889869e-02	-7.659603e+01	0.000000e+00	202
1.010000e+05	0.000000e+00	4.837517e-05	3.121988e-05	4.675437e-02	6.621693e+00	2.886747e-02	-7.659603e+01	0.000000e+00	203
1.015000e+05	0.000000e+00	4.586504e-05	3.104864e-05	4.670182e-02	6.619601e+00	2.883642e-02	-7.659603e+01	0.000000e+00	204
1.020000e+05	0.000000e+00	4.829677e-05	3.087978e-05	4.664958e-02	6.617513e+00	2.880554e-02	-7.659603e+01	0.000000e+00	205
1.025000e+05	0.000000e+00	4.863456e-05	3.071322e-05	4.659765e-02	6.615429e+00	2.877483e-02	-7.659603e+01	0.000000e+00	206
1.030000e+05	0.000000e+00	4.836216e-05	3.054893e-05	4.654603e-02	6.613349e+00	2.874428e-02	-7.659603e+01	0.000000e+00	207
1.035000e+05	0.000000e+00	4.734881e-05	3.038685e-05	4.649470e-02	6.611272e+00	2.871389e-02	-7.659603e+01	0.000000e+00	208
1.040000e+05	0.000000e+00	4.588790e-05	3.022695e-05	4.644367e-02	6.609200e+00	2.868366e-02	-7.659603e+01	0.000000e+00	209
1.045000e+05	0.000000e+00	4.752056e-05	3.006917e-05	4.639293e-02	6.607131e+00	2.865359e-02	-7.659603e+01	0.000000e+00	210
1.050000e+05	0.000000e+00	4.846672e-05	2.991347e-05	4.634247e-02	6.605065e+00	2.862368e-02	-7.659603e+01	0.000000e+00	211
1.055000e+05	0.000000e+00	4.832338e-05	2.975980e-05	4.629230e-02	6.603004e+00	2.859392e-02	-7.659603e+01	0.000000e+00	212
1.060000e+05	0.000000e+00	4.616525e-05	2.960814e-05	4.624241e-02	6.600946e+00	2.856431e-02	-7.659603e+01	0.000000e+00	213
1.065000e+05	0.000000e+00	4.838579e-05	2.945843e-05	4.619279e-02	6.598892e+00	2.853485e-02	-7.659603e+01	0.000000e+00	214
1.070000e+05	0.000000e+00	4.756879e-05	2.931063e-05	4.614344e-02	6.596842e+00	2.850554e-02	-7.659603e+01	0.000000e+00	215
1.075000e+05	0.000000e+00	4.698319e-05	2.916470e-05	4.609435e-02	6.594795e+00	2.847637e-02	-7.659603e+01	0.000000e+00	216
1.080000e+05	0.000000e+00	4.618846e-05	2.902062e-05	4.604554e-02	6.592752e+00	2.844735e-02	-7.659603e+01	0.000000e+00	217
1.085000e+05	0.000000e+00	4.666896e-05	2.887833e-05	4.599698e-02	6.590713e+00	2.841847e-02	-7.659603e+01	0.000000e+00	218
1.090000e+05	0.000000e+00	4.763400e-05	2.873781e-05	4.594867e-02	6.588678e+00	2.838974e-02	-7.659603e+01	0.000000e+00	219
1.095000e+05	0.000000e+00	4.670752e-05	2.859901e-05	4.590062e-02	6.586647e+00	2.836114e-02	-7.659603e+01	0.000000e+00	220
1.100000e+05	0.000000e+00	4.679945e-05	2.846191e-05	4.585282e-02	6.584619e+00	2.833267e-02	-7.659603e+01	0.000000e+00	221
1.105000e+05	0.000000e+00	4.858483e-05	2.832647e-05	4.580527e-02	6.582595e+00	2.830435e-02	-7.659603e+01	0.000000e+00	222
1.110000e+05	0.000000e+00	4.572722e-05	2.819265e-05	4.575796e-02	6.580575e+00	2.827615e-02	-7.659603e+01	0.000000e+00	223
1.115000e+05	0.000000e+00	4.758533e-05	2.806043e-05	4.571089e-02	6.578559e+00	2.824809e-02	-7.659603e+01	0.000000e+00	224
1.120000e+05	0.000000e+00	4.870967e-05	2.792977e-05	4.566406e-02	6.576547e+00	2.822016e-02	-7.659603e+01	0.000000e+00	225
1.125000e+05	0.000000e+00	4.852094e-05	2.780064e-05	4.561746e-02	6.574538e+00	2.819236e-02	-7.659603e+01	0.000000e+00	226
1.130000e+05	0.000000e+00	4.713845e-05	2.767302e-05	4.557109e-02	6.572533e+00	2.816469e-02	-7.659603e+01	0.000000e+00	227
1.135000e+05	0.000000e+00	4.851875e-05	2.754686e-05	4.552495e-02	6.570532e+00	2.813714e-02	-7.659603e+01	0.000000e+00	228
1.140000e+05	0.000000e+00	4.701309e-05	2.742215e-05	4.547903e-02	6.568535e+00	2.810972e-02	-7.659603e+01	0.000000e+00	229
1.145000e+05	0.000000e+00	4.749734e-05	2.729886e-05	4.543334e-02	6.566541e+00	2.808242e-02	-7.659603e+01	0.000000e+00	230
1.150000e+05	0.000000e+00	4.836254e-05	2.717695e-05	4.538786e-02	6.564551e+00	2.805524e-02	-7.659603e+01	0.000000e+00	231
1.155000e+05	0.000000e+00	4.863032e-05	2.705641e-05	4.534261e-02	6.562565e+00	2.802818e-02	-7.659603e+01	0.000000e+00	232
1.160000e+05	0.000000e+00	4.698347e-05	2.693720e-05	4.529757e-02	6.560583e+00	2.800125e-02	-7.659603e+01	0.000000e+00	233
1.165000e+05	0.000000e+00	4.710698e-05	2.681930e-05	4.525274e-02	6.558605e+00	2.797443e-02	-7.659603e+01	0.000000e+00	234
1.170000e+05	0.000000e+00	4.741192e-05	2.670269e-05	4.520812e-02	6.556630e+00	2.794772e-02	-7.659603e+01	0.000000e+00	235
1.175000e+05	0.000000e+00	4.791854e-05	2.658734e-05	4.516370e-02	6.554659e+00	2.792113e-02	-7.659603e+01	0.000000e+00	236
1.180000e+05	0.000000e+00	4.589302e-05	2.647322e-05	4.511949e-02	6.552692e+00	2.789466e-02	-7.659603e+01	0.000000e+00	237
1.185000e+05	0.000000e+00	4.854484e-05	2.636032e-05	4.507548e-02	6.550729e+00	2.786830e-02	-7.659603e+01	0.000000e+00	238
1.190000e+05	0.000000e+00	4.708533e-05	2.624861e-05	4.503168e-02	6.548770e+00	2.784205e-02	-7.659603e+01	0.000000e+00	239
1.195000e+05	0.000000e+00	4.803247e-05	2.613806e-05	4.498807e-02	6.546814e+00	2.781591e-02	-7.659603e+01	0.000000e+00	240
1.200000e+05	0.000000e+00	4.525128e-05	2.602867e-05	4.494465e-02	6.544862e+00	2.778988e-05	-7.659603e+01	0.000000e+00	240
