0.000000e+00	0.000000e+00	0.000000e+00	-2.000000e+03	2.500000e-01	1.130000e+01	2.073800e-01	1.000000e+00	0.000000e+00	1
3.330000e+02	4.092026e+01	2.655929e+02	5.009192e-02	2.596111e-01	1.129109e+01	1.743303e-01	-8.002832e+01	1.042681e+02	2
6.660000e+02	0.000000e+00	3.372409e+02	4.113980e-01	2.578571e-01	1.128001e+01	5.383286e-01	-8.002832e+01	0.000000e+00	3
9.990000e+02	2.058571e+01	1.998931e+01	3.304119e-01	2.698693e-01	1.130007e+01	8.424962e-01	-8.002832e+01	3.169256e+01	4
1.332000e+03	2.270618e+01	2.002359e+01	1.574724e-01	3.635689e-01	1.133441e+01	7.239904e-01	-8.002832e+01	3.178468e+01	5
1.665000e+03	4.356134e+01	1.996785e+01	2.478238e-01	4.158517e-01	1.139209e+01	5.438812e-01	-8.002832e+01	3.284726e+01	6
1.998000e+03	0.000000e+00	2.389564e+02	2.459951e-01	4.556075e-01	1.142074e+01	7.871275e-01	-8.002832e+01	0.000000e+00	7
2.331000e+03	2.626278e+01	1.999998e+01	5.960443e-02	5.312370e-01	1.145637e+01	8.160900e-01	-8.002832e+01	3.208911e+01	8
2.664000e+03	3.280526e+01	2.000395e+01	6.855355e-02	6.009198e-01	1.149669e+01	8.414569e-01	-8.002832e+01	3.247674e+01	9
2.997000e+03	7.604207e+01	1.998021e+01	8.019735e-02	6.701190e-01	1.153494e+01	9.094751e-01	-8.002832e+01	3.291827e+01	10
3.330000e+03	2.913179e+01	2.000624e+01	6.810877e-02	7.391511e-01	1.157662e+01	9.602630e-01	-8.002832e+01	3.215505e+01	11
3.663000e+03	2.763501e+01	2.000501e+01	6.752035e-02	8.066724e-01	1.162005e+01	1.011422e+00	-8.002832e+01	3.198730e+01	12
3.996000e+03	2.639893e+01	2.000362e+01	6.703452e-02	8.722702e-01	1.166518e+01	1.061387e+00	-8.002832e+01	3.182964e+01	13
4.329000e+03	2.552336e+01	2.000288e+01	6.700505e-02	9.355427e-01	1.171186e+01	1.109922e+00	-8.002832e+01	3.170010e+01	14
4.662000e+03	2.484301e+01	2.000243e+01	6.723910e-02	9.962229e-01	1.175996e+01	1.156799e+00	-8.002832e+01	3.158904e+01	15
4.995000e+03	2.429277e+01	2.000211e+01	6.765759e-02	1.054164e+00	1.180932e+01	1.201866e+00	-8.002832e+01	3.149273e+01	16
5.328000e+03	2.385260e+01	2.000188e+01	6.821903e-02	1.109319e+00	1.185980e+01	1.245051e+00	-8.002832e+01	3.140906e+01	17
5.661000e+03	2.348248e+01	2.000171e+01	6.889723e-02	1.161722e+00	1.191124e+01	1.286355e+00	-8.002832e+01	3.133647e+01	18
5.994000e+03	2.318240e+01	2.000157e+01	6.967368e-02	1.211467e+00	1.196352e+01	1.325829e+00	-8.002832e+01	3.127368e+01	19
6.327000e+03	2.293234e+01	2.000146e+01	7.053434e-02	1.258689e+00	1.201650e+01	1.363564e+00	-8.002832e+01	3.121955e+01	20
6.660000e+03	2.272229e+01	2.000136e+01	7.146808e-02	1.303551e+00	1.207005e+01	1.399671e+00	-8.002832e+01	3.117306e+01	21
6.993000e+03	2.255226e+01	2.000129e+01	7.246591e-02	1.346233e+00	1.212408e+01	1.434278e+00	-8.002832e+01	3.113331e+01	22
7.326000e+03	2.240724e+01	2.000123e+01	7.352043e-02	1.386918e+00	1.217849e+01	1.467513e+00	-8.002832e+01	3.109949e+01	23
7.659000e+03	2.228722e+01	2.000118e+01	7.462548e-02	1.425788e+00	1.223318e+01	1.499507e+00	-8.002832e+01	3.107089e+01	24
7.992000e+03	2.219222e+01	2.000114e+01	7.577592e-02	1.463021e+00	1.228807e+01	1.530385e+00	-8.002832e+01	3.104686e+01	25
8.325000e+03	2.211722e+01	2.000110e+01	7.696740e-02	1.498781e+00	1.234310e+01	1.560262e+00	-8.002832e+01	3.102685e+01	26
8.658000e+03	2.205222e+01	2.000107e+01	7.819628e-02	1.533225e+00	1.239821e+01	1.589247e+00	-8.002832e+01	3.101038e+01	27
8.991000e+03	2.200223e+01	2.000105e+01	7.945946e-02	1.566496e+00	1.245334e+01	1.617440e+00	-8.002832e+01	3.099700e+01	28
9.324000e+03	2.196724e+01	2.000103e+01	8.075430e-02	1.598723e+00	1.250844e+01	1.644931e+00	-8.002832e+01	3.098634e+01	29
9.657000e+03	2.193725e+01	2.000102e+01	8.207857e-02	1.630024e+00	1.256349e+01	1.671798e+00	-8.002832e+01	3.097808e+01	30
9.990000e+03	2.192227e+01	2.000101e+01	8.343037e-02	1.660504e+00	1.261843e+01	1.698116e+00	-8.002832e+01	3.097193e+01	31
1.032300e+04	2.191229e+01	2.000100e+01	8.480807e-02	1.690257e+00	1.267325e+01	1.723945e+00	-8.002832e+01	3.096764e+01	32
1.065600e+04	2.190731e+01	2.000100e+01	8.621029e-02	1.719365e+00	1.272791e+01	1.749344e+00	-8.002832e+01	3.096499e+01	33
1.098900e+04	2.191233e+01	2.000100e+01	8.763585e-02	1.747904e+00	1.278239e+01	1.774361e+00	-8.002832e+01	3.096380e+01	34
1.132200e+04	2.192236e+01	2.000100e+01	8.908374e-02	1.775937e+00	1.283669e+01	1.799039e+00	-8.002832e+01	3.096390e+01	35
1.165500e+04	2.193739e+01	2.000100e+01	9.055313e-02	1.803523e+00	1.289077e+01	1.823417e+00	-8.002832e+01	3.096514e+01	36
1.198800e+04	2.195742e+01	2.000100e+01	9.204330e-02	1.830710e+00	1.294463e+01	1.847526e+00	-8.002832e+01	3.096742e+01	37
1.232100e+04	2.198246e+01	2.000101e+01	9.355366e-02	1.857543e+00	1.299825e+01	1.871396e+00	-8.002832e+01	3.097062e+01	38
1.265400e+04	2.201249e+01	2.000102e+01	9.508371e-02	1.884060e+00	1.305163e+01	1.895050e+00	-8.002832e+01	3.097465e+01	39
1.298700e+04	2.204253e+01	2.000103e+01	9.663307e-02	1.910294e+00	1.310476e+01	1.918511e+00	-8.002832e+01	3.097942e+01	40
1.332000e+04	2.207757e+01	2.000104e+01	9.820142e-02	1.936275e+00	1.315764e+01	1.941796e+00	-8.002832e+01	3.098488e+01	41
1.365300e+04	2.211761e+01	2.000105e+01	9.978853e-02	1.962026e+00	1.321025e+01	1.964920e+00	-8.002832e+01	3.099097e+01	42
1.398600e+04	2.215766e+01	2.000106e+01	1.013942e-01	1.987571e+00	1.326259e+01	1.987898e+00	-8.002832e+01	3.099762e+01	43
1.431900e+04	2.220771e+01	2.000108e+01	1.030184e-01	2.012927e+00	1.331466e+01	2.010740e+00	-8.002832e+01	3.100480e+01	44
1.465200e+04	2.225276e+01	2.000109e+01	1.046610e-01	2.038110e+00	1.336646e+01	2.033455e+00	-8.002832e+01	3.101247e+01	45
1.498500e+04	2.230782e+01	2.000111e+01	1.063221e-01	2.063135e+00	1.341799e+01	2.056051e+00	-8.002832e+01	3.102060e+01	46
1.531800e+04	2.236288e+01	2.000113e+01	1.080016e-01	2.088013e+00	1.346924e+01	2.078536e+00	-8.002832e+01	3.102917e+01	47
1.565100e+04	2.241794e+01	2.000114e+01	1.096998e-01	2.112754e+00	1.352021e+01	2.100912e+00	-8.002832e+01	3.103814e+01	48
1.598400e+04	2.247800e+01	2.000117e+01	1.114168e-01	2.137367e+00	1.357091e+01	2.123186e+00	-8.002832e+01	3.104751e+01	49
1.631700e+04	2.254307e+01	2.000119e+01	1.131528e-01	2.161858e+00	1.362133e+01	2.145359e+00	-8.002832e+01	3.105726e+01	50
1.665000e+04	2.260815e+01	2.000121e+01	1.149081e-01	2.186234e+00	1.367147e+01	2.167433e+00	-8.002832e+01	3.106737e+01	51
1.698300e+04	2.267823e+01	2.000123e+01	1.166830e-01	2.210499e+00	1.372134e+01	2.189411e+00	-8.002832e+01	3.107784e+01	52
1.731600e+04	2.275332e+01	2.000126e+01	1.184779e-01	2.234657e+00	1.377094e+01	2.211293e+00	-8.002832e+01	3.108866e+01	53
1.764900e+04	2.283341e+01	2.000129e+01	1.202932e-01	2.258711e+00	1.382026e+01	2.233079e+00	-8.002832e+01	3.109983e+01	54
1.798200e+04	2.291351e+01	2.000131e+01	1.221293e-01	2.282664e+00	1.386931e+01	2.254767e+00	-8.002832e+01	3.111134e+01	55
1.831500e+04	2.299862e+01	2.000134e+01	1.239869e-01	2.306516e+00	1.391809e+01	2.276357e+00	-8.002832e+01	3.112320e+01	56
1.864800e+04	2.308373e+01	2.000137e+01	1.258664e-01	2.330269e+00	1.396660e+01	2.297847e+00	-8.002832e+01	3.113542e+01	57
1.898100e+04	2.317886e+01	2.000141e+01	1.277686e-01	2.353924e+00	1.401484e+01	2.319235e+00	-8.002832e+01	3.114798e+01	58
1.931400e+04	2.327399e+01	2.000144e+01	1.296943e-01	2.377480e+00	1.406281e+01	2.340518e+00	-8.002832e+01	3.116091e+01	59
1.964700e+04	2.337914e+01	2.000148e+01	1.316442e-01	2.400936e+00	1.411052e+01	2.361693e+00	-8.002832e+01	3.117422e+01	60
1.998000e+04	2.348430e+01	2.000151e+01	1.336192e-01	2.424292e+00	1.415797e+01	2.382755e+00	-8.002832e+01	3.118790e+01	61
2.031300e+04	2.359447e+01	2.000155e+01	1.356203e-01	2.447546e+00	1.420516e+01	2.403701e+00	-8.002832e+01	3.120198e+01	62
2.064600e+04	2.371467e+01	2.000159e+01	1.376487e-01	2.470697e+00	1.425208e+01	2.424525e+00	-8.002832e+01	3.121647e+01	63
2.097900e+04	2.383988e+01	2.000164e+01	1.397055e-01	2.493741e+00	1.429875e+01	2.445223e+00	-8.002832e+01	3.123139e+01	64
2.131200e+04	2.397012e+01	2.000168e+01	1.417921e-01	2.516677e+00	1.434516e+01	2.465789e+00	-8.002832e+01	3.124676e+01	65
2.164500e+04	2.411038e+01	2.000172e+01	1.439099e-01	2.539501e+00	1.439133e+01	2.486215e+00	-8.002832e+01	3.126260e+01	66
2.197800e+04	2.425567e+01	2.000177e+01	1.460605e-01	2.562211e+00	1.443723e+01	2.506494e+00	-8.002832e+01	3.127894e+01	67
2.231100e+04	2.441601e+01	2.000182e+01	1.482458e-01	2.584802e+00	1.448289e+01	2.526620e+00	-8.002832e+01	3.129581e+01	68
2.264400e+04	2.458138e+01	2.000187e+01	1.504676e-01	2.607270e+00	1.452830e+01	2.546582e+00	-8.002832e+01	3.131323e+01	69
2.297700e+04	2.475680e+01	2.000192e+01	1.527281e-01	2.629611e+00	1.457347e+01	2.566372e+00	-8.002832e+01	3.133126e+01	70
2.331000e+04	2.494729e+01	2.000197e+01	1.550298e-01	2.651819e+00	1.461839e+01	2.585978e+00	-8.002832e+01	3.134993e+01	71
2.364300e+04	2.515286e+01	2.000201e+01	1.573753e-01	2.673889e+00	1.466307e+01	2.605389e+00	-8.002832e+01	3.136928e+01	72
2.397600e+04	2.536850e+01	2.000206e+01	1.597674e-01	2.695815e+00	1.470752e+01	2.624593e+00	-8.002832e+01	3.138936e+01	73
2.430900e+04	2.560427e+01	2.000210e+01	1.622095e-01	2.717591e+00	1.475172e+01	2.643574e+00	-8.002832e+01	3.141024e+01	74
2.464200e+04	2.586018e+01	2.000214e+01	1.647049e-01	2.739208e+00	1.479569e+01	2.662318e+00	-8.002832e+01	3.143197e+01	75
2.497500e+04	2.614130e+01	2.000217e+01	1.672576e-01	2.760659e+00	1.483942e+01	2.680807e+00	-8.002832e+01	3.145463e+01	76
2.530800e+04	2.644766e+01	2.000220e+01	1.698719e-01	2.781936e+00	1.488293e+01	2.699021e+00	-8.002832e+01	3.147828e+01	77
2.564100e+04	2.678435e+01	2.000220e+01	1.725525e-01	2.803028e+00	1.492621e+01	2.716938e+00	-8.002832e+01	3.150302e+01	78
2.597400e+04	2.715145e+01	2.000219e+01	1.753043e-01	2.823925e+00	1.496926e+01	2.734536e+00	-8.002832e+01	3.152893e+01	79
2.630700e+04	2.756923e+01	2.000215e+01	1.781330e-01	2.844616e+00	1.501209e+01	2.751786e+00	-8.002832e+01	3.155611e+01	80
2.664000e+04	2.802781e+01	2.000208e+01	1.810442e-01	2.865087e+00	1.505469e+01	2.768659e+00	-8.002832e+01	3.158467e+01	81
2.697300e+04	2.855275e+01	2.000196e+01	1.840443e-01	2.885324e+00	1.509708e+01	2.785122e+00	-8.002832e+01	3.161473e+01	82
2.730600e+04	2.914966e+01	2.000179e+01	1.871397e-01	2.905311e+00	1.513925e+01	2.801136e+00	-8.002832e+01	3.164639e+01	83
2.763900e+04	2.983977e+01	2.000153e+01	1.903368e-01	2.925030e+00	1.518121e+01	2.816659e+00	-8.002832e+01	3.167977e+01	84
2.797200e+04	3.064521e+01	2.000118e+01	1.936418e-01	2.944461e+00	1.522296e+01	2.831645e+00	-8.002832e+01	3.171498e+01	85
2.830500e+04	3.159500e+01	2.000069e+01	1.970600e-01	2.963581e+00	1.526451e+01	2.846040e+00	-8.002832e+01	3.175213e+01	86
2.863800e+04	3.274281e+01	2.000004e+01	2.005955e-01	2.982365e+00	1.530585e+01	2.859787e+00	-8.002832e+01	3.179126e+01	87
2.897100e+04	3.415758e+01	1.999917e+01	2.042499e-01	3.000783e+00	1.534700e+01	2.872820e+00	-8.002832e+01	3.183242e+01	88
2.930400e+04	3.594401e+01	1.999803e+01	2.080212e-01	3.018801e+00	1.538795e+01	2.885069e+00	-8.002832e+01	3.187557e+01	89
2.963700e+04	3.829566e+01	1.999655e+01	2.119020e-01	3.036382e+00	1.542871e+01	2.896456e+00	-8.002832e+01	3.192056e+01	90
2.997000e+04	4.151766e+01	1.999465e+01	2.158774e-01	3.053480e+00	1.546929e+01	2.906897e+00	-8.002832e+01	3.196714e+01	91
3.030300e+04	4.624351e+01	1.999223e+01	2.199222e-01	3.070044e+00	1.550968e+01	2.916300e+00	-8.002832e+01	3.201486e+01	92
3.063600e+04	5.362575e+01	1.998920e+01	2.239977e-01	3.086013e+00	1.554991e+01	2.924568e+00	-8.002832e+01	3.206307e+01	93
3.096900e+04	6.529265e+01	1.998546e+01	2.280489e-01	3.101314e+00	1.558997e+01	2.931593e+00	-8.002832e+01	3.211088e+01	94
3.130200e+04	8.168584e+01	1.998091e+01	2.320008e-01	3.115863e+00	1.562987e+01	2.937258e+00	-8.002832e+01	3.215712e+01	95
3.163500e+04	1.024217e+02	1.997550e+01	2.357569e-01	3.129555e+00	1.566963e+01	2.941423e+00	-8.002832e+01	3.220037e+01	96
3.196800e+04	1.282012e+02	1.996920e+01	2.391976e-01	3.142261e+00	1.570925e+01	2.943909e+00	-8.002832e+01	3.223902e+01	97
3.230100e+04	1.587843e+02	1.996202e+01	2.421787e-01	3.153816e+00	1.574875e+01	2.944472e+00	-8.002832e+01	3.227134e+01	98
3.263400e+04	1.908232e+02	1.995402e+01	2.460848e-01	3.164002e+00	1.578815e+01	2.942734e+00	-8.002832e+01	3.229557e+01	99
3.296700e+04	2.194895e+02	1.994533e+01	2.504777e-01	3.172504e+00	1.582751e+01	2.938063e+00	-8.002832e+01	3.230998e+01	100
3.330000e+04	2.419504e+02	1.993605e+01	2.549382e-01	3.178834e+00	1.586689e+01	2.929262e+00	-8.002832e+01	3.231274e+01	101
3.363300e+04	2.578998e+02	1.992630e+01	2.605459e-01	3.182101e+00	1.590648e+01	2.913597e+00	-8.002832e+01	3.230132e+01	102
3.396600e+04	2.670222e+02	1.991606e+01	2.721544e-01	3.180181e+00	1.594680e+01	2.882506e+00	-8.002832e+01	3.227061e+01	103
3.429900e+04	2.595209e+02	1.990508e+01	3.260995e-01	3.164017e+00	1.599069e+01	2.787801e+00	-8.002832e+01	3.220384e+01	104
3.463200e+04	1.550217e+02	1.990102e+01	6.000705e-01	3.048339e+00	1.605992e+01	2.385973e+00	-8.002832e+01	3.209193e+01	105
3.496500e+04	7.468342e+01	1.995054e+01	3.896501e-01	2.770214e+00	1.615079e+01	2.086940e+00	-8.002832e+01	3.359044e+01	106
3.529800e+04	1.051351e+02	2.109352e+01	2.767224e-01	2.498920e+00	1.623484e+01	1.918588e+00	-8.002832e+01	3.879973e+01	107
3.563100e+04	1.053837e+02	2.705578e+01	2.752822e-01	2.257289e+00	1.631477e+01	1.761519e+00	-8.002832e+01	4.342499e+01	108
3.596400e+04	1.057750e+02	4.184602e+01	2.802569e-01	2.043227e+00	1.639111e+01	1.618894e+00	-8.002832e+01	5.226873e+01	109
3.629700e+04	1.213104e+02	7.154530e+01	2.996627e-01	1.862838e+00	1.646285e+01	1.505118e+00	-8.002832e+01	6.383545e+01	110
3.663000e+04	1.271405e+02	1.039327e+02	3.228611e-01	1.712412e+00	1.653077e+01	1.411276e+00	-8.002832e+01	7.276690e+01	111
3.696300e+04	1.236775e+02	1.354759e+02	3.301571e-01	1.583208e+00	1.659603e+01	1.329194e+00	-8.002832e+01	7.975601e+01	112
3.729600e+04	1.186507e+02	1.658453e+02	3.281860e-01	1.470796e+00	1.665893e+01	1.257403e+00	-8.002832e+01	8.553683e+01	113
3.762900e+04	1.139461e+02	1.925548e+02	3.221740e-01	1.372643e+00	1.671955e+01	1.194597e+00	-8.002832e+01	9.003636e+01	114
3.796200e+04	1.100690e+02	2.148477e+02	3.149923e-01	1.286901e+00	1.677798e+01	1.139704e+00	-8.002832e+01	9.345635e+01	115
3.829500e+04	1.072769e+02	2.332059e+02	3.087571e-01	1.212199e+00	1.683429e+01	1.091939e+00	-8.002832e+01	9.604173e+01	116
3.862800e+04	1.058309e+02	2.479952e+02	3.052858e-01	1.147552e+00	1.688854e+01	1.050761e+00	-8.002832e+01	9.800275e+01	117
3.896100e+04	1.061070e+02	2.598050e+02	3.066540e-01	1.092381e+00	1.694072e+01	1.015895e+00	-8.002832e+01	9.950210e+01	118
3.929400e+04	1.088905e+02	2.692220e+02	3.163935e-01	1.046712e+00	1.699070e+01	9.875189e-01	-8.002832e+01	1.006605e+02	119
3.962700e+04	1.156327e+02	2.768336e+02	3.411431e-01	1.011486e+00	1.703820e+01	9.666927e-01	-8.002832e+01	1.015646e+02	120
3.996000e+04	1.261748e+02	2.825306e+02	3.834798e-01	9.873770e-01	1.708324e+01	9.544762e-01	-8.002832e+01	1.022433e+02	121
4.029300e+04	1.336198e+02	2.858442e+02	4.188234e-01	9.713389e-01	1.712664e+01	9.471174e-01	-8.002832e+01	1.026205e+02	122
4.062600e+04	1.368693e+02	2.880255e+02	4.376185e-01	9.599262e-01	1.716911e+01	9.415197e-01	-8.002832e+01	1.028755e+02	123
4.095900e+04	1.382302e+02	2.900778e+02	4.471977e-01	9.512857e-01	1.721090e+01	9.370716e-01	-8.002832e+01	1.031338e+02	124
4.129200e+04	1.386328e+02	2.920654e+02	4.519863e-01	9.444651e-01	1.725213e+01	9.334829e-01	-8.002832e+01	1.033738e+02	125
4.162500e+04	1.385360e+02	2.938051e+02	4.542936e-01	9.389406e-01	1.729288e+01	9.305835e-01	-8.002832e+01	1.035888e+02	126
4.195800e+04	1.381694e+02	2.953217e+02	4.552740e-01	9.343995e-01	1.733321e+01	9.282522e-01	-8.002832e+01	1.037797e+02	127
4.229100e+04	1.376378e+02	2.965727e+02	4.554985e-01	9.306366e-01	1.737315e+01	9.263943e-01	-8.002832e+01	1.039482e+02	128
4.262400e+04	1.370014e+02	2.977069e+02	4.552500e-01	9.275051e-01	1.741276e+01	9.249316e-01	-8.002832e+01	1.040979e+02	129
4.295700e+04	1.362800e+02	2.987797e+02	4.546673e-01	9.248920e-01	1.745205e+01	9.237976e-01	-8.002832e+01	1.042320e+02	130
4.329000e+04	1.354987e+02	2.997940e+02	4.538156e-01	9.227048e-01	1.749107e+01	9.229341e-01	-8.002832e+01	1.043530e+02	131
4.362300e+04	1.346626e+02	3.007228e+02	4.527208e-01	9.208647e-01	1.752983e+01	9.222890e-01	-8.002832e+01	1.044633e+02	132
4.395600e+04	1.337717e+02	3.015239e+02	4.513880e-01	9.193021e-01	1.756836e+01	9.218153e-01	-8.002832e+01	1.045649e+02	133
4.428900e+04	1.328360e+02	3.021515e+02	4.498115e-01	9.179546e-01	1.760668e+01	9.214698e-01	-8.002832e+01	1.046596e+02	134
4.462200e+04	1.318607e+02	3.029342e+02	4.479817e-01	9.167652e-01	1.764480e+01	9.212131e-01	-8.002832e+01	1.047488e+02	135
4.495500e+04	1.308357e+02	3.036549e+02	4.458895e-01	9.156821e-01	1.768274e+01	9.210093e-01	-8.002832e+01	1.048348e+02	136
4.528800e+04	1.297712e+02	3.041422e+02	4.435303e-01	9.146580e-01	1.772052e+01	9.208261e-01	-8.002832e+01	1.049180e+02	137
4.562100e+04	1.286722e+02	3.049460e+02	4.409053e-01	9.136505e-01	1.775814e+01	9.206350e-01	-8.002832e+01	1.049996e+02	138
4.595400e+04	1.275338e+02	3.055468e+02	4.380241e-01	9.126225e-01	1.779562e+01	9.204118e-01	-8.002832e+01	1.050810e+02	139
4.628700e+04	1.263760e+02	3.061303e+02	4.349040e-01	9.115424e-01	1.783296e+01	9.201368e-01	-8.002832e+01	1.051623e+02	140
4.662000e+04	1.251939e+02	3.068686e+02	4.315691e-01	9.103839e-01	1.787018e+01	9.197944e-01	-8.002832e+01	1.052443e+02	141
4.695300e+04	1.239923e+02	3.073889e+02	4.280485e-01	9.091268e-01	1.790728e+01	9.193733e-01	-8.002832e+01	1.053274e+02	142
4.728600e+04	1.227862e+02	3.081004e+02	4.243741e-01	9.077562e-01	1.794426e+01	9.188663e-01	-8.002832e+01	1.054115e+02	143
4.761900e+04	1.215757e+02	3.088017e+02	4.205774e-01	9.062622e-01	1.798114e+01	9.182693e-01	-8.002832e+01	1.054973e+02	144
4.795200e+04	1.203606e+02	3.093424e+02	4.166882e-01	9.046391e-01	1.801792e+01	9.175809e-01	-8.002832e+01	1.055844e+02	145
4.828500e+04	1.191608e+02	3.100316e+02	4.127335e-01	9.028855e-01	1.805460e+01	9.168023e-01	-8.002832e+01	1.056725e+02	146
4.861800e+04	1.179561e+02	3.107772e+02	4.087353e-01	9.010026e-01	1.809119e+01	9.159362e-01	-8.002832e+01	1.057620e+02	147
4.895100e+04	1.167665e+02	3.114126e+02	4.047118e-01	8.989941e-01	1.812769e+01	9.149864e-01	-8.002832e+01	1.058526e+02	148
4.928400e+04	1.155818e+02	3.119606e+02	4.006768e-01	8.968655e-01	1.816411e+01	9.139578e-01	-8.002832e+01	1.059438e+02	149
4.961700e+04	1.144119e+02	3.126382e+02	3.966404e-01	8.946236e-01	1.820045e+01	9.128558e-01	-8.002832e+01	1.060357e+02	150
4.995000e+04	1.132469e+02	3.133813e+02	3.926096e-01	8.922761e-01	1.823671e+01	9.116860e-01	-8.002832e+01	1.061283e+02	151
5.028300e+04	1.120914e+02	3.140597e+02	3.885883e-01	8.898311e-01	1.827289e+01	9.104542e-01	-8.002832e+01	1.062212e+02	152
5.061600e+04	1.109457e+02	3.146853e+02	3.845786e-01	8.872971e-01	1.830900e+01	9.091662e-01	-8.002832e+01	1.063141e+02	153
5.094900e+04	1.098045e+02	3.152677e+02	3.805808e-01	8.846824e-01	1.834504e+01	9.078277e-01	-8.002832e+01	1.064070e+02	154
5.128200e+04	1.086729e+02	3.158141e+02	3.765939e-01	8.819954e-01	1.838101e+01	9.064442e-01	-8.002832e+01	1.064997e+02	155
5.161500e+04	1.075559e+02	3.163810e+02	3.726164e-01	8.792442e-01	1.841691e+01	9.050211e-01	-8.002832e+01	1.065925e+02	156
5.194800e+04	1.064386e+02	3.170627e+02	3.686463e-01	8.764367e-01	1.845274e+01	9.035634e-01	-8.002832e+01	1.066848e+02	157
5.228100e+04	1.053360e+02	3.177084e+02	3.646826e-01	8.735807e-01	1.848850e+01	9.020764e-01	-8.002832e+01	1.067766e+02	158
5.261400e+04	1.042432e+02	3.183214e+02	3.607244e-01	8.706841e-01	1.852420e+01	9.005651e-01	-8.002832e+01	1.068679e+02	159
5.294700e+04	1.031654e+02	3.189035e+02	3.567712e-01	8.677546e-01	1.855983e+01	8.990348e-01	-8.002832e+01	1.069584e+02	160
5.328000e+04	1.021025e+02	3.186560e+02	3.528213e-01	8.648002e-01	1.859539e+01	8.974903e-01	-8.002832e+01	1.070485e+02	161
5.361300e+04	1.010597e+02	3.169606e+02	3.488720e-01	8.618281e-01	1.863087e+01	8.959365e-01	-8.002832e+01	1.071380e+02	162
5.394600e+04	1.000321e+02	3.138600e+02	3.449205e-01	8.588455e-01	1.866629e+01	8.943777e-01	-8.002832e+01	1.072265e+02	163
5.427900e+04	9.901964e+01	3.094519e+02	3.409633e-01	8.558588e-01	1.870163e+01	8.928179e-01	-8.002832e+01	1.073138e+02	164
5.461200e+04	9.799222e+01	3.039663e+02	3.369971e-01	8.528740e-01	1.873689e+01	8.912608e-01	-8.002832e+01	1.073999e+02	165
5.494500e+04	9.699510e+01	3.048737e+02	3.330182e-01	8.498967e-01	1.877206e+01	8.897096e-01	-8.002832e+01	1.074849e+02	166
5.527800e+04	9.600832e+01	3.056942e+02	3.290226e-01	8.469319e-01	1.880716e+01	8.881671e-01	-8.002832e+01	1.075682e+02	167
5.561100e+04	9.502185e+01	3.064251e+02	3.250068e-01	8.439839e-01	1.884216e+01	8.866360e-01	-8.002832e+01	1.076494e+02	168
5.594400e+04	9.404048e+01	3.073070e+02	3.209774e-01	8.410587e-01	1.887707e+01	8.851204e-01	-8.002832e+01	1.077285e+02	169
5.627700e+04	9.307785e+01	3.081190e+02	3.170428e-01	8.381823e-01	1.891186e+01	8.836455e-01	-8.002832e+01	1.078058e+02	170
5.661000e+04	9.212662e+01	3.088317e+02	3.133328e-01	8.354080e-01	1.894650e+01	8.822527e-01	-8.002832e+01	1.078823e+02	171
5.694300e+04	9.113255e+01	3.094071e+02	3.095904e-01	8.327503e-01	1.898096e+01	8.809286e-01	-8.002832e+01	1.079564e+02	172
5.727600e+04	9.004404e+01	3.098095e+02	3.055164e-01	8.301646e-01	1.901524e+01	8.796248e-01	-8.002832e+01	1.080257e+02	173
5.760900e+04	8.891589e+01	3.104981e+02	3.012814e-01	8.276277e-01	1.904934e+01	8.783406e-01	-8.002832e+01	1.080923e+02	174
5.794200e+04	8.774328e+01	3.110457e+02	2.969332e-01	8.251303e-01	1.908327e+01	8.770721e-01	-8.002832e+01	1.081560e+02	175
5.827500e+04	8.652132e+01	3.113783e+02	2.924969e-01	8.226695e-01	1.911701e+01	8.758181e-01	-8.002832e+01	1.082179e+02	176
5.860800e+04	8.525524e+01	3.119328e+02	2.879830e-01	8.202458e-01	1.915055e+01	8.745790e-01	-8.002832e+01	1.082772e+02	177
5.894100e+04	8.392532e+01	3.123878e+02	2.833951e-01	8.178623e-01	1.918387e+01	8.733561e-01	-8.002832e+01	1.083351e+02	178
5.927400e+04	8.253201e+01	3.126415e+02	2.787361e-01	8.155248e-01	1.921695e+01	8.721528e-01	-8.002832e+01	1.083909e+02	179
5.960700e+04	8.106106e+01	3.131956e+02	2.740153e-01	8.132435e-01	1.924977e+01	8.709754e-01	-8.002832e+01	1.084458e+02	180
5.994000e+04	7.950385e+01	3.133437e+02	2.692613e-01	8.110388e-01	1.928229e+01	8.698380e-01	-8.002832e+01	1.085000e+02	181
6.027300e+04	7.787686e+01	3.138947e+02	2.646127e-01	8.089639e-01	1.931445e+01	8.687830e-01	-8.002832e+01	1.085563e+02	182
6.060600e+04	7.620702e+01	3.140902e+02	2.604758e-01	8.071626e-01	1.934609e+01	8.679238e-01	-8.002832e+01	1.086224e+02	183
6.093900e+04	7.394909e+01	3.142977e+02	2.544985e-01	8.054088e-01	1.937728e+01	8.669500e-01	-8.002832e+01	1.086666e+02	184
6.127200e+04	7.160472e+01	3.147037e+02	2.479374e-01	8.035742e-01	1.940808e+01	8.658914e-01	-8.002832e+01	1.087054e+02	185
6.160500e+04	6.931194e+01	3.150263e+02	2.412274e-01	8.016366e-01	1.943850e+01	8.647596e-01	-8.002832e+01	1.087408e+02	186
6.193800e+04	6.715395e+01	3.152636e+02	2.345202e-01	7.996082e-01	1.946854e+01	8.635705e-01	-8.002832e+01	1.087742e+02	187
6.227100e+04	6.517306e+01	3.154272e+02	2.278500e-01	7.975100e-01	1.949819e+01	8.623396e-01	-8.002832e+01	1.088053e+02	188
6.260400e+04	6.334826e+01	3.156848e+02	2.212402e-01	7.953650e-01	1.952744e+01	8.610832e-01	-8.002832e+01	1.088342e+02	189
6.293700e+04	6.165303e+01	3.160252e+02	2.147143e-01	7.931966e-01	1.955627e+01	8.598180e-01	-8.002832e+01	1.088609e+02	190
6.327000e+04	6.006035e+01	3.163103e+02	2.083089e-01	7.910280e-01	1.958468e+01	8.585611e-01	-8.002832e+01	1.088855e+02	191
6.360300e+04	5.854830e+01	3.165510e+02	2.020794e-01	7.888842e-01	1.961265e+01	8.573310e-01	-8.002832e+01	1.089084e+02	192
6.393600e+04	5.713252e+01	3.167447e+02	1.961004e-01	7.867915e-01	1.964020e+01	8.561471e-01	-8.002832e+01	1.089308e+02	193
6.426900e+04	5.581214e+01	3.168603e+02	1.904660e-01	7.847791e-01	1.966731e+01	8.550299e-01	-8.002832e+01	1.089546e+02	194
6.460200e+04	5.462193e+01	3.170453e+02	1.852907e-01	7.828791e-01	1.969401e+01	8.540015e-01	-8.002832e+01	1.089818e+02	195
6.493500e+04	5.359181e+01	3.173554e+02	1.807097e-01	7.811263e-01	1.972031e+01	8.530868e-01	-8.002832e+01	1.090150e+02	196
6.526800e+04	5.274673e+01	3.174766e+02	1.768753e-01	7.795586e-01	1.974624e+01	8.523150e-01	-8.002832e+01	1.090566e+02	197
6.560100e+04	5.212169e+01	3.175394e+02	1.739376e-01	7.782154e-01	1.977184e+01	8.517197e-01	-8.002832e+01	1.091069e+02	198
6.593400e+04	5.173167e+01	3.177256e+02	1.719905e-01	7.771347e-01	1.979716e+01	8.513346e-01	-8.002832e+01	1.091641e+02	199
6.626700e+04	5.153666e+01	3.178777e+02	1.709950e-01	7.763468e-01	1.982224e+01	8.511829e-01	-8.002832e+01	1.092235e+02	200
6.660000e+04	5.148166e+01	3.180448e+02	1.708473e-01	7.758678e-01	1.984713e+01	8.512683e-01	-8.002832e+01	1.092799e+02	201
6.693300e+04	5.149665e+01	3.182701e+02	1.712658e-01	7.756954e-01	1.987185e+01	8.515744e-01	-8.002832e+01	1.093300e+02	202
6.726600e+04	5.150664e+01	3.184930e+02	1.717925e-01	7.758102e-01	1.989642e+01	8.520722e-01	-8.002832e+01	1.093719e+02	203
6.759900e+04	5.146163e+01	3.185001e+02	1.721725e-01	7.761795e-01	1.992083e+01	8.527268e-01	-8.002832e+01	1.094051e+02	204
6.793200e+04	5.133161e+01	3.186937e+02	1.722335e-01	7.767633e-01	1.994508e+01	8.535031e-01	-8.002832e+01	1.094310e+02	205
6.826500e+04	5.109659e+01	3.186326e+02	1.718858e-01	7.775196e-01	1.996914e+01	8.543689e-01	-8.002832e+01	1.094499e+02	206
6.859800e+04	5.076156e+01	3.187738e+02	1.711087e-01	7.784080e-01	1.999301e+01	8.552975e-01	-8.002832e+01	1.094631e+02	207
6.893100e+04	5.033653e+01	3.189346e+02	1.699350e-01	7.793939e-01	2.001667e+01	8.562681e-01	-8.002832e+01	1.094721e+02	208
6.926400e+04	4.984150e+01	3.190468e+02	1.684342e-01	7.804491e-01	2.004011e+01	8.572665e-01	-8.002832e+01	1.094779e+02	209
6.959700e+04	4.929648e+01	3.191389e+02	1.666958e-01	7.815533e-01	2.006332e+01	8.582842e-01	-8.002832e+01	1.094814e+02	210
6.993000e+04	4.872146e+01	3.192209e+02	1.648144e-01	7.826932e-01	2.008630e+01	8.593172e-01	-8.002832e+01	1.094838e+02	211
7.026300e+04	4.813644e+01	3.192961e+02	1.628789e-01	7.838614e-01	2.010903e+01	8.603648e-01	-8.002832e+01	1.094859e+02	212
7.059600e+04	4.755643e+01	3.193600e+02	1.609644e-01	7.850556e-01	2.013154e+01	8.614288e-01	-8.002832e+01	1.094887e+02	213
7.092900e+04	4.700143e+01	3.193982e+02	1.591283e-01	7.862766e-01	2.015381e+01	8.625120e-01	-8.002832e+01	1.094928e+02	214
7.126200e+04	4.647143e+01	3.193807e+02	1.574093e-01	7.875273e-01	2.017586e+01	8.636179e-01	-8.002832e+01	1.094983e+02	215
7.159500e+04	4.597143e+01	3.193248e+02	1.558289e-01	7.888112e-01	2.019769e+01	8.647497e-01	-8.002832e+01	1.095056e+02	216
7.192800e+04	4.550643e+01	3.195289e+02	1.543942e-01	7.901322e-01	2.021932e+01	8.659101e-01	-8.002832e+01	1.095142e+02	217
7.226100e+04	4.507644e+01	3.196173e+02	1.531019e-01	7.914933e-01	2.024074e+01	8.671011e-01	-8.002832e+01	1.095242e+02	218
7.259400e+04	4.467645e+01	3.195425e+02	1.519412e-01	7.928970e-01	2.026198e+01	8.683239e-01	-8.002832e+01	1.095354e+02	219
7.292700e+04	4.429645e+01	3.195932e+02	1.508966e-01	7.943444e-01	2.028304e+01	8.695789e-01	-8.002832e+01	1.095469e+02	220
7.326000e+04	4.394146e+01	3.197236e+02	1.499516e-01	7.958360e-01	2.030392e+01	8.708655e-01	-8.002832e+01	1.095585e+02	221
7.359300e+04	4.360647e+01	3.196495e+02	1.490896e-01	7.973712e-01	2.032464e+01	8.721830e-01	-8.002832e+01	1.095704e+02	222
7.392600e+04	4.327647e+01	3.196732e+02	1.482952e-01	7.989485e-01	2.034519e+01	8.735296e-01	-8.002832e+01	1.095820e+02	223
7.425900e+04	4.295648e+01	3.198029e+02	1.475560e-01	8.005662e-01	2.036558e+01	8.749037e-01	-8.002832e+01	1.095929e+02	224
7.459200e+04	4.264649e+01	3.197410e+02	1.468614e-01	8.022220e-01	2.038581e+01	8.763035e-01	-8.002832e+01	1.096035e+02	225
7.492500e+04	4.233649e+01	3.197043e+02	1.462028e-01	8.039133e-01	2.040590e+01	8.777267e-01	-8.002832e+01	1.096137e+02	226
7.525800e+04	4.203150e+01	3.198573e+02	1.455744e-01	8.056375e-01	2.042583e+01	8.791716e-01	-8.002832e+01	1.096232e+02	227
7.559100e+04	4.173150e+01	3.198477e+02	1.449718e-01	8.073919e-01	2.044562e+01	8.806362e-01	-8.002832e+01	1.096319e+02	228
7.592400e+04	4.143150e+01	3.196882e+02	1.443914e-01	8.091740e-01	2.046526e+01	8.821185e-01	-8.002832e+01	1.096406e+02	229
7.625700e+04	4.112651e+01	3.198559e+02	1.438312e-01	8.109811e-01	2.048476e+01	8.836170e-01	-8.002832e+01	1.096487e+02	230
7.659000e+04	4.082151e+01	3.199289e+02	1.432900e-01	8.128110e-01	2.050413e+01	8.851299e-01	-8.002832e+01	1.096561e+02	231
7.692300e+04	4.052151e+01	3.198739e+02	1.427664e-01	8.146614e-01	2.052335e+01	8.866559e-01	-8.002832e+01	1.096631e+02	232
7.725600e+04	4.021650e+01	3.197425e+02	1.422599e-01	8.165302e-01	2.054243e+01	8.881935e-01	-8.002832e+01	1.096699e+02	233
7.758900e+04	3.991150e+01	3.199151e+02	1.417701e-01	8.184156e-01	2.056138e+01	8.897415e-01	-8.002832e+01	1.096764e+02	234
7.792200e+04	3.961150e+01	3.199747e+02	1.412971e-01	8.203158e-01	2.058020e+01	8.912987e-01	-8.002832e+01	1.096825e+02	235
7.825500e+04	3.930649e+01	3.199274e+02	1.408402e-01	8.222291e-01	2.059889e+01	8.928641e-01	-8.002832e+01	1.096882e+02	236
7.858800e+04	3.900648e+01	3.197787e+02	1.403993e-01	8.241540e-01	2.061744e+01	8.944368e-01	-8.002832e+01	1.096936e+02	237
7.892100e+04	3.869647e+01	3.199196e+02	1.399743e-01	8.260893e-01	2.063587e+01	8.960157e-01	-8.002832e+01	1.096990e+02	238
7.925400e+04	3.839646e+01	3.200015e+02	1.395654e-01	8.280337e-01	2.065417e+01	8.976002e-01	-8.002832e+01	1.097041e+02	239
7.958700e+04	3.809644e+01	3.199894e+02	1.391719e-01	8.299859e-01	2.067235e+01	8.991895e-01	-8.002832e+01	1.097089e+02	240
7.992000e+04	3.779143e+01	3.198873e+02	1.387935e-01	8.319450e-01	2.069040e+01	9.007828e-01	-8.002832e+01	1.097134e+02	241
8.025300e+04	3.748641e+01	3.198632e+02	1.384302e-01	8.339100e-01	2.070832e+01	9.023796e-01	-8.002832e+01	1.097179e+02	242
8.058600e+04	3.718638e+01	3.199876e+02	1.380819e-01	8.358800e-01	2.072613e+01	9.039792e-01	-8.002832e+01	1.097223e+02	243
8.091900e+04	3.689136e+01	3.200270e+02	1.377481e-01	8.378541e-01	2.074382e+01	9.055812e-01	-8.002832e+01	1.097265e+02	244
8.125200e+04	3.659134e+01	3.199837e+02	1.374283e-01	8.398316e-01	2.076139e+01	9.071849e-01	-8.002832e+01	1.097305e+02	245
8.158500e+04	3.629631e+01	3.198603e+02	1.371222e-01	8.418118e-01	2.077884e+01	9.087900e-01	-8.002832e+01	1.097342e+02	246
8.191800e+04	3.599628e+01	3.199062e+02	1.368297e-01	8.437940e-01	2.079617e+01	9.103960e-01	-8.002832e+01	1.097379e+02	247
8.225100e+04	3.570124e+01	3.200069e+02	1.365505e-01	8.457776e-01	2.081339e+01	9.120026e-01	-8.002832e+01	1.097416e+02	248
8.258400e+04	3.541121e+01	3.200309e+02	1.362841e-01	8.477621e-01	2.083050e+01	9.136092e-01	-8.002832e+01	1.097452e+02	249
8.291700e+04	3.512117e+01	3.199799e+02	1.360300e-01	8.497469e-01	2.084750e+01	9.152157e-01	-8.002832e+01	1.097486e+02	250
8.325000e+04	3.483614e+01	3.198558e+02	1.357880e-01	8.517315e-01	2.086438e+01	9.168215e-01	-8.002832e+01	1.097518e+02	251
8.358300e+04	3.454610e+01	3.198994e+02	1.355578e-01	8.537155e-01	2.088116e+01	9.184266e-01	-8.002832e+01	1.097548e+02	252
8.391600e+04	3.426606e+01	3.199965e+02	1.353394e-01	8.556984e-01	2.089783e+01	9.200305e-01	-8.002832e+01	1.097579e+02	253
8.424900e+04	3.398602e+01	3.200230e+02	1.351321e-01	8.576800e-01	2.091439e+01	9.216331e-01	-8.002832e+01	1.097610e+02	254
8.458200e+04	3.371098e+01	3.199805e+02	1.349355e-01	8.596597e-01	2.093085e+01	9.232340e-01	-8.002832e+01	1.097640e+02	255
8.491500e+04	3.344094e+01	3.198703e+02	1.347494e-01	8.616373e-01	2.094720e+01	9.248331e-01	-8.002832e+01	1.097667e+02	256
8.524800e+04	3.316590e+01	3.198510e+02	1.345737e-01	8.636124e-01	2.096345e+01	9.264301e-01	-8.002832e+01	1.097693e+02	257
8.558100e+04	3.290586e+01	3.199586e+02	1.344081e-01	8.655848e-01	2.097960e+01	9.280248e-01	-8.002832e+01	1.097718e+02	258
8.591400e+04	3.264581e+01	3.200009e+02	1.342523e-01	8.675542e-01	2.099564e+01	9.296172e-01	-8.002832e+01	1.097745e+02	259
8.624700e+04	3.238577e+01	3.199788e+02	1.341058e-01	8.695204e-01	2.101159e+01	9.312070e-01	-8.002832e+01	1.097771e+02	260
8.658000e+04	3.213573e+01	3.198935e+02	1.339683e-01	8.714830e-01	2.102744e+01	9.327941e-01	-8.002832e+01	1.097795e+02	261
8.691300e+04	3.188570e+01	3.197581e+02	1.338399e-01	8.734420e-01	2.104319e+01	9.343782e-01	-8.002832e+01	1.097818e+02	262
8.724600e+04	3.164066e+01	3.198873e+02	1.337202e-01	8.753971e-01	2.105884e+01	9.359594e-01	-8.002832e+01	1.097839e+02	263
8.757900e+04	3.140562e+01	3.199553e+02	1.336090e-01	8.773481e-01	2.107440e+01	9.375375e-01	-8.002832e+01	1.097860e+02	264
8.791200e+04	3.117059e+01	3.199629e+02	1.335058e-01	8.792949e-01	2.108987e+01	9.391124e-01	-8.002832e+01	1.097883e+02	265
8.824500e+04	3.094555e+01	3.199110e+02	1.334103e-01	8.812373e-01	2.110524e+01	9.406839e-01	-8.002832e+01	1.097905e+02	266
8.857800e+04	3.072552e+01	3.198007e+02	1.333225e-01	8.831752e-01	2.112052e+01	9.422520e-01	-8.002832e+01	1.097925e+02	267
8.891100e+04	3.050049e+01	3.197721e+02	1.332421e-01	8.851084e-01	2.113571e+01	9.438167e-01	-8.002832e+01	1.097944e+02	268
8.924400e+04	3.029046e+01	3.198735e+02	1.331690e-01	8.870368e-01	2.115081e+01	9.453777e-01	-8.002832e+01	1.097962e+02	269
8.957700e+04	3.008543e+01	3.199179e+02	1.331029e-01	8.889604e-01	2.116583e+01	9.469352e-01	-8.002832e+01	1.097979e+02	270
8.991000e+04	2.988041e+01	3.199058e+02	1.330432e-01	8.908790e-01	2.118075e+01	9.484890e-01	-8.002832e+01	1.097998e+02	271
9.024300e+04	2.968538e+01	3.198381e+02	1.329899e-01	8.927925e-01	2.119559e+01	9.500390e-01	-8.002832e+01	1.098016e+02	272
9.057600e+04	2.949536e+01	3.197154e+02	1.329428e-01	8.947008e-01	2.121035e+01	9.515852e-01	-8.002832e+01	1.098033e+02	273
9.090900e+04	2.930534e+01	3.197417e+02	1.329019e-01	8.966039e-01	2.122502e+01	9.531276e-01	-8.002832e+01	1.098049e+02	274
9.124200e+04	2.912532e+01	3.198281e+02	1.328668e-01	8.985017e-01	2.123961e+01	9.546662e-01	-8.002832e+01	1.098064e+02	275
9.157500e+04	2.894530e+01	3.198608e+02	1.328374e-01	9.003942e-01	2.125412e+01	9.562008e-01	-8.002832e+01	1.098078e+02	276
9.190800e+04	2.877528e+01	3.198402e+02	1.328132e-01	9.022812e-01	2.126855e+01	9.577315e-01	-8.002832e+01	1.098094e+02	277
9.224100e+04	2.861026e+01	3.197669e+02	1.327941e-01	9.041628e-01	2.128290e+01	9.592581e-01	-8.002832e+01	1.098110e+02	278
9.257400e+04	2.845025e+01	3.196417e+02	1.327802e-01	9.060388e-01	2.129717e+01	9.607808e-01	-8.002832e+01	1.098124e+02	279
9.290700e+04	2.828523e+01	3.196785e+02	1.327712e-01	9.079092e-01	2.131136e+01	9.622995e-01	-8.002832e+01	1.098138e+02	280
9.324000e+04	2.813522e+01	3.197598e+02	1.327672e-01	9.097742e-01	2.132548e+01	9.638142e-01	-8.002832e+01	1.098150e+02	281
9.357300e+04	2.798521e+01	3.197899e+02	1.327676e-01	9.116335e-01	2.133952e+01	9.653249e-01	-8.002832e+01	1.098162e+02	282
9.390600e+04	2.784519e+01	3.197696e+02	1.327724e-01	9.134873e-01	2.135349e+01	9.668316e-01	-8.002832e+01	1.098173e+02	283
9.423900e+04	2.770518e+01	3.196992e+02	1.327814e-01	9.153353e-01	2.136739e+01	9.683342e-01	-8.002832e+01	1.098187e+02	284
9.457200e+04	2.757017e+01	3.195794e+02	1.327946e-01	9.171778e-01	2.138121e+01	9.698328e-01	-8.002832e+01	1.098199e+02	285
9.490500e+04	2.743016e+01	3.195866e+02	1.328121e-01	9.190146e-01	2.139496e+01	9.713274e-01	-8.002832e+01	1.098210e+02	286
9.523800e+04	2.730516e+01	3.196706e+02	1.328336e-01	9.208458e-01	2.140864e+01	9.728180e-01	-8.002832e+01	1.098221e+02	287
9.557100e+04	2.718015e+01	3.197061e+02	1.328590e-01	9.226714e-01	2.142226e+01	9.743046e-01	-8.002832e+01	1.098230e+02	288
9.590400e+04	2.706014e+01	3.196935e+02	1.328879e-01	9.244914e-01	2.143580e+01	9.757873e-01	-8.002832e+01	1.098238e+02	289
9.623700e+04	2.694513e+01	3.196335e+02	1.329205e-01	9.263058e-01	2.144928e+01	9.772660e-01	-8.002832e+01	1.098248e+02	290
9.657000e+04	2.683013e+01	3.195264e+02	1.329566e-01	9.281146e-01	2.146269e+01	9.787408e-01	-8.002832e+01	1.098258e+02	291
9.690300e+04	2.672012e+01	3.194649e+02	1.329964e-01	9.299179e-01	2.147604e+01	9.802116e-01	-8.002832e+01	1.098267e+02	292
9.723600e+04	2.661011e+01	3.195587e+02	1.330397e-01	9.317158e-01	2.148933e+01	9.816787e-01	-8.002832e+01	1.098276e+02	293
9.756900e+04	2.651011e+01	3.196065e+02	1.330863e-01	9.335082e-01	2.150255e+01	9.831419e-01	-8.002832e+01	1.098283e+02	294
9.790200e+04	2.641010e+01	3.196086e+02	1.331361e-01	9.352952e-01	2.151571e+01	9.846013e-01	-8.002832e+01	1.098289e+02	295
9.823500e+04	2.631510e+01	3.195655e+02	1.331889e-01	9.370768e-01	2.152881e+01	9.860569e-01	-8.002832e+01	1.098295e+02	296
9.856800e+04	2.622009e+01	3.194778e+02	1.332449e-01	9.388531e-01	2.154185e+01	9.875088e-01	-8.002832e+01	1.098303e+02	297
9.890100e+04	2.613009e+01	3.193460e+02	1.333040e-01	9.406241e-01	2.155483e+01	9.889570e-01	-8.002832e+01	1.098310e+02	298
9.923400e+04	2.603509e+01	3.194189e+02	1.333663e-01	9.423899e-01	2.156775e+01	9.904015e-01	-8.002832e+01	1.098316e+02	299
9.956700e+04	2.595008e+01	3.194851e+02	1.334315e-01	9.441505e-01	2.158062e+01	9.918425e-01	-8.002832e+01	1.098322e+02	300
9.990000e+04	2.586508e+01	3.195079e+02	1.334995e-01	9.459061e-01	2.159343e+01	9.932799e-01	-8.002832e+01	1.098327e+02	301
1.002330e+05	2.578508e+01	3.194878e+02	1.335702e-01	9.476566e-01	2.160618e+01	9.947138e-01	-8.002832e+01	1.098331e+02	302
1.005660e+05	2.571007e+01	3.194251e+02	1.336435e-01	9.494021e-01	2.161888e+01	9.961441e-01	-8.002832e+01	1.098334e+02	303
1.008990e+05	2.563507e+01	3.193203e+02	1.337196e-01	9.511427e-01	2.163153e+01	9.975711e-01	-8.002832e+01	1.098339e+02	304
1.012320e+05	2.555507e+01	3.192435e+02	1.337985e-01	9.528784e-01	2.164413e+01	9.989946e-01	-8.002832e+01	1.098344e+02	305
1.015650e+05	2.548507e+01	3.193337e+02	1.338800e-01	9.546093e-01	2.165667e+01	1.000415e+00	-8.002832e+01	1.098348e+02	306
1.018980e+05	2.541506e+01	3.193825e+02	1.339641e-01	9.563356e-01	2.166917e+01	1.001832e+00	-8.002832e+01	1.098351e+02	307
1.022310e+05	2.535006e+01	3.193903e+02	1.340505e-01	9.580571e-01	2.168161e+01	1.003245e+00	-8.002832e+01	1.098354e+02	308
1.025640e+05	2.528506e+01	3.193573e+02	1.341392e-01	9.597741e-01	2.169401e+01	1.004656e+00	-8.002832e+01	1.098355e+02	309
1.028970e+05	2.522506e+01	3.192840e+02	1.342302e-01	9.614864e-01	2.170635e+01	1.006063e+00	-8.002832e+01	1.098356e+02	310
1.032300e+05	2.516006e+01	3.191707e+02	1.343236e-01	9.631943e-01	2.171865e+01	1.007467e+00	-8.002832e+01	1.098359e+02	311
1.035630e+05	2.510005e+01	3.191429e+02	1.344195e-01	9.648978e-01	2.173091e+01	1.008868e+00	-8.002832e+01	1.098362e+02	312
1.038960e+05	2.504005e+01	3.192220e+02	1.345175e-01	9.665969e-01	2.174312e+01	1.010266e+00	-8.002832e+01	1.098364e+02	313
1.042290e+05	2.498505e+01	3.192618e+02	1.346177e-01	9.682918e-01	2.175528e+01	1.011660e+00	-8.002832e+01	1.098365e+02	314
1.045620e+05	2.493505e+01	3.192624e+02	1.347199e-01	9.699824e-01	2.176740e+01	1.013052e+00	-8.002832e+01	1.098366e+02	315
1.048950e+05	2.488005e+01	3.192241e+02	1.348240e-01	9.716688e-01	2.177948e+01	1.014441e+00	-8.002832e+01	1.098366e+02	316
1.052280e+05	2.483005e+01	3.191472e+02	1.349301e-01	9.733510e-01	2.179151e+01	1.015827e+00	-8.002832e+01	1.098366e+02	317
1.055610e+05	2.478505e+01	3.190321e+02	1.350383e-01	9.750292e-01	2.180350e+01	1.017210e+00	-8.002832e+01	1.098365e+02	318
1.058940e+05	2.473004e+01	3.190166e+02	1.351485e-01	9.767033e-01	2.181545e+01	1.018590e+00	-8.002832e+01	1.098367e+02	319
1.062270e+05	2.468504e+01	3.190916e+02	1.352606e-01	9.783735e-01	2.182736e+01	1.019968e+00	-8.002832e+01	1.098367e+02	320
1.065600e+05	2.464504e+01	3.191287e+02	1.353745e-01	9.800398e-01	2.183922e+01	1.021342e+00	-8.002832e+01	1.098368e+02	321
1.068930e+05	2.460004e+01	3.191282e+02	1.354900e-01	9.817022e-01	2.185105e+01	1.022714e+00	-8.002832e+01	1.098367e+02	322
1.072260e+05	2.456004e+01	3.190902e+02	1.356071e-01	9.833607e-01	2.186284e+01	1.024083e+00	-8.002832e+01	1.098366e+02	323
1.075590e+05	2.452004e+01	3.190149e+02	1.357259e-01	9.850154e-01	2.187459e+01	1.025449e+00	-8.002832e+01	1.098364e+02	324
1.078920e+05	2.448004e+01	3.189026e+02	1.358463e-01	9.866663e-01	2.188630e+01	1.026812e+00	-8.002832e+01	1.098362e+02	325
1.082250e+05	2.444004e+01	3.188708e+02	1.359685e-01	9.883135e-01	2.189798e+01	1.028173e+00	-8.002832e+01	1.098362e+02	326
1.085580e+05	2.440504e+01	3.189468e+02	1.360923e-01	9.899570e-01	2.190962e+01	1.029531e+00	-8.002832e+01	1.098361e+02	327
1.088910e+05	2.437004e+01	3.189861e+02	1.362175e-01	9.915969e-01	2.192122e+01	1.030887e+00	-8.002832e+01	1.098361e+02	328
1.092240e+05	2.433504e+01	3.189888e+02	1.363441e-01	9.932331e-01	2.193278e+01	1.032239e+00	-8.002832e+01	1.098359e+02	329
1.095570e+05	2.430004e+01	3.189550e+02	1.364719e-01	9.948657e-01	2.194431e+01	1.033589e+00	-8.002832e+01	1.098357e+02	330
1.098900e+05	2.427004e+01	3.188849e+02	1.366010e-01	9.964947e-01	2.195580e+01	1.034937e+00	-8.002832e+01	1.098355e+02	331
1.102230e+05	2.424004e+01	3.187787e+02	1.367315e-01	9.981202e-01	2.196726e+01	1.036281e+00	-8.002832e+01	1.098352e+02	332
1.105560e+05	2.420503e+01	3.187093e+02	1.368634e-01	9.997421e-01	2.197868e+01	1.037624e+00	-8.002832e+01	1.098349e+02	333
1.108890e+05	2.417503e+01	3.187899e+02	1.369967e-01	1.001360e+00	2.199007e+01	1.038963e+00	-8.002832e+01	1.098348e+02	334
1.112220e+05	2.415003e+01	3.188347e+02	1.371310e-01	1.002975e+00	2.200143e+01	1.040300e+00	-8.002832e+01	1.098347e+02	335
1.115550e+05	2.412003e+01	3.188437e+02	1.372664e-01	1.004587e+00	2.201275e+01	1.041634e+00	-8.002832e+01	1.098345e+02	336
1.118880e+05	2.409503e+01	3.188170e+02	1.374027e-01	1.006195e+00	2.202404e+01	1.042966e+00	-8.002832e+01	1.098342e+02	337
1.122210e+05	2.407003e+01	3.187546e+02	1.375400e-01	1.007799e+00	2.203529e+01	1.044295e+00	-8.002832e+01	1.098339e+02	338
1.125540e+05	2.404503e+01	3.186566e+02	1.376784e-01	1.009400e+00	2.204651e+01	1.045622e+00	-8.002832e+01	1.098336e+02	339
1.128870e+05	2.401503e+01	3.185345e+02	1.378179e-01	1.010998e+00	2.205770e+01	1.046946e+00	-8.002832e+01	1.098332e+02	340
1.132200e+05	2.399503e+01	3.186224e+02	1.379584e-01	1.012592e+00	2.206886e+01	1.048267e+00	-8.002832e+01	1.098329e+02	341
1.135530e+05	2.397003e+01	3.186751e+02	1.380998e-01	1.014183e+00	2.207998e+01	1.049586e+00	-8.002832e+01	1.098327e+02	342
1.138860e+05	2.395003e+01	3.186924e+02	1.382419e-01	1.015770e+00	2.209108e+01	1.050902e+00	-8.002832e+01	1.098325e+02	343
1.142190e+05	2.393003e+01	3.186745e+02	1.383847e-01	1.017354e+00	2.210214e+01	1.052216e+00	-8.002832e+01	1.098322e+02	344
1.145520e+05	2.391003e+01	3.186213e+02	1.385282e-01	1.018935e+00	2.211317e+01	1.053527e+00	-8.002832e+01	1.098319e+02	345
1.148850e+05	2.389003e+01	3.185329e+02	1.386724e-01	1.020512e+00	2.212417e+01	1.054835e+00	-8.002832e+01	1.098315e+02	346
1.152180e+05	2.387003e+01	3.184093e+02	1.388175e-01	1.022085e+00	2.213513e+01	1.056141e+00	-8.002832e+01	1.098311e+02	347
1.155510e+05	2.384503e+01	3.184456e+02	1.389633e-01	1.023656e+00	2.214607e+01	1.057444e+00	-8.002832e+01	1.098307e+02	348
1.158840e+05	2.382503e+01	3.185075e+02	1.391098e-01	1.025223e+00	2.215698e+01	1.058745e+00	-8.002832e+01	1.098304e+02	349
1.162170e+05	2.381003e+01	3.185345e+02	1.392568e-01	1.026786e+00	2.216786e+01	1.060043e+00	-8.002832e+01	1.098302e+02	350
1.165500e+05	2.379003e+01	3.185264e+02	1.394042e-01	1.028347e+00	2.217870e+01	1.061339e+00	-8.002832e+01	1.098299e+02	351
1.168830e+05	2.377503e+01	3.184833e+02	1.395520e-01	1.029904e+00	2.218952e+01	1.062631e+00	-8.002832e+01	1.098296e+02	352
1.172160e+05	2.376003e+01	3.184053e+02	1.397003e-01	1.031457e+00	2.220031e+01	1.063922e+00	-8.002832e+01	1.098292e+02	353
1.175490e+05	2.374503e+01	3.182922e+02	1.398492e-01	1.033007e+00	2.221106e+01	1.065209e+00	-8.002832e+01	1.098288e+02	354
1.178820e+05	2.372503e+01	3.182604e+02	1.399987e-01	1.034554e+00	2.222179e+01	1.066495e+00	-8.002832e+01	1.098283e+02	355
1.182150e+05	2.371003e+01	3.183324e+02	1.401486e-01	1.036097e+00	2.223249e+01	1.067777e+00	-8.002832e+01	1.098278e+02	356
1.185480e+05	2.369503e+01	3.183696e+02	1.402988e-01	1.037637e+00	2.224316e+01	1.069057e+00	-8.002832e+01	1.098276e+02	357
1.188810e+05	2.368003e+01	3.183720e+02	1.404493e-01	1.039174e+00	2.225380e+01	1.070334e+00	-8.002832e+01	1.098273e+02	358
1.192140e+05	2.366503e+01	3.183396e+02	1.406000e-01	1.040707e+00	2.226441e+01	1.071609e+00	-8.002832e+01	1.098270e+02	359
1.195470e+05	2.365003e+01	3.182723e+02	1.407509e-01	1.042237e+00	2.227499e+01	1.072881e+00	-8.002832e+01	1.098266e+02	360
1.198800e+05	2.363503e+01	3.181700e+02	1.409022e-01	1.043763e+00	2.228555e+01	1.074150e+00	-8.002832e+01	1.098262e+02	361
1.200000e+05	2.362003e+01	3.180676e+02	1.410539e-01	1.054861e+00	2.228249e+01	1.132693e-03	-8.002832e+01	1.098257e+02	361
