0.000000e+00	0.000000e+00	0.000000e+00	-2.000000e+03	2.500000e-01	1.000000e+01	2.073800e-01	1.000000e+00	0.000000e+00	1
5.000000e+02	0.000000e+00	3.092597e+02	8.186562e-01	3.022892e-01	1.002305e+01	5.994766e-01	-7.345871e+01	0.000000e+00	2
1.000000e+03	1.212135e+02	2.000674e+01	3.800086e-01	3.971340e-01	1.012337e+01	7.319055e-01	-7.345871e+01	2.437077e+01	3
1.500000e+03	1.076767e+02	2.001116e+01	4.401677e-01	5.140982e-01	1.028123e+01	8.439848e-01	-7.345871e+01	2.395713e+01	4
2.000000e+03	6.123138e+01	2.008092e+01	1.315730e-01	6.232120e-01	1.040691e+01	8.839039e-01	-7.345871e+01	2.405536e+01	5
2.500000e+03	3.048981e+01	2.000147e+01	7.634560e-02	7.265064e-01	1.051472e+01	9.602510e-01	-7.345871e+01	2.346744e+01	6
3.000000e+03	2.421810e+01	2.000062e+01	7.635144e-02	8.277468e-01	1.062316e+01	1.036604e+00	-7.345871e+01	2.334039e+01	7
3.500000e+03	2.248629e+01	2.000038e+01	7.478167e-02	9.250168e-01	1.073358e+01	1.111387e+00	-7.345871e+01	2.324592e+01	8
4.000000e+03	2.187206e+01	2.000027e+01	7.243585e-02	1.017375e+00	1.084600e+01	1.183824e+00	-7.345871e+01	2.316480e+01	9
4.500000e+03	2.157907e+01	2.000021e+01	6.976316e-02	1.104621e+00	1.096008e+01	1.253589e+00	-7.345871e+01	2.309240e+01	10
5.000000e+03	2.138603e+01	2.000017e+01	6.710443e-02	1.186999e+00	1.107540e+01	1.320695e+00	-7.345871e+01	2.302690e+01	11
5.500000e+03	2.122776e+01	2.000013e+01	6.467011e-02	1.264995e+00	1.119156e+01	1.385366e+00	-7.345871e+01	2.296725e+01	12
6.000000e+03	2.108432e+01	2.000011e+01	6.256611e-02	1.339198e+00	1.130818e+01	1.447934e+00	-7.345871e+01	2.291263e+01	13
6.500000e+03	2.094574e+01	2.000008e+01	6.082569e-02	1.410215e+00	1.142498e+01	1.508761e+00	-7.345871e+01	2.286233e+01	14
7.000000e+03	2.080703e+01	2.000007e+01	5.943829e-02	1.478620e+00	1.154169e+01	1.568200e+00	-7.345871e+01	2.281573e+01	15
7.500000e+03	2.066318e+01	2.000005e+01	5.889197e-02	1.544928e+00	1.165812e+01	1.626571e+00	-7.345871e+01	2.277227e+01	16
8.000000e+03	2.052428e+01	2.000004e+01	6.082992e-02	1.609584e+00	1.177409e+01	1.684151e+00	-7.345871e+01	2.273149e+01	17
8.500000e+03	2.038026e+01	2.000003e+01	6.278835e-02	1.672965e+00	1.188949e+01	1.741171e+00	-7.345871e+01	2.269300e+01	18
9.000000e+03	2.023617e+01	2.000002e+01	6.476684e-02	1.735380e+00	1.200421e+01	1.797820e+00	-7.345871e+01	2.265648e+01	19
9.500000e+03	2.009706e+01	2.000002e+01	6.676506e-02	1.797084e+00	1.211818e+01	1.854251e+00	-7.345871e+01	2.262165e+01	20
1.000000e+04	1.995284e+01	2.000002e+01	6.878275e-02	1.858280e+00	1.223135e+01	1.910586e+00	-7.345871e+01	2.258830e+01	21
1.050000e+04	1.981361e+01	2.000001e+01	7.081962e-02	1.919130e+00	1.234367e+01	1.966918e+00	-7.345871e+01	2.255626e+01	22
1.100000e+04	1.966927e+01	2.000001e+01	7.287537e-02	1.979764e+00	1.245511e+01	2.023322e+00	-7.345871e+01	2.252539e+01	23
1.150000e+04	1.952992e+01	2.000001e+01	7.494969e-02	2.040282e+00	1.256566e+01	2.079854e+00	-7.345871e+01	2.249557e+01	24
1.200000e+04	1.939051e+01	2.000001e+01	7.704224e-02	2.100762e+00	1.267530e+01	2.136554e+00	-7.345871e+01	2.246670e+01	25
1.250000e+04	1.925610e+01	2.000001e+01	7.915265e-02	2.161266e+00	1.278401e+01	2.193455e+00	-7.345871e+01	2.243873e+01	26
1.300000e+04	1.911658e+01	2.000000e+01	8.128058e-02	2.221840e+00	1.289181e+01	2.250579e+00	-7.345871e+01	2.241158e+01	27
1.350000e+04	1.898205e+01	2.000000e+01	8.342563e-02	2.282521e+00	1.299869e+01	2.307941e+00	-7.345871e+01	2.238520e+01	28
1.400000e+04	1.884746e+01	2.000000e+01	8.558745e-02	2.343334e+00	1.310465e+01	2.365552e+00	-7.345871e+01	2.235956e+01	29
1.450000e+04	1.871281e+01	2.000000e+01	8.776563e-02	2.404299e+00	1.320970e+01	2.423419e+00	-7.345871e+01	2.233461e+01	30
1.500000e+04	1.858317e+01	2.000000e+01	8.995982e-02	2.465432e+00	1.331384e+01	2.481543e+00	-7.345871e+01	2.231032e+01	31
1.550000e+04	1.845346e+01	2.000000e+01	9.216963e-02	2.526741e+00	1.341708e+01	2.539927e+00	-7.345871e+01	2.228667e+01	32
1.600000e+04	1.832369e+01	2.000000e+01	9.439469e-02	2.588235e+00	1.351943e+01	2.598570e+00	-7.345871e+01	2.226363e+01	33
1.650000e+04	1.819386e+01	2.000000e+01	9.663464e-02	2.649918e+00	1.362090e+01	2.657469e+00	-7.345871e+01	2.224118e+01	34
1.700000e+04	1.806904e+01	2.000001e+01	9.888912e-02	2.711791e+00	1.372150e+01	2.716620e+00	-7.345871e+01	2.221930e+01	35
1.750000e+04	1.794415e+01	2.000001e+01	1.011578e-01	2.773856e+00	1.382123e+01	2.776021e+00	-7.345871e+01	2.219798e+01	36
1.800000e+04	1.781920e+01	2.000001e+01	1.034403e-01	2.836113e+00	1.392012e+01	2.835665e+00	-7.345871e+01	2.217719e+01	37
1.850000e+04	1.769926e+01	2.000001e+01	1.057363e-01	2.898559e+00	1.401816e+01	2.895548e+00	-7.345871e+01	2.215692e+01	38
1.900000e+04	1.757419e+01	2.000001e+01	1.080455e-01	2.961193e+00	1.411537e+01	2.955666e+00	-7.345871e+01	2.213715e+01	39
1.950000e+04	1.745413e+01	2.000001e+01	1.103676e-01	3.024013e+00	1.421176e+01	3.016011e+00	-7.345871e+01	2.211787e+01	40
2.000000e+04	1.733908e+01	2.000001e+01	1.127022e-01	3.087015e+00	1.430734e+01	3.076579e+00	-7.345871e+01	2.209906e+01	41
2.050000e+04	1.721890e+01	2.000001e+01	1.150491e-01	3.150196e+00	1.440213e+01	3.137364e+00	-7.345871e+01	2.208072e+01	42
2.100000e+04	1.710373e+01	2.000001e+01	1.174079e-01	3.213554e+00	1.449613e+01	3.198361e+00	-7.345871e+01	2.206282e+01	43
2.150000e+04	1.698851e+01	2.000001e+01	1.197784e-01	3.277083e+00	1.458934e+01	3.259564e+00	-7.345871e+01	2.204536e+01	44
2.200000e+04	1.687830e+01	2.000001e+01	1.221604e-01	3.340780e+00	1.468180e+01	3.320966e+00	-7.345871e+01	2.202832e+01	45
2.250000e+04	1.676296e+01	2.000001e+01	1.245535e-01	3.404642e+00	1.477349e+01	3.382564e+00	-7.345871e+01	2.201170e+01	46
2.300000e+04	1.665264e+01	2.000001e+01	1.269575e-01	3.468665e+00	1.486445e+01	3.444351e+00	-7.345871e+01	2.199547e+01	47
2.350000e+04	1.654735e+01	2.000001e+01	1.293720e-01	3.532844e+00	1.495466e+01	3.506322e+00	-7.345871e+01	2.197963e+01	48
2.400000e+04	1.643692e+01	2.000001e+01	1.317970e-01	3.597177e+00	1.504415e+01	3.568472e+00	-7.345871e+01	2.196418e+01	49
2.450000e+04	1.633152e+01	2.000001e+01	1.342321e-01	3.661658e+00	1.513293e+01	3.630796e+00	-7.345871e+01	2.194908e+01	50
2.500000e+04	1.622607e+01	2.000001e+01	1.366772e-01	3.726285e+00	1.522100e+01	3.693289e+00	-7.345871e+01	2.193435e+01	51
2.550000e+04	1.612058e+01	2.000001e+01	1.391319e-01	3.791053e+00	1.530837e+01	3.755946e+00	-7.345871e+01	2.191997e+01	52
2.600000e+04	1.602011e+01	2.000002e+01	1.415960e-01	3.855959e+00	1.539506e+01	3.818763e+00	-7.345871e+01	2.190592e+01	53
2.650000e+04	1.591960e+01	2.000002e+01	1.440694e-01	3.920999e+00	1.548107e+01	3.881734e+00	-7.345871e+01	2.189220e+01	54
2.700000e+04	1.581905e+01	2.000002e+01	1.465518e-01	3.986169e+00	1.556642e+01	3.944855e+00	-7.345871e+01	2.187880e+01	55
2.750000e+04	1.572354e+01	2.000002e+01	1.490430e-01	4.051467e+00	1.565111e+01	4.008123e+00	-7.345871e+01	2.186571e+01	56
2.800000e+04	1.562290e+01	2.000002e+01	1.515428e-01	4.116888e+00	1.573515e+01	4.071531e+00	-7.345871e+01	2.185292e+01	57
2.850000e+04	1.552731e+01	2.000002e+01	1.540510e-01	4.182429e+00	1.581855e+01	4.135078e+00	-7.345871e+01	2.184043e+01	58
2.900000e+04	1.543675e+01	2.000002e+01	1.565674e-01	4.248087e+00	1.590132e+01	4.198757e+00	-7.345871e+01	2.182822e+01	59
2.950000e+04	1.534109e+01	2.000002e+01	1.590918e-01	4.313858e+00	1.598347e+01	4.262566e+00	-7.345871e+01	2.181629e+01	60
3.000000e+04	1.525047e+01	2.000002e+01	1.616241e-01	4.379740e+00	1.606500e+01	4.326501e+00	-7.345871e+01	2.180464e+01	61
3.050000e+04	1.515981e+01	2.000002e+01	1.641639e-01	4.445729e+00	1.614593e+01	4.390557e+00	-7.345871e+01	2.179324e+01	62
3.100000e+04	1.506913e+01	2.000002e+01	1.667113e-01	4.511822e+00	1.622627e+01	4.454731e+00	-7.345871e+01	2.178210e+01	63
3.150000e+04	1.498350e+01	2.000002e+01	1.692659e-01	4.578016e+00	1.630601e+01	4.519020e+00	-7.345871e+01	2.177121e+01	64
3.200000e+04	1.489784e+01	2.000002e+01	1.718276e-01	4.644308e+00	1.638518e+01	4.583420e+00	-7.345871e+01	2.176056e+01	65
3.250000e+04	1.481215e+01	2.000002e+01	1.743962e-01	4.710695e+00	1.646377e+01	4.647928e+00	-7.345871e+01	2.175015e+01	66
3.300000e+04	1.472644e+01	2.000002e+01	1.769716e-01	4.777175e+00	1.654180e+01	4.712540e+00	-7.345871e+01	2.173996e+01	67
3.350000e+04	1.464579e+01	2.000002e+01	1.795536e-01	4.843745e+00	1.661927e+01	4.777253e+00	-7.345871e+01	2.173000e+01	68
3.400000e+04	1.456511e+01	2.000002e+01	1.821419e-01	4.910402e+00	1.669619e+01	4.842065e+00	-7.345871e+01	2.172026e+01	69
3.450000e+04	1.448442e+01	2.000003e+01	1.847366e-01	4.977144e+00	1.677257e+01	4.906972e+00	-7.345871e+01	2.171072e+01	70
3.500000e+04	1.440370e+01	2.000003e+01	1.873373e-01	5.043967e+00	1.684842e+01	4.971971e+00	-7.345871e+01	2.170139e+01	71
3.550000e+04	1.432805e+01	2.000003e+01	1.899440e-01	5.110870e+00	1.692373e+01	5.037059e+00	-7.345871e+01	2.169227e+01	72
3.600000e+04	1.424730e+01	2.000003e+01	1.925564e-01	5.177850e+00	1.699853e+01	5.102234e+00	-7.345871e+01	2.168333e+01	73
3.650000e+04	1.417162e+01	2.000003e+01	1.951744e-01	5.244905e+00	1.707281e+01	5.167492e+00	-7.345871e+01	2.167459e+01	74
3.700000e+04	1.410099e+01	2.000003e+01	1.977979e-01	5.312032e+00	1.714659e+01	5.232832e+00	-7.345871e+01	2.166603e+01	75
3.750000e+04	1.402528e+01	2.000003e+01	2.004267e-01	5.379230e+00	1.721987e+01	5.298250e+00	-7.345871e+01	2.165766e+01	76
3.800000e+04	1.395464e+01	2.000003e+01	2.030607e-01	5.446495e+00	1.729265e+01	5.363744e+00	-7.345871e+01	2.164945e+01	77
3.850000e+04	1.388398e+01	2.000003e+01	2.056997e-01	5.513826e+00	1.736494e+01	5.429312e+00	-7.345871e+01	2.164142e+01	78
3.900000e+04	1.381331e+01	2.000003e+01	2.083436e-01	5.581221e+00	1.743676e+01	5.494951e+00	-7.345871e+01	2.163355e+01	79
3.950000e+04	1.374771e+01	2.000003e+01	2.109921e-01	5.648678e+00	1.750810e+01	5.560660e+00	-7.345871e+01	2.162585e+01	80
4.000000e+04	1.367703e+01	2.000003e+01	2.136453e-01	5.716195e+00	1.757897e+01	5.626434e+00	-7.345871e+01	2.161830e+01	81
4.050000e+04	1.361141e+01	2.000003e+01	2.163029e-01	5.783769e+00	1.764938e+01	5.692274e+00	-7.345871e+01	2.161091e+01	82
4.100000e+04	1.354578e+01	2.000003e+01	2.189647e-01	5.851399e+00	1.771933e+01	5.758175e+00	-7.345871e+01	2.160367e+01	83
4.150000e+04	1.348015e+01	2.000003e+01	2.216308e-01	5.919083e+00	1.778883e+01	5.824137e+00	-7.345871e+01	2.159657e+01	84
4.200000e+04	1.341959e+01	2.000003e+01	2.243008e-01	5.986820e+00	1.785789e+01	5.890158e+00	-7.345871e+01	2.158962e+01	85
4.250000e+04	1.335902e+01	2.000003e+01	2.269747e-01	6.054607e+00	1.792651e+01	5.956234e+00	-7.345871e+01	2.158280e+01	86
4.300000e+04	1.329338e+01	2.000003e+01	2.296524e-01	6.122442e+00	1.799469e+01	6.022365e+00	-7.345871e+01	2.157612e+01	87
4.350000e+04	1.323787e+01	2.000003e+01	2.323336e-01	6.190325e+00	1.806245e+01	6.088548e+00	-7.345871e+01	2.156958e+01	88
4.400000e+04	1.317730e+01	2.000003e+01	2.350184e-01	6.258253e+00	1.812978e+01	6.154782e+00	-7.345871e+01	2.156316e+01	89
4.450000e+04	1.311672e+01	2.000004e+01	2.377065e-01	6.326226e+00	1.819669e+01	6.221065e+00	-7.345871e+01	2.155686e+01	90
4.500000e+04	1.306120e+01	2.000004e+01	2.403977e-01	6.394240e+00	1.826320e+01	6.287395e+00	-7.345871e+01	2.155069e+01	91
4.550000e+04	1.300569e+01	2.000004e+01	2.430921e-01	6.462295e+00	1.832929e+01	6.353770e+00	-7.345871e+01	2.154464e+01	92
4.600000e+04	1.295017e+01	2.000004e+01	2.457895e-01	6.530390e+00	1.839498e+01	6.420190e+00	-7.345871e+01	2.153871e+01	93
4.650000e+04	1.289465e+01	2.000004e+01	2.484896e-01	6.598522e+00	1.846028e+01	6.486651e+00	-7.345871e+01	2.153288e+01	94
4.700000e+04	1.283914e+01	2.000004e+01	2.511925e-01	6.666691e+00	1.852518e+01	6.553153e+00	-7.345871e+01	2.152717e+01	95
4.750000e+04	1.278868e+01	2.000004e+01	2.538979e-01	6.734895e+00	1.858969e+01	6.619694e+00	-7.345871e+01	2.152157e+01	96
4.800000e+04	1.273317e+01	2.000004e+01	2.566058e-01	6.803133e+00	1.865382e+01	6.686273e+00	-7.345871e+01	2.151607e+01	97
4.850000e+04	1.268272e+01	2.000004e+01	2.593161e-01	6.871403e+00	1.871758e+01	6.752888e+00	-7.345871e+01	2.151068e+01	98
4.900000e+04	1.263227e+01	2.000004e+01	2.620285e-01	6.939705e+00	1.878095e+01	6.819538e+00	-7.345871e+01	2.150539e+01	99
4.950000e+04	1.258687e+01	2.000004e+01	2.647431e-01	7.008036e+00	1.884396e+01	6.886221e+00	-7.345871e+01	2.150019e+01	100
5.000000e+04	1.253643e+01	2.000004e+01	2.674596e-01	7.076396e+00	1.890660e+01	6.952936e+00	-7.345871e+01	2.149510e+01	101
5.050000e+04	1.248598e+01	2.000004e+01	2.701780e-01	7.144783e+00	1.896888e+01	7.019682e+00	-7.345871e+01	2.149009e+01	102
5.100000e+04	1.244059e+01	2.000004e+01	2.728981e-01	7.213197e+00	1.903081e+01	7.086457e+00	-7.345871e+01	2.148518e+01	103
5.150000e+04	1.239520e+01	2.000004e+01	2.756199e-01	7.281636e+00	1.909238e+01	7.153261e+00	-7.345871e+01	2.148036e+01	104
5.200000e+04	1.234982e+01	2.000004e+01	2.783431e-01	7.350099e+00	1.915360e+01	7.220092e+00	-7.345871e+01	2.147562e+01	105
5.250000e+04	1.230444e+01	2.000004e+01	2.810678e-01	7.418585e+00	1.921448e+01	7.286948e+00	-7.345871e+01	2.147097e+01	106
5.300000e+04	1.225906e+01	2.000004e+01	2.837938e-01	7.487094e+00	1.927502e+01	7.353830e+00	-7.345871e+01	2.146640e+01	107
5.350000e+04	1.221873e+01	2.000004e+01	2.865209e-01	7.555623e+00	1.933522e+01	7.420734e+00	-7.345871e+01	2.146192e+01	108
5.400000e+04	1.217336e+01	2.000004e+01	2.892492e-01	7.624172e+00	1.939509e+01	7.487661e+00	-7.345871e+01	2.145751e+01	109
5.450000e+04	1.213304e+01	2.000004e+01	2.919784e-01	7.692740e+00	1.945463e+01	7.554610e+00	-7.345871e+01	2.145318e+01	110
5.500000e+04	1.208767e+01	2.000004e+01	2.947084e-01	7.761326e+00	1.951384e+01	7.621579e+00	-7.345871e+01	2.144893e+01	111
5.550000e+04	1.204736e+01	2.000004e+01	2.974392e-01	7.829929e+00	1.957273e+01	7.688567e+00	-7.345871e+01	2.144475e+01	112
5.600000e+04	1.200704e+01	2.000004e+01	3.001707e-01	7.898548e+00	1.963131e+01	7.755574e+00	-7.345871e+01	2.144065e+01	113
5.650000e+04	1.197178e+01	2.000004e+01	3.029027e-01	7.967183e+00	1.968957e+01	7.822598e+00	-7.345871e+01	2.143662e+01	114
5.700000e+04	1.193147e+01	2.000005e+01	3.056352e-01	8.035831e+00	1.974751e+01	7.889638e+00	-7.345871e+01	2.143265e+01	115
5.750000e+04	1.189117e+01	2.000005e+01	3.083680e-01	8.104494e+00	1.980515e+01	7.956694e+00	-7.345871e+01	2.142876e+01	116
5.800000e+04	1.185591e+01	2.000005e+01	3.111010e-01	8.173169e+00	1.986249e+01	8.023765e+00	-7.345871e+01	2.142493e+01	117
5.850000e+04	1.181561e+01	2.000005e+01	3.138342e-01	8.241856e+00	1.991952e+01	8.090849e+00	-7.345871e+01	2.142117e+01	118
5.900000e+04	1.178036e+01	2.000005e+01	3.165675e-01	8.310554e+00	1.997626e+01	8.157946e+00	-7.345871e+01	2.141747e+01	119
5.950000e+04	1.174511e+01	2.000005e+01	3.193007e-01	8.379263e+00	2.003270e+01	8.225056e+00	-7.345871e+01	2.141383e+01	120
6.000000e+04	1.170986e+01	2.000005e+01	3.220338e-01	8.447981e+00	2.008885e+01	8.292176e+00	-7.345871e+01	2.141025e+01	121
6.050000e+04	1.167461e+01	2.000005e+01	3.247666e-01	8.516708e+00	2.014471e+01	8.359307e+00	-7.345871e+01	2.140673e+01	122
6.100000e+04	1.163937e+01	2.000005e+01	3.274991e-01	8.585443e+00	2.020029e+01	8.426447e+00	-7.345871e+01	2.140328e+01	123
6.150000e+04	1.160917e+01	2.000005e+01	3.302312e-01	8.654186e+00	2.025559e+01	8.493596e+00	-7.345871e+01	2.139988e+01	124
6.200000e+04	1.157393e+01	2.000005e+01	3.329627e-01	8.722935e+00	2.031060e+01	8.560754e+00	-7.345871e+01	2.139653e+01	125
6.250000e+04	1.153870e+01	2.000005e+01	3.356937e-01	8.791690e+00	2.036534e+01	8.627919e+00	-7.345871e+01	2.139324e+01	126
6.300000e+04	1.150851e+01	2.000005e+01	3.384240e-01	8.860451e+00	2.041981e+01	8.695090e+00	-7.345871e+01	2.139000e+01	127
6.350000e+04	1.147831e+01	2.000005e+01	3.411535e-01	8.929216e+00	2.047400e+01	8.762268e+00	-7.345871e+01	2.138682e+01	128
6.400000e+04	1.144309e+01	2.000005e+01	3.438822e-01	8.997986e+00	2.052793e+01	8.829451e+00	-7.345871e+01	2.138369e+01	129
6.450000e+04	1.141290e+01	2.000005e+01	3.466099e-01	9.066759e+00	2.058160e+01	8.896638e+00	-7.345871e+01	2.138060e+01	130
6.500000e+04	1.138272e+01	2.000005e+01	3.493365e-01	9.135535e+00	2.063500e+01	8.963830e+00	-7.345871e+01	2.137757e+01	131
6.550000e+04	1.135254e+01	2.000005e+01	3.520621e-01	9.204314e+00	2.068814e+01	9.031025e+00	-7.345871e+01	2.137459e+01	132
6.600000e+04	1.132236e+01	2.000005e+01	3.547865e-01	9.273094e+00	2.074102e+01	9.098223e+00	-7.345871e+01	2.137165e+01	133
6.650000e+04	1.129721e+01	2.000005e+01	3.575095e-01	9.341875e+00	2.079365e+01	9.165423e+00	-7.345871e+01	2.136876e+01	134
6.700000e+04	1.126703e+01	2.000005e+01	3.602313e-01	9.410657e+00	2.084603e+01	9.232625e+00	-7.345871e+01	2.136591e+01	135
6.750000e+04	1.123686e+01	2.000005e+01	3.629516e-01	9.479440e+00	2.089816e+01	9.299827e+00	-7.345871e+01	2.136311e+01	136
6.800000e+04	1.121172e+01	2.000005e+01	3.656704e-01	9.548221e+00	2.095004e+01	9.367031e+00	-7.345871e+01	2.136036e+01	137
6.850000e+04	1.118155e+01	2.000005e+01	3.683876e-01	9.617002e+00	2.100168e+01	9.434234e+00	-7.345871e+01	2.135764e+01	138
6.900000e+04	1.115641e+01	2.000005e+01	3.711031e-01	9.685782e+00	2.105308e+01	9.501436e+00	-7.345871e+01	2.135497e+01	139
6.950000e+04	1.113128e+01	2.000005e+01	3.738169e-01	9.754559e+00	2.110423e+01	9.568638e+00	-7.345871e+01	2.135234e+01	140
7.000000e+04	1.110112e+01	2.000005e+01	3.765289e-01	9.823335e+00	2.115515e+01	9.635838e+00	-7.345871e+01	2.134975e+01	141
7.050000e+04	1.107598e+01	2.000005e+01	3.792390e-01	9.892107e+00	2.120584e+01	9.703035e+00	-7.345871e+01	2.134720e+01	142
7.100000e+04	1.105085e+01	2.000005e+01	3.819472e-01	9.960876e+00	2.125629e+01	9.770230e+00	-7.345871e+01	2.134468e+01	143
7.150000e+04	1.102573e+01	2.000005e+01	3.846533e-01	1.002964e+01	2.130651e+01	9.837422e+00	-7.345871e+01	2.134221e+01	144
7.200000e+04	1.100060e+01	2.000005e+01	3.873573e-01	1.009840e+01	2.135650e+01	9.904611e+00	-7.345871e+01	2.133977e+01	145
7.250000e+04	1.097548e+01	2.000005e+01	3.900592e-01	1.016716e+01	2.140627e+01	9.971796e+00	-7.345871e+01	2.133737e+01	146
7.300000e+04	1.095035e+01	2.000005e+01	3.927589e-01	1.023591e+01	2.145582e+01	1.003898e+01	-7.345871e+01	2.133501e+01	147
7.350000e+04	1.092523e+01	2.000006e+01	3.954562e-01	1.030466e+01	2.150514e+01	1.010615e+01	-7.345871e+01	2.133268e+01	148
7.400000e+04	1.090514e+01	2.000006e+01	3.981512e-01	1.037340e+01	2.155424e+01	1.017332e+01	-7.345871e+01	2.133038e+01	149
7.450000e+04	1.088002e+01	2.000006e+01	4.008438e-01	1.044213e+01	2.160313e+01	1.024049e+01	-7.345871e+01	2.132812e+01	150
7.500000e+04	1.085490e+01	2.000006e+01	4.035339e-01	1.051086e+01	2.165180e+01	1.030764e+01	-7.345871e+01	2.132589e+01	151
7.550000e+04	1.083481e+01	2.000006e+01	4.062214e-01	1.057958e+01	2.170025e+01	1.037480e+01	-7.345871e+01	2.132370e+01	152
7.600000e+04	1.080970e+01	2.000006e+01	4.089063e-01	1.064830e+01	2.174850e+01	1.044194e+01	-7.345871e+01	2.132153e+01	153
7.650000e+04	1.078961e+01	2.000006e+01	4.115886e-01	1.071700e+01	2.179654e+01	1.050908e+01	-7.345871e+01	2.131940e+01	154
7.700000e+04	1.076952e+01	2.000006e+01	4.142681e-01	1.078570e+01	2.184436e+01	1.057621e+01	-7.345871e+01	2.131730e+01	155
7.750000e+04	1.074442e+01	2.000006e+01	4.169448e-01	1.085439e+01	2.189199e+01	1.064333e+01	-7.345871e+01	2.131523e+01	156
7.800000e+04	1.072433e+01	2.000006e+01	4.196187e-01	1.092307e+01	2.193941e+01	1.071044e+01	-7.345871e+01	2.131319e+01	157
7.850000e+04	1.070425e+01	2.000006e+01	4.222897e-01	1.099174e+01	2.198662e+01	1.077755e+01	-7.345871e+01	2.131117e+01	158
7.900000e+04	1.068416e+01	2.000006e+01	4.249577e-01	1.106040e+01	2.203364e+01	1.084464e+01	-7.345871e+01	2.130919e+01	159
7.950000e+04	1.066408e+01	2.000006e+01	4.276227e-01	1.112906e+01	2.208046e+01	1.091173e+01	-7.345871e+01	2.130723e+01	160
8.000000e+04	1.063898e+01	2.000006e+01	4.302846e-01	1.119770e+01	2.212708e+01	1.097881e+01	-7.345871e+01	2.130530e+01	161
8.050000e+04	1.061890e+01	2.000006e+01	4.329434e-01	1.126633e+01	2.217351e+01	1.104587e+01	-7.345871e+01	2.130340e+01	162
8.100000e+04	1.059883e+01	2.000006e+01	4.355991e-01	1.133496e+01	2.221974e+01	1.111293e+01	-7.345871e+01	2.130153e+01	163
8.150000e+04	1.058377e+01	2.000006e+01	4.382515e-01	1.140357e+01	2.226579e+01	1.117998e+01	-7.345871e+01	2.129968e+01	164
8.200000e+04	1.056369e+01	2.000006e+01	4.409006e-01	1.147217e+01	2.231164e+01	1.124701e+01	-7.345871e+01	2.129785e+01	165
8.250000e+04	1.054362e+01	2.000006e+01	4.435464e-01	1.154076e+01	2.235731e+01	1.131404e+01	-7.345871e+01	2.129605e+01	166
8.300000e+04	1.052354e+01	2.000006e+01	4.461889e-01	1.160933e+01	2.240279e+01	1.138105e+01	-7.345871e+01	2.129428e+01	167
8.350000e+04	1.050347e+01	2.000006e+01	4.488279e-01	1.167790e+01	2.244808e+01	1.144805e+01	-7.345871e+01	2.129253e+01	168
8.400000e+04	1.048842e+01	2.000006e+01	4.514634e-01	1.174645e+01	2.249320e+01	1.151504e+01	-7.345871e+01	2.129080e+01	169
8.450000e+04	1.046834e+01	2.000006e+01	4.540955e-01	1.181500e+01	2.253813e+01	1.158202e+01	-7.345871e+01	2.128910e+01	170
8.500000e+04	1.044828e+01	2.000006e+01	4.567239e-01	1.188352e+01	2.258288e+01	1.164898e+01	-7.345871e+01	2.128742e+01	171
8.550000e+04	1.043322e+01	2.000006e+01	4.593488e-01	1.195204e+01	2.262745e+01	1.171593e+01	-7.345871e+01	2.128577e+01	172
8.600000e+04	1.041316e+01	2.000006e+01	4.619700e-01	1.202054e+01	2.267185e+01	1.178287e+01	-7.345871e+01	2.128413e+01	173
8.650000e+04	1.039810e+01	2.000006e+01	4.645875e-01	1.208903e+01	2.271607e+01	1.184980e+01	-7.345871e+01	2.128252e+01	174
8.700000e+04	1.037804e+01	2.000006e+01	4.672013e-01	1.215751e+01	2.276011e+01	1.191671e+01	-7.345871e+01	2.128093e+01	175
8.750000e+04	1.036299e+01	2.000006e+01	4.698114e-01	1.222597e+01	2.280399e+01	1.198361e+01	-7.345871e+01	2.127936e+01	176
8.800000e+04	1.034293e+01	2.000006e+01	4.724176e-01	1.229442e+01	2.284769e+01	1.205049e+01	-7.345871e+01	2.127781e+01	177
8.850000e+04	1.032788e+01	2.000006e+01	4.750199e-01	1.236285e+01	2.289122e+01	1.211737e+01	-7.345871e+01	2.127628e+01	178
8.900000e+04	1.031283e+01	2.000006e+01	4.776183e-01	1.243127e+01	2.293459e+01	1.218422e+01	-7.345871e+01	2.127477e+01	179
8.950000e+04	1.029778e+01	2.000006e+01	4.802129e-01	1.249968e+01	2.297779e+01	1.225106e+01	-7.345871e+01	2.127328e+01	180
9.000000e+04	1.027772e+01	2.000006e+01	4.828034e-01	1.256807e+01	2.302082e+01	1.231789e+01	-7.345871e+01	2.127181e+01	181
9.050000e+04	1.026268e+01	2.000006e+01	4.853899e-01	1.263645e+01	2.306369e+01	1.238470e+01	-7.345871e+01	2.127035e+01	182
9.100000e+04	1.024763e+01	2.000006e+01	4.879724e-01	1.270481e+01	2.310640e+01	1.245150e+01	-7.345871e+01	2.126892e+01	183
9.150000e+04	1.023259e+01	2.000006e+01	4.905508e-01	1.277315e+01	2.314894e+01	1.251828e+01	-7.345871e+01	2.126751e+01	184
9.200000e+04	1.021755e+01	2.000006e+01	4.931251e-01	1.284148e+01	2.319133e+01	1.258505e+01	-7.345871e+01	2.126611e+01	185
9.250000e+04	1.020250e+01	2.000006e+01	4.956953e-01	1.290980e+01	2.323356e+01	1.265180e+01	-7.345871e+01	2.126473e+01	186
9.300000e+04	1.018245e+01	2.000006e+01	4.982612e-01	1.297809e+01	2.327563e+01	1.271853e+01	-7.345871e+01	2.126337e+01	187
9.350000e+04	1.016741e+01	2.000006e+01	5.008230e-01	1.304638e+01	2.331754e+01	1.278525e+01	-7.345871e+01	2.126202e+01	188
9.400000e+04	1.015237e+01	2.000006e+01	5.033805e-01	1.311464e+01	2.335930e+01	1.285196e+01	-7.345871e+01	2.126070e+01	189
9.450000e+04	1.013733e+01	2.000006e+01	5.059337e-01	1.318289e+01	2.340090e+01	1.291864e+01	-7.345871e+01	2.125939e+01	190
9.500000e+04	1.012730e+01	2.000006e+01	5.084826e-01	1.325113e+01	2.344236e+01	1.298531e+01	-7.345871e+01	2.125809e+01	191
9.550000e+04	1.011226e+01	2.000006e+01	5.110271e-01	1.331934e+01	2.348366e+01	1.305197e+01	-7.345871e+01	2.125681e+01	192
9.600000e+04	1.009722e+01	2.000006e+01	5.135673e-01	1.338754e+01	2.352481e+01	1.311860e+01	-7.345871e+01	2.125555e+01	193
9.650000e+04	1.008218e+01	2.000006e+01	5.161031e-01	1.345573e+01	2.356581e+01	1.318522e+01	-7.345871e+01	2.125430e+01	194
9.700000e+04	1.006714e+01	2.000006e+01	5.186345e-01	1.352389e+01	2.360667e+01	1.325182e+01	-7.345871e+01	2.125307e+01	195
9.750000e+04	1.005211e+01	2.000006e+01	5.211614e-01	1.359204e+01	2.364738e+01	1.331841e+01	-7.345871e+01	2.125185e+01	196
9.800000e+04	1.003707e+01	2.000006e+01	5.236839e-01	1.366018e+01	2.368794e+01	1.338498e+01	-7.345871e+01	2.125065e+01	197
9.850000e+04	1.002705e+01	2.000007e+01	5.262018e-01	1.372829e+01	2.372836e+01	1.345153e+01	-7.345871e+01	2.124946e+01	198
9.900000e+04	1.001201e+01	2.000007e+01	5.287152e-01	1.379639e+01	2.376863e+01	1.351806e+01	-7.345871e+01	2.124829e+01	199
9.950000e+04	9.996975e+00	2.000007e+01	5.312240e-01	1.386447e+01	2.380877e+01	1.358457e+01	-7.345871e+01	2.124713e+01	200
1.000000e+05	9.986950e+00	2.000007e+01	5.337282e-01	1.393253e+01	2.384876e+01	1.365107e+01	-7.345871e+01	2.124598e+01	201
1.005000e+05	9.971916e+00	2.000007e+01	5.362279e-01	1.400057e+01	2.388861e+01	1.371755e+01	-7.345871e+01	2.124485e+01	202
1.010000e+05	9.956882e+00	2.000007e+01	5.387229e-01	1.406860e+01	2.392832e+01	1.378401e+01	-7.345871e+01	2.124373e+01	203
1.015000e+05	9.946859e+00	2.000007e+01	5.412132e-01	1.413660e+01	2.396790e+01	1.385045e+01	-7.345871e+01	2.124263e+01	204
1.020000e+05	9.931826e+00	2.000007e+01	5.436989e-01	1.420459e+01	2.400734e+01	1.391688e+01	-7.345871e+01	2.124154e+01	205
1.025000e+05	9.921803e+00	2.000007e+01	5.461799e-01	1.427257e+01	2.404664e+01	1.398328e+01	-7.345871e+01	2.124046e+01	206
1.030000e+05	9.906771e+00	2.000007e+01	5.486562e-01	1.434052e+01	2.408581e+01	1.404967e+01	-7.345871e+01	2.123939e+01	207
1.035000e+05	9.891740e+00	2.000007e+01	5.511277e-01	1.440845e+01	2.412484e+01	1.411604e+01	-7.345871e+01	2.123833e+01	208
1.040000e+05	9.881718e+00	2.000007e+01	5.535944e-01	1.447637e+01	2.416375e+01	1.418239e+01	-7.345871e+01	2.123729e+01	209
1.045000e+05	9.871697e+00	2.000007e+01	5.560564e-01	1.454426e+01	2.420252e+01	1.424872e+01	-7.345871e+01	2.123626e+01	210
1.050000e+05	9.856666e+00	2.000007e+01	5.585136e-01	1.461214e+01	2.424116e+01	1.431503e+01	-7.345871e+01	2.123524e+01	211
1.055000e+05	9.846645e+00	2.000007e+01	5.609659e-01	1.468000e+01	2.427966e+01	1.438133e+01	-7.345871e+01	2.123424e+01	212
1.060000e+05	9.831616e+00	2.000007e+01	5.634135e-01	1.474784e+01	2.431805e+01	1.444760e+01	-7.345871e+01	2.123324e+01	213
1.065000e+05	9.821595e+00	2.000007e+01	5.658561e-01	1.481566e+01	2.435630e+01	1.451385e+01	-7.345871e+01	2.123226e+01	214
1.070000e+05	9.806567e+00	2.000007e+01	5.682939e-01	1.488346e+01	2.439442e+01	1.458009e+01	-7.345871e+01	2.123128e+01	215
1.075000e+05	9.796547e+00	2.000007e+01	5.707268e-01	1.495124e+01	2.443242e+01	1.464630e+01	-7.345871e+01	2.123032e+01	216
1.080000e+05	9.786527e+00	2.000007e+01	5.731548e-01	1.501901e+01	2.447030e+01	1.471250e+01	-7.345871e+01	2.122937e+01	217
1.085000e+05	9.771500e+00	2.000007e+01	5.755779e-01	1.508675e+01	2.450805e+01	1.477868e+01	-7.345871e+01	2.122843e+01	218
1.090000e+05	9.761480e+00	2.000007e+01	5.779960e-01	1.515447e+01	2.454567e+01	1.484483e+01	-7.345871e+01	2.122750e+01	219
1.095000e+05	9.751462e+00	2.000007e+01	5.804092e-01	1.522218e+01	2.458318e+01	1.491097e+01	-7.345871e+01	2.122658e+01	220
1.100000e+05	9.741443e+00	2.000007e+01	5.828175e-01	1.528986e+01	2.462056e+01	1.497709e+01	-7.345871e+01	2.122567e+01	221
1.105000e+05	9.726417e+00	2.000007e+01	5.852207e-01	1.535753e+01	2.465782e+01	1.504318e+01	-7.345871e+01	2.122477e+01	222
1.110000e+05	9.716399e+00	2.000007e+01	5.876190e-01	1.542517e+01	2.469496e+01	1.510926e+01	-7.345871e+01	2.122388e+01	223
1.115000e+05	9.706381e+00	2.000007e+01	5.900122e-01	1.549280e+01	2.473198e+01	1.517532e+01	-7.345871e+01	2.122299e+01	224
1.120000e+05	9.696363e+00	2.000007e+01	5.924005e-01	1.556040e+01	2.476889e+01	1.524136e+01	-7.345871e+01	2.122212e+01	225
1.125000e+05	9.681338e+00	2.000007e+01	5.947837e-01	1.562799e+01	2.480567e+01	1.530737e+01	-7.345871e+01	2.122126e+01	226
1.130000e+05	9.671321e+00	2.000007e+01	5.971618e-01	1.569555e+01	2.484234e+01	1.537337e+01	-7.345871e+01	2.122041e+01	227
1.135000e+05	9.661304e+00	2.000007e+01	5.995349e-01	1.576310e+01	2.487890e+01	1.543935e+01	-7.345871e+01	2.121957e+01	228
1.140000e+05	9.651287e+00	2.000007e+01	6.019030e-01	1.583062e+01	2.491534e+01	1.550530e+01	-7.345871e+01	2.121873e+01	229
1.145000e+05	9.641270e+00	2.000007e+01	6.042659e-01	1.589812e+01	2.495166e+01	1.557124e+01	-7.345871e+01	2.121791e+01	230
1.150000e+05	9.631254e+00	2.000007e+01	6.066238e-01	1.596561e+01	2.498787e+01	1.563715e+01	-7.345871e+01	2.121709e+01	231
1.155000e+05	9.621238e+00	2.000007e+01	6.089766e-01	1.603307e+01	2.502397e+01	1.570305e+01	-7.345871e+01	2.121628e+01	232
1.160000e+05	9.611222e+00	2.000007e+01	6.113243e-01	1.610051e+01	2.505996e+01	1.576892e+01	-7.345871e+01	2.121548e+01	233
1.165000e+05	9.596199e+00	2.000007e+01	6.136668e-01	1.616794e+01	2.509583e+01	1.583477e+01	-7.345871e+01	2.121469e+01	234
1.170000e+05	9.586184e+00	2.000007e+01	6.160043e-01	1.623534e+01	2.513160e+01	1.590060e+01	-7.345871e+01	2.121390e+01	235
1.175000e+05	9.576168e+00	2.000007e+01	6.183366e-01	1.630272e+01	2.516725e+01	1.596641e+01	-7.345871e+01	2.121313e+01	236
1.180000e+05	9.566153e+00	2.000007e+01	6.206637e-01	1.637008e+01	2.520280e+01	1.603221e+01	-7.345871e+01	2.121236e+01	237
1.185000e+05	9.556138e+00	2.000007e+01	6.229858e-01	1.643742e+01	2.523824e+01	1.609798e+01	-7.345871e+01	2.121160e+01	238
1.190000e+05	9.546123e+00	2.000007e+01	6.253026e-01	1.650474e+01	2.527357e+01	1.616372e+01	-7.345871e+01	2.121085e+01	239
1.195000e+05	9.536109e+00	2.000007e+01	6.276143e-01	1.657204e+01	2.530879e+01	1.622945e+01	-7.345871e+01	2.121011e+01	240
1.200000e+05	9.526094e+00	2.000007e+01	6.299209e-01	1.663932e+01	2.534391e+01	1.629516e-02	-7.345871e+01	2.120937e+01	240
