0.000000e+00	0.000000e+00	0.000000e+00	-2.000000e+03	2.500000e-01	1.000000e+01	2.073800e-01	1.000000e+00	0.000000e+00	1
3.330000e+02	0.000000e+00	3.092597e+02	8.186562e-01	2.401795e-01	1.000125e+01	7.387901e-01	-7.345871e+01	0.000000e+00	2
6.660000e+02	7.242870e+01	1.994419e+01	1.942820e-01	3.267878e-01	1.005860e+01	6.833213e-01	-7.345871e+01	2.364977e+01	3
9.990000e+02	1.175980e+02	2.000469e+01	4.923167e-01	3.969474e-01	1.014189e+01	7.381006e-01	-7.345871e+01	2.427407e+01	4
1.332000e+03	1.092282e+02	2.001052e+01	4.323699e-01	4.780911e-01	1.023471e+01	7.919276e-01	-7.345871e+01	2.422741e+01	5
1.665000e+03	8.267863e+01	2.053711e+01	4.116112e-01	5.555908e-01	1.035053e+01	8.525676e-01	-7.345871e+01	2.425136e+01	6
1.998000e+03	4.026374e+01	2.000669e+01	5.320641e-02	6.274643e-01	1.042699e+01	8.874458e-01	-7.345871e+01	2.358338e+01	7
2.331000e+03	3.023332e+01	2.000192e+01	5.153115e-02	6.975077e-01	1.049858e+01	9.389785e-01	-7.345871e+01	2.348016e+01	8
2.664000e+03	2.521402e+01	2.000109e+01	5.195364e-02	7.669817e-01	1.056987e+01	9.909337e-01	-7.345871e+01	2.338295e+01	9
2.997000e+03	2.326806e+01	2.000078e+01	5.155221e-02	8.351625e-01	1.064178e+01	1.042487e+00	-7.345871e+01	2.330988e+01	10
3.330000e+03	2.240591e+01	2.000063e+01	5.076601e-02	9.014895e-01	1.071460e+01	1.093255e+00	-7.345871e+01	2.324723e+01	11
3.663000e+03	2.197641e+01	2.000053e+01	4.972156e-02	9.656244e-01	1.078836e+01	1.142978e+00	-7.345871e+01	2.319090e+01	12
3.996000e+03	2.172767e+01	2.000047e+01	4.851938e-02	1.027409e+00	1.086300e+01	1.191499e+00	-7.345871e+01	2.313912e+01	13
4.329000e+03	2.155906e+01	2.000043e+01	4.806528e-02	1.086816e+00	1.093842e+01	1.238747e+00	-7.345871e+01	2.309104e+01	14
4.662000e+03	2.143040e+01	2.000040e+01	4.921374e-02	1.143911e+00	1.101447e+01	1.284723e+00	-7.345871e+01	2.304615e+01	15
4.995000e+03	2.132165e+01	2.000037e+01	5.039494e-02	1.198819e+00	1.109103e+01	1.329476e+00	-7.345871e+01	2.300411e+01	16
5.328000e+03	2.122280e+01	2.000035e+01	5.159978e-02	1.251702e+00	1.116799e+01	1.373090e+00	-7.345871e+01	2.296461e+01	17
5.661000e+03	2.112888e+01	2.000033e+01	5.282254e-02	1.302744e+00	1.124522e+01	1.415667e+00	-7.345871e+01	2.292743e+01	18
5.994000e+03	2.103486e+01	2.000031e+01	5.405970e-02	1.352134e+00	1.132263e+01	1.457322e+00	-7.345871e+01	2.289232e+01	19
6.327000e+03	2.094078e+01	2.000029e+01	5.530909e-02	1.400060e+00	1.140012e+01	1.498168e+00	-7.345871e+01	2.285908e+01	20
6.660000e+03	2.085168e+01	2.000028e+01	5.656940e-02	1.446703e+00	1.147762e+01	1.538317e+00	-7.345871e+01	2.282752e+01	21
6.993000e+03	2.075749e+01	2.000027e+01	5.783981e-02	1.492231e+00	1.155505e+01	1.577875e+00	-7.345871e+01	2.279747e+01	22
7.326000e+03	2.066326e+01	2.000025e+01	5.911984e-02	1.536799e+00	1.163236e+01	1.616937e+00	-7.345871e+01	2.276878e+01	23
7.659000e+03	2.056899e+01	2.000025e+01	6.040915e-02	1.580547e+00	1.170950e+01	1.655592e+00	-7.345871e+01	2.274129e+01	24
7.992000e+03	2.047468e+01	2.000024e+01	6.170755e-02	1.623600e+00	1.178642e+01	1.693917e+00	-7.345871e+01	2.271489e+01	25
8.325000e+03	2.038034e+01	2.000023e+01	6.301488e-02	1.666071e+00	1.186309e+01	1.731981e+00	-7.345871e+01	2.268948e+01	26
8.658000e+03	2.028597e+01	2.000022e+01	6.433104e-02	1.708057e+00	1.193948e+01	1.769843e+00	-7.345871e+01	2.266494e+01	27
8.991000e+03	2.019157e+01	2.000022e+01	6.565593e-02	1.749642e+00	1.201555e+01	1.807556e+00	-7.345871e+01	2.264120e+01	28
9.324000e+03	2.009714e+01	2.000021e+01	6.698947e-02	1.790902e+00	1.209130e+01	1.845165e+00	-7.345871e+01	2.261819e+01	29
9.657000e+03	2.000268e+01	2.000021e+01	6.833159e-02	1.831900e+00	1.216669e+01	1.882707e+00	-7.345871e+01	2.259585e+01	30
9.990000e+03	1.991325e+01	2.000021e+01	6.968219e-02	1.872691e+00	1.224172e+01	1.920215e+00	-7.345871e+01	2.257411e+01	31
1.032300e+04	1.981873e+01	2.000020e+01	7.104119e-02	1.913324e+00	1.231638e+01	1.957717e+00	-7.345871e+01	2.255293e+01	32
1.065600e+04	1.972419e+01	2.000020e+01	7.240851e-02	1.953837e+00	1.239065e+01	1.995236e+00	-7.345871e+01	2.253228e+01	33
1.098900e+04	1.962963e+01	2.000020e+01	7.378406e-02	1.994267e+00	1.246453e+01	2.032791e+00	-7.345871e+01	2.251210e+01	34
1.132200e+04	1.954009e+01	2.000019e+01	7.516772e-02	2.034640e+00	1.253801e+01	2.070399e+00	-7.345871e+01	2.249239e+01	35
1.165500e+04	1.944547e+01	2.000019e+01	7.655941e-02	2.074984e+00	1.261109e+01	2.108072e+00	-7.345871e+01	2.247309e+01	36
1.198800e+04	1.935588e+01	2.000019e+01	7.795903e-02	2.115317e+00	1.268377e+01	2.145822e+00	-7.345871e+01	2.245421e+01	37
1.232100e+04	1.926626e+01	2.000019e+01	7.936645e-02	2.155659e+00	1.275604e+01	2.183657e+00	-7.345871e+01	2.243570e+01	38
1.265400e+04	1.917156e+01	2.000019e+01	8.078159e-02	2.196023e+00	1.282790e+01	2.221585e+00	-7.345871e+01	2.241757e+01	39
1.298700e+04	1.908190e+01	2.000019e+01	8.220431e-02	2.236422e+00	1.289936e+01	2.259611e+00	-7.345871e+01	2.239978e+01	40
1.332000e+04	1.899220e+01	2.000018e+01	8.363453e-02	2.276866e+00	1.297040e+01	2.297740e+00	-7.345871e+01	2.238233e+01	41
1.365300e+04	1.890248e+01	2.000018e+01	8.507211e-02	2.317363e+00	1.304104e+01	2.335976e+00	-7.345871e+01	2.236520e+01	42
1.398600e+04	1.881779e+01	2.000018e+01	8.651696e-02	2.357921e+00	1.311127e+01	2.374320e+00	-7.345871e+01	2.234839e+01	43
1.431900e+04	1.872802e+01	2.000018e+01	8.796895e-02	2.398545e+00	1.318110e+01	2.412775e+00	-7.345871e+01	2.233188e+01	44
1.465200e+04	1.863822e+01	2.000018e+01	8.942798e-02	2.439239e+00	1.325052e+01	2.451342e+00	-7.345871e+01	2.231566e+01	45
1.498500e+04	1.855345e+01	2.000018e+01	9.089394e-02	2.480008e+00	1.331954e+01	2.490021e+00	-7.345871e+01	2.229973e+01	46
1.531800e+04	1.846866e+01	2.000018e+01	9.236671e-02	2.520854e+00	1.338817e+01	2.528813e+00	-7.345871e+01	2.228408e+01	47
1.565100e+04	1.838384e+01	2.000018e+01	9.384618e-02	2.561779e+00	1.345640e+01	2.567717e+00	-7.345871e+01	2.226869e+01	48
1.598400e+04	1.829900e+01	2.000018e+01	9.533226e-02	2.602785e+00	1.352423e+01	2.606734e+00	-7.345871e+01	2.225357e+01	49
1.631700e+04	1.821412e+01	2.000018e+01	9.682482e-02	2.643874e+00	1.359168e+01	2.645861e+00	-7.345871e+01	2.223871e+01	50
1.665000e+04	1.812922e+01	2.000018e+01	9.832377e-02	2.685046e+00	1.365874e+01	2.685099e+00	-7.345871e+01	2.222410e+01	51
1.698300e+04	1.804430e+01	2.000018e+01	9.982900e-02	2.726301e+00	1.372541e+01	2.724447e+00	-7.345871e+01	2.220974e+01	52
1.731600e+04	1.795934e+01	2.000018e+01	1.013404e-01	2.767640e+00	1.379170e+01	2.763903e+00	-7.345871e+01	2.219562e+01	53
1.764900e+04	1.787943e+01	2.000018e+01	1.028579e-01	2.809063e+00	1.385761e+01	2.803465e+00	-7.345871e+01	2.218174e+01	54
1.798200e+04	1.779949e+01	2.000018e+01	1.043814e-01	2.850570e+00	1.392315e+01	2.843133e+00	-7.345871e+01	2.216809e+01	55
1.831500e+04	1.771445e+01	2.000018e+01	1.059107e-01	2.892159e+00	1.398831e+01	2.882905e+00	-7.345871e+01	2.215466e+01	56
1.864800e+04	1.763445e+01	2.000018e+01	1.074459e-01	2.933831e+00	1.405310e+01	2.922779e+00	-7.345871e+01	2.214146e+01	57
1.898100e+04	1.755443e+01	2.000018e+01	1.089867e-01	2.975585e+00	1.411753e+01	2.962754e+00	-7.345871e+01	2.212847e+01	58
1.931400e+04	1.747438e+01	2.000018e+01	1.105331e-01	3.017420e+00	1.418159e+01	3.002829e+00	-7.345871e+01	2.211570e+01	59
1.964700e+04	1.739938e+01	2.000018e+01	1.120850e-01	3.059335e+00	1.424530e+01	3.043001e+00	-7.345871e+01	2.210314e+01	60
1.998000e+04	1.731928e+01	2.000018e+01	1.136424e-01	3.101329e+00	1.430865e+01	3.083269e+00	-7.345871e+01	2.209079e+01	61
2.031300e+04	1.724422e+01	2.000018e+01	1.152051e-01	3.143402e+00	1.437164e+01	3.123631e+00	-7.345871e+01	2.207863e+01	62
2.064600e+04	1.716407e+01	2.000018e+01	1.167730e-01	3.185552e+00	1.443428e+01	3.164086e+00	-7.345871e+01	2.206668e+01	63
2.097900e+04	1.708896e+01	2.000018e+01	1.183461e-01	3.227778e+00	1.449658e+01	3.204633e+00	-7.345871e+01	2.205492e+01	64
2.131200e+04	1.701383e+01	2.000017e+01	1.199243e-01	3.270080e+00	1.455853e+01	3.245268e+00	-7.345871e+01	2.204335e+01	65
2.164500e+04	1.693867e+01	2.000017e+01	1.215075e-01	3.312456e+00	1.462014e+01	3.285992e+00	-7.345871e+01	2.203196e+01	66
2.197800e+04	1.686349e+01	2.000017e+01	1.230956e-01	3.354904e+00	1.468142e+01	3.326802e+00	-7.345871e+01	2.202076e+01	67
2.231100e+04	1.678828e+01	2.000017e+01	1.246885e-01	3.397425e+00	1.474236e+01	3.367696e+00	-7.345871e+01	2.200974e+01	68
2.264400e+04	1.671305e+01	2.000017e+01	1.262862e-01	3.440016e+00	1.480296e+01	3.408673e+00	-7.345871e+01	2.199890e+01	69
2.297700e+04	1.664287e+01	2.000017e+01	1.278886e-01	3.482677e+00	1.486324e+01	3.449732e+00	-7.345871e+01	2.198823e+01	70
2.331000e+04	1.657266e+01	2.000017e+01	1.294956e-01	3.525406e+00	1.492319e+01	3.490871e+00	-7.345871e+01	2.197773e+01	71
2.364300e+04	1.649736e+01	2.000018e+01	1.311071e-01	3.568203e+00	1.498282e+01	3.532089e+00	-7.345871e+01	2.196740e+01	72
2.397600e+04	1.642711e+01	2.000018e+01	1.327231e-01	3.611066e+00	1.504213e+01	3.573383e+00	-7.345871e+01	2.195723e+01	73
2.430900e+04	1.635684e+01	2.000018e+01	1.343435e-01	3.653994e+00	1.510113e+01	3.614753e+00	-7.345871e+01	2.194723e+01	74
2.464200e+04	1.628655e+01	2.000018e+01	1.359682e-01	3.696986e+00	1.515981e+01	3.656197e+00	-7.345871e+01	2.193738e+01	75
2.497500e+04	1.621623e+01	2.000018e+01	1.375972e-01	3.740041e+00	1.521818e+01	3.697713e+00	-7.345871e+01	2.192768e+01	76
2.530800e+04	1.615097e+01	2.000018e+01	1.392304e-01	3.783157e+00	1.527624e+01	3.739301e+00	-7.345871e+01	2.191814e+01	77
2.564100e+04	1.608062e+01	2.000018e+01	1.408677e-01	3.826334e+00	1.533399e+01	3.780958e+00	-7.345871e+01	2.190875e+01	78
2.597400e+04	1.601532e+01	2.000018e+01	1.425091e-01	3.869571e+00	1.539145e+01	3.822684e+00	-7.345871e+01	2.189951e+01	79
2.630700e+04	1.594492e+01	2.000018e+01	1.441544e-01	3.912866e+00	1.544860e+01	3.864477e+00	-7.345871e+01	2.189040e+01	80
2.664000e+04	1.587958e+01	2.000018e+01	1.458037e-01	3.956219e+00	1.550546e+01	3.906336e+00	-7.345871e+01	2.188144e+01	81
2.697300e+04	1.581422e+01	2.000018e+01	1.474569e-01	3.999628e+00	1.556203e+01	3.948259e+00	-7.345871e+01	2.187262e+01	82
2.730600e+04	1.574885e+01	2.000018e+01	1.491139e-01	4.043092e+00	1.561830e+01	3.990245e+00	-7.345871e+01	2.186394e+01	83
2.763900e+04	1.568346e+01	2.000018e+01	1.507746e-01	4.086610e+00	1.567429e+01	4.032294e+00	-7.345871e+01	2.185538e+01	84
2.797200e+04	1.562313e+01	2.000018e+01	1.524390e-01	4.130182e+00	1.572999e+01	4.074403e+00	-7.345871e+01	2.184696e+01	85
2.830500e+04	1.555770e+01	2.000018e+01	1.541071e-01	4.173807e+00	1.578540e+01	4.116571e+00	-7.345871e+01	2.183867e+01	86
2.863800e+04	1.549733e+01	2.000018e+01	1.557787e-01	4.217482e+00	1.584054e+01	4.158798e+00	-7.345871e+01	2.183050e+01	87
2.897100e+04	1.543187e+01	2.000018e+01	1.574539e-01	4.261208e+00	1.589540e+01	4.201082e+00	-7.345871e+01	2.182246e+01	88
2.930400e+04	1.537148e+01	2.000018e+01	1.591325e-01	4.304983e+00	1.594998e+01	4.243422e+00	-7.345871e+01	2.181454e+01	89
2.963700e+04	1.531107e+01	2.000018e+01	1.608145e-01	4.348807e+00	1.600429e+01	4.285817e+00	-7.345871e+01	2.180674e+01	90
2.997000e+04	1.525064e+01	2.000018e+01	1.624999e-01	4.392679e+00	1.605833e+01	4.328266e+00	-7.345871e+01	2.179906e+01	91
3.030300e+04	1.519020e+01	2.000018e+01	1.641885e-01	4.436596e+00	1.611210e+01	4.370767e+00	-7.345871e+01	2.179149e+01	92
3.063600e+04	1.512975e+01	2.000018e+01	1.658804e-01	4.480560e+00	1.616561e+01	4.413320e+00	-7.345871e+01	2.178403e+01	93
3.096900e+04	1.507437e+01	2.000018e+01	1.675755e-01	4.524569e+00	1.621885e+01	4.455924e+00	-7.345871e+01	2.177669e+01	94
3.130200e+04	1.501389e+01	2.000018e+01	1.692737e-01	4.568621e+00	1.627184e+01	4.498577e+00	-7.345871e+01	2.176946e+01	95
3.163500e+04	1.495848e+01	2.000018e+01	1.709750e-01	4.612717e+00	1.632456e+01	4.541278e+00	-7.345871e+01	2.176233e+01	96
3.196800e+04	1.489797e+01	2.000018e+01	1.726794e-01	4.656854e+00	1.637704e+01	4.584027e+00	-7.345871e+01	2.175530e+01	97
3.230100e+04	1.484254e+01	2.000018e+01	1.743867e-01	4.701034e+00	1.642925e+01	4.626823e+00	-7.345871e+01	2.174838e+01	98
3.263400e+04	1.478709e+01	2.000018e+01	1.760969e-01	4.745253e+00	1.648122e+01	4.669664e+00	-7.345871e+01	2.174157e+01	99
3.296700e+04	1.473164e+01	2.000018e+01	1.778101e-01	4.789513e+00	1.653294e+01	4.712549e+00	-7.345871e+01	2.173485e+01	100
3.330000e+04	1.467617e+01	2.000018e+01	1.795260e-01	4.833811e+00	1.658441e+01	4.755479e+00	-7.345871e+01	2.172823e+01	101
3.363300e+04	1.462070e+01	2.000018e+01	1.812448e-01	4.878148e+00	1.663563e+01	4.798451e+00	-7.345871e+01	2.172170e+01	102
3.396600e+04	1.457029e+01	2.000018e+01	1.829662e-01	4.922522e+00	1.668662e+01	4.841465e+00	-7.345871e+01	2.171527e+01	103
3.429900e+04	1.451480e+01	2.000018e+01	1.846904e-01	4.966933e+00	1.673736e+01	4.884520e+00	-7.345871e+01	2.170893e+01	104
3.463200e+04	1.446438e+01	2.000018e+01	1.864172e-01	5.011380e+00	1.678787e+01	4.927615e+00	-7.345871e+01	2.170269e+01	105
3.496500e+04	1.440887e+01	2.000018e+01	1.881466e-01	5.055862e+00	1.683814e+01	4.970750e+00	-7.345871e+01	2.169653e+01	106
3.529800e+04	1.435843e+01	2.000018e+01	1.898785e-01	5.100378e+00	1.688818e+01	5.013923e+00	-7.345871e+01	2.169046e+01	107
3.563100e+04	1.430798e+01	2.000018e+01	1.916129e-01	5.144928e+00	1.693798e+01	5.057134e+00	-7.345871e+01	2.168447e+01	108
3.596400e+04	1.425753e+01	2.000018e+01	1.933498e-01	5.189511e+00	1.698756e+01	5.100381e+00	-7.345871e+01	2.167857e+01	109
3.629700e+04	1.420707e+01	2.000018e+01	1.950891e-01	5.234127e+00	1.703691e+01	5.143665e+00	-7.345871e+01	2.167276e+01	110
3.663000e+04	1.415660e+01	2.000018e+01	1.968307e-01	5.278774e+00	1.708603e+01	5.186984e+00	-7.345871e+01	2.166702e+01	111
3.696300e+04	1.411121e+01	2.000018e+01	1.985747e-01	5.323452e+00	1.713494e+01	5.230337e+00	-7.345871e+01	2.166137e+01	112
3.729600e+04	1.406073e+01	2.000018e+01	2.003209e-01	5.368161e+00	1.718362e+01	5.273724e+00	-7.345871e+01	2.165579e+01	113
3.762900e+04	1.401025e+01	2.000018e+01	2.020694e-01	5.412899e+00	1.723208e+01	5.317145e+00	-7.345871e+01	2.165030e+01	114
3.796200e+04	1.396484e+01	2.000018e+01	2.038200e-01	5.457666e+00	1.728032e+01	5.360597e+00	-7.345871e+01	2.164488e+01	115
3.829500e+04	1.391942e+01	2.000018e+01	2.055728e-01	5.502462e+00	1.732835e+01	5.404081e+00	-7.345871e+01	2.163953e+01	116
3.862800e+04	1.387400e+01	2.000018e+01	2.073277e-01	5.547286e+00	1.737616e+01	5.447596e+00	-7.345871e+01	2.163426e+01	117
3.896100e+04	1.382350e+01	2.000018e+01	2.090846e-01	5.592137e+00	1.742376e+01	5.491142e+00	-7.345871e+01	2.162906e+01	118
3.929400e+04	1.377807e+01	2.000018e+01	2.108435e-01	5.637014e+00	1.747115e+01	5.534717e+00	-7.345871e+01	2.162393e+01	119
3.962700e+04	1.373264e+01	2.000018e+01	2.126044e-01	5.681918e+00	1.751833e+01	5.578321e+00	-7.345871e+01	2.161887e+01	120
3.996000e+04	1.369227e+01	2.000018e+01	2.143673e-01	5.726846e+00	1.756531e+01	5.621953e+00	-7.345871e+01	2.161388e+01	121
4.029300e+04	1.364684e+01	2.000018e+01	2.161320e-01	5.771800e+00	1.761208e+01	5.665612e+00	-7.345871e+01	2.160895e+01	122
4.062600e+04	1.360140e+01	2.000018e+01	2.178986e-01	5.816779e+00	1.765865e+01	5.709299e+00	-7.345871e+01	2.160409e+01	123
4.095900e+04	1.356102e+01	2.000018e+01	2.196669e-01	5.861781e+00	1.770502e+01	5.753012e+00	-7.345871e+01	2.159930e+01	124
4.129200e+04	1.351558e+01	2.000018e+01	2.214370e-01	5.906806e+00	1.775119e+01	5.796751e+00	-7.345871e+01	2.159457e+01	125
4.162500e+04	1.347520e+01	2.000018e+01	2.232089e-01	5.951854e+00	1.779716e+01	5.840515e+00	-7.345871e+01	2.158991e+01	126
4.195800e+04	1.343482e+01	2.000018e+01	2.249824e-01	5.996924e+00	1.784294e+01	5.884304e+00	-7.345871e+01	2.158531e+01	127
4.229100e+04	1.338937e+01	2.000018e+01	2.267576e-01	6.042016e+00	1.788852e+01	5.928117e+00	-7.345871e+01	2.158076e+01	128
4.262400e+04	1.334898e+01	2.000018e+01	2.285343e-01	6.087129e+00	1.793390e+01	5.971953e+00	-7.345871e+01	2.157628e+01	129
4.295700e+04	1.330860e+01	2.000018e+01	2.303127e-01	6.132263e+00	1.797910e+01	6.015812e+00	-7.345871e+01	2.157186e+01	130
4.329000e+04	1.326821e+01	2.000018e+01	2.320925e-01	6.177417e+00	1.802411e+01	6.059693e+00	-7.345871e+01	2.156749e+01	131
4.362300e+04	1.323289e+01	2.000018e+01	2.338739e-01	6.222590e+00	1.806892e+01	6.103597e+00	-7.345871e+01	2.156319e+01	132
4.395600e+04	1.319250e+01	2.000018e+01	2.356566e-01	6.267783e+00	1.811356e+01	6.147521e+00	-7.345871e+01	2.155893e+01	133
4.428900e+04	1.315212e+01	2.000018e+01	2.374408e-01	6.312995e+00	1.815800e+01	6.191467e+00	-7.345871e+01	2.155474e+01	134
4.462200e+04	1.311173e+01	2.000018e+01	2.392264e-01	6.358225e+00	1.820227e+01	6.235433e+00	-7.345871e+01	2.155059e+01	135
4.495500e+04	1.307640e+01	2.000018e+01	2.410133e-01	6.403473e+00	1.824635e+01	6.279418e+00	-7.345871e+01	2.154650e+01	136
4.528800e+04	1.304108e+01	2.000018e+01	2.428014e-01	6.448738e+00	1.829025e+01	6.323423e+00	-7.345871e+01	2.154247e+01	137
4.562100e+04	1.300069e+01	2.000018e+01	2.445909e-01	6.494021e+00	1.833398e+01	6.367447e+00	-7.345871e+01	2.153848e+01	138
4.595400e+04	1.296536e+01	2.000018e+01	2.463815e-01	6.539320e+00	1.837752e+01	6.411489e+00	-7.345871e+01	2.153455e+01	139
4.628700e+04	1.293004e+01	2.000019e+01	2.481733e-01	6.584635e+00	1.842089e+01	6.455548e+00	-7.345871e+01	2.153066e+01	140
4.662000e+04	1.289471e+01	2.000019e+01	2.499663e-01	6.629966e+00	1.846409e+01	6.499626e+00	-7.345871e+01	2.152683e+01	141
4.695300e+04	1.285938e+01	2.000019e+01	2.517604e-01	6.675312e+00	1.850711e+01	6.543720e+00	-7.345871e+01	2.152304e+01	142
4.728600e+04	1.282406e+01	2.000019e+01	2.535555e-01	6.720673e+00	1.854996e+01	6.587831e+00	-7.345871e+01	2.151930e+01	143
4.761900e+04	1.278873e+01	2.000019e+01	2.553517e-01	6.766048e+00	1.859264e+01	6.631958e+00	-7.345871e+01	2.151561e+01	144
4.795200e+04	1.275341e+01	2.000019e+01	2.571489e-01	6.811438e+00	1.863515e+01	6.676101e+00	-7.345871e+01	2.151196e+01	145
4.828500e+04	1.271808e+01	2.000019e+01	2.589471e-01	6.856842e+00	1.867749e+01	6.720259e+00	-7.345871e+01	2.150836e+01	146
4.861800e+04	1.268276e+01	2.000019e+01	2.607461e-01	6.902259e+00	1.871967e+01	6.764431e+00	-7.345871e+01	2.150480e+01	147
4.895100e+04	1.265249e+01	2.000019e+01	2.625461e-01	6.947688e+00	1.876168e+01	6.808618e+00	-7.345871e+01	2.150129e+01	148
4.928400e+04	1.261717e+01	2.000019e+01	2.643469e-01	6.993131e+00	1.880353e+01	6.852820e+00	-7.345871e+01	2.149782e+01	149
4.961700e+04	1.258691e+01	2.000019e+01	2.661486e-01	7.038586e+00	1.884522e+01	6.897035e+00	-7.345871e+01	2.149439e+01	150
4.995000e+04	1.255159e+01	2.000019e+01	2.679511e-01	7.084053e+00	1.888674e+01	6.941263e+00	-7.345871e+01	2.149101e+01	151
5.028300e+04	1.252133e+01	2.000019e+01	2.697543e-01	7.129531e+00	1.892811e+01	6.985504e+00	-7.345871e+01	2.148767e+01	152
5.061600e+04	1.249107e+01	2.000019e+01	2.715582e-01	7.175021e+00	1.896931e+01	7.029757e+00	-7.345871e+01	2.148436e+01	153
5.094900e+04	1.246080e+01	2.000019e+01	2.733628e-01	7.220521e+00	1.901036e+01	7.074023e+00	-7.345871e+01	2.148110e+01	154
5.128200e+04	1.243054e+01	2.000019e+01	2.751681e-01	7.266032e+00	1.905126e+01	7.118301e+00	-7.345871e+01	2.147787e+01	155
5.161500e+04	1.240028e+01	2.000019e+01	2.769740e-01	7.311554e+00	1.909200e+01	7.162590e+00	-7.345871e+01	2.147469e+01	156
5.194800e+04	1.237002e+01	2.000019e+01	2.787805e-01	7.357085e+00	1.913258e+01	7.206890e+00	-7.345871e+01	2.147154e+01	157
5.228100e+04	1.233977e+01	2.000019e+01	2.805875e-01	7.402626e+00	1.917301e+01	7.251201e+00	-7.345871e+01	2.146843e+01	158
5.261400e+04	1.230951e+01	2.000019e+01	2.823951e-01	7.448176e+00	1.921329e+01	7.295522e+00	-7.345871e+01	2.146536e+01	159
5.294700e+04	1.227926e+01	2.000019e+01	2.842031e-01	7.493735e+00	1.925342e+01	7.339853e+00	-7.345871e+01	2.146232e+01	160
5.328000e+04	1.224900e+01	2.000019e+01	2.860117e-01	7.539303e+00	1.929340e+01	7.384194e+00	-7.345871e+01	2.145932e+01	161
5.361300e+04	1.222380e+01	2.000019e+01	2.878206e-01	7.584880e+00	1.933324e+01	7.428545e+00	-7.345871e+01	2.145636e+01	162
5.394600e+04	1.219355e+01	2.000019e+01	2.896300e-01	7.630464e+00	1.937293e+01	7.472904e+00	-7.345871e+01	2.145343e+01	163
5.427900e+04	1.216330e+01	2.000019e+01	2.914397e-01	7.676057e+00	1.941247e+01	7.517273e+00	-7.345871e+01	2.145053e+01	164
5.461200e+04	1.213810e+01	2.000019e+01	2.932497e-01	7.721657e+00	1.945186e+01	7.561650e+00	-7.345871e+01	2.144767e+01	165
5.494500e+04	1.210786e+01	2.000019e+01	2.950601e-01	7.767264e+00	1.949112e+01	7.606035e+00	-7.345871e+01	2.144484e+01	166
5.527800e+04	1.208266e+01	2.000019e+01	2.968707e-01	7.812878e+00	1.953023e+01	7.650428e+00	-7.345871e+01	2.144205e+01	167
5.561100e+04	1.205746e+01	2.000019e+01	2.986815e-01	7.858499e+00	1.956920e+01	7.694829e+00	-7.345871e+01	2.143928e+01	168
5.594400e+04	1.202722e+01	2.000019e+01	3.004926e-01	7.904127e+00	1.960802e+01	7.739237e+00	-7.345871e+01	2.143655e+01	169
5.627700e+04	1.200203e+01	2.000019e+01	3.023039e-01	7.949760e+00	1.964671e+01	7.783652e+00	-7.345871e+01	2.143385e+01	170
5.661000e+04	1.197683e+01	2.000019e+01	3.041153e-01	7.995400e+00	1.968527e+01	7.828074e+00	-7.345871e+01	2.143118e+01	171
5.694300e+04	1.195164e+01	2.000019e+01	3.059268e-01	8.041045e+00	1.972368e+01	7.872502e+00	-7.345871e+01	2.142854e+01	172
5.727600e+04	1.192645e+01	2.000019e+01	3.077385e-01	8.086696e+00	1.976196e+01	7.916937e+00	-7.345871e+01	2.142593e+01	173
5.760900e+04	1.190126e+01	2.000019e+01	3.095502e-01	8.132352e+00	1.980010e+01	7.961378e+00	-7.345871e+01	2.142335e+01	174
5.794200e+04	1.187607e+01	2.000019e+01	3.113619e-01	8.178013e+00	1.983811e+01	8.005824e+00	-7.345871e+01	2.142080e+01	175
5.827500e+04	1.185089e+01	2.000019e+01	3.131736e-01	8.223679e+00	1.987598e+01	8.050276e+00	-7.345871e+01	2.141828e+01	176
5.860800e+04	1.182570e+01	2.000019e+01	3.149854e-01	8.269349e+00	1.991373e+01	8.094733e+00	-7.345871e+01	2.141579e+01	177
5.894100e+04	1.180052e+01	2.000019e+01	3.167970e-01	8.315024e+00	1.995134e+01	8.139195e+00	-7.345871e+01	2.141332e+01	178
5.927400e+04	1.177534e+01	2.000019e+01	3.186086e-01	8.360702e+00	1.998882e+01	8.183662e+00	-7.345871e+01	2.141088e+01	179
5.960700e+04	1.175519e+01	2.000019e+01	3.204201e-01	8.406385e+00	2.002617e+01	8.228133e+00	-7.345871e+01	2.140847e+01	180
5.994000e+04	1.173002e+01	2.000019e+01	3.222315e-01	8.452071e+00	2.006339e+01	8.272609e+00	-7.345871e+01	2.140609e+01	181
6.027300e+04	1.170484e+01	2.000019e+01	3.240427e-01	8.497760e+00	2.010049e+01	8.317089e+00	-7.345871e+01	2.140373e+01	182
6.060600e+04	1.168470e+01	2.000019e+01	3.258537e-01	8.543453e+00	2.013746e+01	8.361572e+00	-7.345871e+01	2.140139e+01	183
6.093900e+04	1.165952e+01	2.000019e+01	3.276645e-01	8.589148e+00	2.017430e+01	8.406059e+00	-7.345871e+01	2.139909e+01	184
6.127200e+04	1.163939e+01	2.000019e+01	3.294750e-01	8.634847e+00	2.021102e+01	8.450549e+00	-7.345871e+01	2.139681e+01	185
6.160500e+04	1.161422e+01	2.000019e+01	3.312853e-01	8.680548e+00	2.024761e+01	8.495043e+00	-7.345871e+01	2.139455e+01	186
6.193800e+04	1.159408e+01	2.000019e+01	3.330953e-01	8.726251e+00	2.028409e+01	8.539539e+00	-7.345871e+01	2.139232e+01	187
6.227100e+04	1.157395e+01	2.000019e+01	3.349050e-01	8.771956e+00	2.032043e+01	8.584038e+00	-7.345871e+01	2.139011e+01	188
6.260400e+04	1.154878e+01	2.000019e+01	3.367143e-01	8.817664e+00	2.035666e+01	8.628540e+00	-7.345871e+01	2.138792e+01	189
6.293700e+04	1.152865e+01	2.000019e+01	3.385233e-01	8.863373e+00	2.039277e+01	8.673044e+00	-7.345871e+01	2.138576e+01	190
6.327000e+04	1.150852e+01	2.000019e+01	3.403319e-01	8.909084e+00	2.042876e+01	8.717550e+00	-7.345871e+01	2.138363e+01	191
6.360300e+04	1.148839e+01	2.000019e+01	3.421400e-01	8.954797e+00	2.046462e+01	8.762058e+00	-7.345871e+01	2.138151e+01	192
6.393600e+04	1.146826e+01	2.000019e+01	3.439477e-01	9.000510e+00	2.050037e+01	8.806568e+00	-7.345871e+01	2.137942e+01	193
6.426900e+04	1.144310e+01	2.000019e+01	3.457550e-01	9.046225e+00	2.053601e+01	8.851080e+00	-7.345871e+01	2.137735e+01	194
6.460200e+04	1.142298e+01	2.000019e+01	3.475617e-01	9.091940e+00	2.057152e+01	8.895592e+00	-7.345871e+01	2.137530e+01	195
6.493500e+04	1.140285e+01	2.000019e+01	3.493679e-01	9.137656e+00	2.060692e+01	8.940106e+00	-7.345871e+01	2.137327e+01	196
6.526800e+04	1.138273e+01	2.000019e+01	3.511736e-01	9.183373e+00	2.064221e+01	8.984621e+00	-7.345871e+01	2.137127e+01	197
6.560100e+04	1.136261e+01	2.000019e+01	3.529787e-01	9.229090e+00	2.067738e+01	9.029137e+00	-7.345871e+01	2.136928e+01	198
6.593400e+04	1.134752e+01	2.000019e+01	3.547833e-01	9.274808e+00	2.071244e+01	9.073653e+00	-7.345871e+01	2.136732e+01	199
6.626700e+04	1.132740e+01	2.000019e+01	3.565872e-01	9.320525e+00	2.074738e+01	9.118170e+00	-7.345871e+01	2.136538e+01	200
6.660000e+04	1.130728e+01	2.000019e+01	3.583905e-01	9.366243e+00	2.078222e+01	9.162687e+00	-7.345871e+01	2.136346e+01	201
6.693300e+04	1.128716e+01	2.000019e+01	3.601931e-01	9.411960e+00	2.081694e+01	9.207204e+00	-7.345871e+01	2.136155e+01	202
6.726600e+04	1.126704e+01	2.000019e+01	3.619950e-01	9.457676e+00	2.085155e+01	9.251721e+00	-7.345871e+01	2.135967e+01	203
6.759900e+04	1.125196e+01	2.000019e+01	3.637963e-01	9.503392e+00	2.088606e+01	9.296238e+00	-7.345871e+01	2.135781e+01	204
6.793200e+04	1.123184e+01	2.000019e+01	3.655968e-01	9.549108e+00	2.092045e+01	9.340755e+00	-7.345871e+01	2.135596e+01	205
6.826500e+04	1.121173e+01	2.000019e+01	3.673965e-01	9.594822e+00	2.095474e+01	9.385271e+00	-7.345871e+01	2.135413e+01	206
6.859800e+04	1.119664e+01	2.000019e+01	3.691955e-01	9.640536e+00	2.098891e+01	9.429786e+00	-7.345871e+01	2.135233e+01	207
6.893100e+04	1.117653e+01	2.000019e+01	3.709937e-01	9.686248e+00	2.102299e+01	9.474301e+00	-7.345871e+01	2.135054e+01	208
6.926400e+04	1.115642e+01	2.000019e+01	3.727911e-01	9.731959e+00	2.105695e+01	9.518815e+00	-7.345871e+01	2.134877e+01	209
6.959700e+04	1.114134e+01	2.000019e+01	3.745876e-01	9.777668e+00	2.109081e+01	9.563327e+00	-7.345871e+01	2.134701e+01	210
6.993000e+04	1.112123e+01	2.000019e+01	3.763833e-01	9.823376e+00	2.112457e+01	9.607838e+00	-7.345871e+01	2.134528e+01	211
7.026300e+04	1.110615e+01	2.000019e+01	3.781781e-01	9.869083e+00	2.115822e+01	9.652348e+00	-7.345871e+01	2.134356e+01	212
7.059600e+04	1.108604e+01	2.000019e+01	3.799720e-01	9.914787e+00	2.119177e+01	9.696857e+00	-7.345871e+01	2.134186e+01	213
7.092900e+04	1.107097e+01	2.000019e+01	3.817650e-01	9.960489e+00	2.122521e+01	9.741363e+00	-7.345871e+01	2.134018e+01	214
7.126200e+04	1.105589e+01	2.000019e+01	3.835571e-01	1.000619e+01	2.125856e+01	9.785868e+00	-7.345871e+01	2.133851e+01	215
7.159500e+04	1.103578e+01	2.000019e+01	3.853482e-01	1.005189e+01	2.129180e+01	9.830371e+00	-7.345871e+01	2.133686e+01	216
7.192800e+04	1.102071e+01	2.000019e+01	3.871383e-01	1.009758e+01	2.132494e+01	9.874872e+00	-7.345871e+01	2.133523e+01	217
7.226100e+04	1.100563e+01	2.000019e+01	3.889274e-01	1.014328e+01	2.135798e+01	9.919370e+00	-7.345871e+01	2.133361e+01	218
7.259400e+04	1.099056e+01	2.000019e+01	3.907155e-01	1.018897e+01	2.139093e+01	9.963866e+00	-7.345871e+01	2.133201e+01	219
7.292700e+04	1.097046e+01	2.000019e+01	3.925026e-01	1.023466e+01	2.142377e+01	1.000836e+01	-7.345871e+01	2.133042e+01	220
7.326000e+04	1.095538e+01	2.000019e+01	3.942886e-01	1.028034e+01	2.145652e+01	1.005285e+01	-7.345871e+01	2.132885e+01	221
7.359300e+04	1.094031e+01	2.000019e+01	3.960735e-01	1.032602e+01	2.148917e+01	1.009734e+01	-7.345871e+01	2.132729e+01	222
7.392600e+04	1.092524e+01	2.000019e+01	3.978573e-01	1.037170e+01	2.152172e+01	1.014183e+01	-7.345871e+01	2.132575e+01	223
7.425900e+04	1.091017e+01	2.000019e+01	3.996400e-01	1.041738e+01	2.155417e+01	1.018631e+01	-7.345871e+01	2.132423e+01	224
7.459200e+04	1.089509e+01	2.000019e+01	4.014216e-01	1.046305e+01	2.158653e+01	1.023079e+01	-7.345871e+01	2.132272e+01	225
7.492500e+04	1.087500e+01	2.000019e+01	4.032021e-01	1.050872e+01	2.161880e+01	1.027526e+01	-7.345871e+01	2.132122e+01	226
7.525800e+04	1.085993e+01	2.000019e+01	4.049813e-01	1.055438e+01	2.165097e+01	1.031974e+01	-7.345871e+01	2.131974e+01	227
7.559100e+04	1.084486e+01	2.000019e+01	4.067594e-01	1.060005e+01	2.168304e+01	1.036421e+01	-7.345871e+01	2.131827e+01	228
7.592400e+04	1.082980e+01	2.000019e+01	4.085363e-01	1.064570e+01	2.171503e+01	1.040867e+01	-7.345871e+01	2.131682e+01	229
7.625700e+04	1.081473e+01	2.000019e+01	4.103120e-01	1.069136e+01	2.174692e+01	1.045314e+01	-7.345871e+01	2.131538e+01	230
7.659000e+04	1.080468e+01	2.000019e+01	4.120864e-01	1.073701e+01	2.177871e+01	1.049759e+01	-7.345871e+01	2.131395e+01	231
7.692300e+04	1.078962e+01	2.000019e+01	4.138596e-01	1.078266e+01	2.181042e+01	1.054205e+01	-7.345871e+01	2.131254e+01	232
7.725600e+04	1.077455e+01	2.000019e+01	4.156315e-01	1.082830e+01	2.184204e+01	1.058650e+01	-7.345871e+01	2.131114e+01	233
7.758900e+04	1.075948e+01	2.000019e+01	4.174021e-01	1.087394e+01	2.187356e+01	1.063095e+01	-7.345871e+01	2.130975e+01	234
7.792200e+04	1.074442e+01	2.000019e+01	4.191714e-01	1.091957e+01	2.190500e+01	1.067539e+01	-7.345871e+01	2.130838e+01	235
7.825500e+04	1.072936e+01	2.000019e+01	4.209393e-01	1.096520e+01	2.193634e+01	1.071983e+01	-7.345871e+01	2.130702e+01	236
7.858800e+04	1.071429e+01	2.000019e+01	4.227060e-01	1.101082e+01	2.196760e+01	1.076426e+01	-7.345871e+01	2.130567e+01	237
7.892100e+04	1.070425e+01	2.000019e+01	4.244713e-01	1.105644e+01	2.199877e+01	1.080869e+01	-7.345871e+01	2.130434e+01	238
7.925400e+04	1.068919e+01	2.000019e+01	4.262352e-01	1.110206e+01	2.202985e+01	1.085312e+01	-7.345871e+01	2.130302e+01	239
7.958700e+04	1.067413e+01	2.000019e+01	4.279977e-01	1.114767e+01	2.206084e+01	1.089754e+01	-7.345871e+01	2.130171e+01	240
7.992000e+04	1.065907e+01	2.000019e+01	4.297588e-01	1.119328e+01	2.209175e+01	1.094195e+01	-7.345871e+01	2.130041e+01	241
8.025300e+04	1.064903e+01	2.000019e+01	4.315186e-01	1.123888e+01	2.212257e+01	1.098637e+01	-7.345871e+01	2.129912e+01	242
8.058600e+04	1.063397e+01	2.000018e+01	4.332768e-01	1.128447e+01	2.215330e+01	1.103077e+01	-7.345871e+01	2.129785e+01	243
8.091900e+04	1.061891e+01	2.000018e+01	4.350337e-01	1.133006e+01	2.218395e+01	1.107517e+01	-7.345871e+01	2.129658e+01	244
8.125200e+04	1.060887e+01	2.000018e+01	4.367891e-01	1.137565e+01	2.221452e+01	1.111957e+01	-7.345871e+01	2.129533e+01	245
8.158500e+04	1.059381e+01	2.000018e+01	4.385430e-01	1.142123e+01	2.224500e+01	1.116396e+01	-7.345871e+01	2.129409e+01	246
8.191800e+04	1.058377e+01	2.000018e+01	4.402954e-01	1.146681e+01	2.227540e+01	1.120835e+01	-7.345871e+01	2.129286e+01	247
8.225100e+04	1.056871e+01	2.000018e+01	4.420463e-01	1.151237e+01	2.230571e+01	1.125273e+01	-7.345871e+01	2.129164e+01	248
8.258400e+04	1.055868e+01	2.000018e+01	4.437957e-01	1.155794e+01	2.233594e+01	1.129710e+01	-7.345871e+01	2.129044e+01	249
8.291700e+04	1.054362e+01	2.000018e+01	4.455435e-01	1.160350e+01	2.236609e+01	1.134147e+01	-7.345871e+01	2.128924e+01	250
8.325000e+04	1.052857e+01	2.000018e+01	4.472898e-01	1.164905e+01	2.239616e+01	1.138584e+01	-7.345871e+01	2.128806e+01	251
8.358300e+04	1.051853e+01	2.000018e+01	4.490346e-01	1.169460e+01	2.242615e+01	1.143020e+01	-7.345871e+01	2.128688e+01	252
8.391600e+04	1.050849e+01	2.000018e+01	4.507777e-01	1.174014e+01	2.245605e+01	1.147455e+01	-7.345871e+01	2.128572e+01	253
8.424900e+04	1.049344e+01	2.000018e+01	4.525193e-01	1.178567e+01	2.248588e+01	1.151890e+01	-7.345871e+01	2.128456e+01	254
8.458200e+04	1.048340e+01	2.000018e+01	4.542593e-01	1.183120e+01	2.251562e+01	1.156324e+01	-7.345871e+01	2.128342e+01	255
8.491500e+04	1.046835e+01	2.000018e+01	4.559977e-01	1.187673e+01	2.254529e+01	1.160757e+01	-7.345871e+01	2.128228e+01	256
8.524800e+04	1.045831e+01	2.000018e+01	4.577344e-01	1.192224e+01	2.257487e+01	1.165190e+01	-7.345871e+01	2.128116e+01	257
8.558100e+04	1.044326e+01	2.000018e+01	4.594695e-01	1.196775e+01	2.260438e+01	1.169623e+01	-7.345871e+01	2.128005e+01	258
8.591400e+04	1.043323e+01	2.000018e+01	4.612030e-01	1.201326e+01	2.263381e+01	1.174054e+01	-7.345871e+01	2.127894e+01	259
8.624700e+04	1.042319e+01	2.000018e+01	4.629348e-01	1.205876e+01	2.266317e+01	1.178485e+01	-7.345871e+01	2.127785e+01	260
8.658000e+04	1.040814e+01	2.000018e+01	4.646649e-01	1.210425e+01	2.269244e+01	1.182916e+01	-7.345871e+01	2.127676e+01	261
8.691300e+04	1.039811e+01	2.000018e+01	4.663933e-01	1.214974e+01	2.272164e+01	1.187346e+01	-7.345871e+01	2.127569e+01	262
8.724600e+04	1.038808e+01	2.000018e+01	4.681200e-01	1.219522e+01	2.275076e+01	1.191775e+01	-7.345871e+01	2.127462e+01	263
8.757900e+04	1.037804e+01	2.000018e+01	4.698450e-01	1.224069e+01	2.277981e+01	1.196203e+01	-7.345871e+01	2.127356e+01	264
8.791200e+04	1.036299e+01	2.000018e+01	4.715683e-01	1.228615e+01	2.280878e+01	1.200631e+01	-7.345871e+01	2.127252e+01	265
8.824500e+04	1.035296e+01	2.000018e+01	4.732899e-01	1.233161e+01	2.283768e+01	1.205059e+01	-7.345871e+01	2.127148e+01	266
8.857800e+04	1.034293e+01	2.000018e+01	4.750097e-01	1.237707e+01	2.286650e+01	1.209485e+01	-7.345871e+01	2.127045e+01	267
8.891100e+04	1.033290e+01	2.000018e+01	4.767277e-01	1.242251e+01	2.289524e+01	1.213911e+01	-7.345871e+01	2.126942e+01	268
8.924400e+04	1.031785e+01	2.000018e+01	4.784440e-01	1.246795e+01	2.292392e+01	1.218336e+01	-7.345871e+01	2.126841e+01	269
8.957700e+04	1.030782e+01	2.000018e+01	4.801585e-01	1.251338e+01	2.295252e+01	1.222761e+01	-7.345871e+01	2.126741e+01	270
8.991000e+04	1.029779e+01	2.000018e+01	4.818712e-01	1.255881e+01	2.298104e+01	1.227185e+01	-7.345871e+01	2.126641e+01	271
9.024300e+04	1.028776e+01	2.000018e+01	4.835821e-01	1.260423e+01	2.300950e+01	1.231608e+01	-7.345871e+01	2.126542e+01	272
9.057600e+04	1.027773e+01	2.000018e+01	4.852912e-01	1.264964e+01	2.303788e+01	1.236031e+01	-7.345871e+01	2.126444e+01	273
9.090900e+04	1.026770e+01	2.000018e+01	4.869985e-01	1.269504e+01	2.306619e+01	1.240452e+01	-7.345871e+01	2.126347e+01	274
9.124200e+04	1.025265e+01	2.000018e+01	4.887040e-01	1.274044e+01	2.309443e+01	1.244873e+01	-7.345871e+01	2.126251e+01	275
9.157500e+04	1.024262e+01	2.000018e+01	4.904076e-01	1.278583e+01	2.312260e+01	1.249294e+01	-7.345871e+01	2.126156e+01	276
9.190800e+04	1.023260e+01	2.000018e+01	4.921093e-01	1.283121e+01	2.315069e+01	1.253713e+01	-7.345871e+01	2.126061e+01	277
9.224100e+04	1.022257e+01	2.000018e+01	4.938092e-01	1.287659e+01	2.317872e+01	1.258132e+01	-7.345871e+01	2.125967e+01	278
9.257400e+04	1.021254e+01	2.000018e+01	4.955072e-01	1.292196e+01	2.320668e+01	1.262551e+01	-7.345871e+01	2.125874e+01	279
9.290700e+04	1.020251e+01	2.000018e+01	4.972033e-01	1.296732e+01	2.323457e+01	1.266968e+01	-7.345871e+01	2.125782e+01	280
9.324000e+04	1.019248e+01	2.000018e+01	4.988976e-01	1.301267e+01	2.326239e+01	1.271385e+01	-7.345871e+01	2.125690e+01	281
9.357300e+04	1.018245e+01	2.000018e+01	5.005899e-01	1.305801e+01	2.329014e+01	1.275801e+01	-7.345871e+01	2.125599e+01	282
9.390600e+04	1.017242e+01	2.000018e+01	5.022804e-01	1.310335e+01	2.331782e+01	1.280216e+01	-7.345871e+01	2.125509e+01	283
9.423900e+04	1.016240e+01	2.000018e+01	5.039689e-01	1.314868e+01	2.334543e+01	1.284631e+01	-7.345871e+01	2.125420e+01	284
9.457200e+04	1.015237e+01	2.000018e+01	5.056555e-01	1.319401e+01	2.337298e+01	1.289044e+01	-7.345871e+01	2.125331e+01	285
9.490500e+04	1.014234e+01	2.000018e+01	5.073401e-01	1.323932e+01	2.340045e+01	1.293457e+01	-7.345871e+01	2.125243e+01	286
9.523800e+04	1.013232e+01	2.000018e+01	5.090228e-01	1.328463e+01	2.342787e+01	1.297869e+01	-7.345871e+01	2.125156e+01	287
9.557100e+04	1.012229e+01	2.000018e+01	5.107036e-01	1.332993e+01	2.345521e+01	1.302281e+01	-7.345871e+01	2.125069e+01	288
9.590400e+04	1.011226e+01	2.000018e+01	5.123823e-01	1.337522e+01	2.348249e+01	1.306692e+01	-7.345871e+01	2.124983e+01	289
9.623700e+04	1.010224e+01	2.000018e+01	5.140592e-01	1.342050e+01	2.350970e+01	1.311101e+01	-7.345871e+01	2.124898e+01	290
9.657000e+04	1.009722e+01	2.000018e+01	5.157340e-01	1.346578e+01	2.353685e+01	1.315511e+01	-7.345871e+01	2.124814e+01	291
9.690300e+04	1.008720e+01	2.000018e+01	5.174069e-01	1.351105e+01	2.356393e+01	1.319919e+01	-7.345871e+01	2.124730e+01	292
9.723600e+04	1.007717e+01	2.000018e+01	5.190777e-01	1.355631e+01	2.359095e+01	1.324326e+01	-7.345871e+01	2.124647e+01	293
9.756900e+04	1.006715e+01	2.000018e+01	5.207466e-01	1.360156e+01	2.361790e+01	1.328733e+01	-7.345871e+01	2.124564e+01	294
9.790200e+04	1.005712e+01	2.000018e+01	5.224134e-01	1.364680e+01	2.364479e+01	1.333139e+01	-7.345871e+01	2.124483e+01	295
9.823500e+04	1.004710e+01	2.000018e+01	5.240783e-01	1.369204e+01	2.367161e+01	1.337544e+01	-7.345871e+01	2.124401e+01	296
9.856800e+04	1.003707e+01	2.000018e+01	5.257411e-01	1.373727e+01	2.369837e+01	1.341948e+01	-7.345871e+01	2.124321e+01	297
9.890100e+04	1.003206e+01	2.000018e+01	5.274018e-01	1.378249e+01	2.372507e+01	1.346352e+01	-7.345871e+01	2.124241e+01	298
9.923400e+04	1.002204e+01	2.000018e+01	5.290606e-01	1.382770e+01	2.375170e+01	1.350755e+01	-7.345871e+01	2.124162e+01	299
9.956700e+04	1.001201e+01	2.000018e+01	5.307173e-01	1.387290e+01	2.377828e+01	1.355157e+01	-7.345871e+01	2.124083e+01	300
9.990000e+04	1.000199e+01	2.000018e+01	5.323719e-01	1.391810e+01	2.380479e+01	1.359558e+01	-7.345871e+01	2.124005e+01	301
1.002330e+05	9.991967e+00	2.000018e+01	5.340245e-01	1.396328e+01	2.383123e+01	1.363958e+01	-7.345871e+01	2.123927e+01	302
1.005660e+05	9.986954e+00	2.000018e+01	5.356750e-01	1.400846e+01	2.385762e+01	1.368357e+01	-7.345871e+01	2.123850e+01	303
1.008990e+05	9.976931e+00	2.000017e+01	5.373234e-01	1.405363e+01	2.388395e+01	1.372756e+01	-7.345871e+01	2.123774e+01	304
1.012320e+05	9.966908e+00	2.000017e+01	5.389697e-01	1.409879e+01	2.391021e+01	1.377154e+01	-7.345871e+01	2.123698e+01	305
1.015650e+05	9.956886e+00	2.000017e+01	5.406140e-01	1.414395e+01	2.393641e+01	1.381550e+01	-7.345871e+01	2.123623e+01	306
1.018980e+05	9.951874e+00	2.000017e+01	5.422562e-01	1.418909e+01	2.396255e+01	1.385946e+01	-7.345871e+01	2.123549e+01	307
1.022310e+05	9.941852e+00	2.000017e+01	5.438963e-01	1.423423e+01	2.398864e+01	1.390342e+01	-7.345871e+01	2.123475e+01	308
1.025640e+05	9.931830e+00	2.000017e+01	5.455342e-01	1.427935e+01	2.401466e+01	1.394736e+01	-7.345871e+01	2.123401e+01	309
1.028970e+05	9.921808e+00	2.000017e+01	5.471701e-01	1.432447e+01	2.404062e+01	1.399130e+01	-7.345871e+01	2.123328e+01	310
1.032300e+05	9.916796e+00	2.000017e+01	5.488038e-01	1.436958e+01	2.406653e+01	1.403522e+01	-7.345871e+01	2.123256e+01	311
1.035630e+05	9.906775e+00	2.000017e+01	5.504354e-01	1.441469e+01	2.409237e+01	1.407914e+01	-7.345871e+01	2.123184e+01	312
1.038960e+05	9.896754e+00	2.000017e+01	5.520649e-01	1.445978e+01	2.411816e+01	1.412305e+01	-7.345871e+01	2.123113e+01	313
1.042290e+05	9.891742e+00	2.000017e+01	5.536922e-01	1.450486e+01	2.414389e+01	1.416695e+01	-7.345871e+01	2.123042e+01	314
1.045620e+05	9.881722e+00	2.000017e+01	5.553175e-01	1.454994e+01	2.416956e+01	1.421084e+01	-7.345871e+01	2.122972e+01	315
1.048950e+05	9.871701e+00	2.000017e+01	5.569405e-01	1.459501e+01	2.419517e+01	1.425473e+01	-7.345871e+01	2.122902e+01	316
1.052280e+05	9.866690e+00	2.000017e+01	5.585614e-01	1.464007e+01	2.422072e+01	1.429860e+01	-7.345871e+01	2.122833e+01	317
1.055610e+05	9.856670e+00	2.000017e+01	5.601802e-01	1.468512e+01	2.424622e+01	1.434247e+01	-7.345871e+01	2.122765e+01	318
1.058940e+05	9.851659e+00	2.000017e+01	5.617968e-01	1.473016e+01	2.427166e+01	1.438633e+01	-7.345871e+01	2.122697e+01	319
1.062270e+05	9.841639e+00	2.000017e+01	5.634112e-01	1.477519e+01	2.429705e+01	1.443017e+01	-7.345871e+01	2.122629e+01	320
1.065600e+05	9.831619e+00	2.000017e+01	5.650234e-01	1.482021e+01	2.432237e+01	1.447401e+01	-7.345871e+01	2.122562e+01	321
1.068930e+05	9.826609e+00	2.000017e+01	5.666335e-01	1.486523e+01	2.434764e+01	1.451785e+01	-7.345871e+01	2.122495e+01	322
1.072260e+05	9.816589e+00	2.000017e+01	5.682414e-01	1.491023e+01	2.437286e+01	1.456167e+01	-7.345871e+01	2.122429e+01	323
1.075590e+05	9.811579e+00	2.000017e+01	5.698471e-01	1.495523e+01	2.439802e+01	1.460548e+01	-7.345871e+01	2.122363e+01	324
1.078920e+05	9.801560e+00	2.000017e+01	5.714506e-01	1.500022e+01	2.442313e+01	1.464929e+01	-7.345871e+01	2.122298e+01	325
1.082250e+05	9.791541e+00	2.000017e+01	5.730520e-01	1.504519e+01	2.444817e+01	1.469308e+01	-7.345871e+01	2.122233e+01	326
1.085580e+05	9.786531e+00	2.000017e+01	5.746511e-01	1.509016e+01	2.447317e+01	1.473687e+01	-7.345871e+01	2.122169e+01	327
1.088910e+05	9.776512e+00	2.000017e+01	5.762480e-01	1.513512e+01	2.449811e+01	1.478065e+01	-7.345871e+01	2.122105e+01	328
1.092240e+05	9.771502e+00	2.000017e+01	5.778427e-01	1.518008e+01	2.452300e+01	1.482441e+01	-7.345871e+01	2.122042e+01	329
1.095570e+05	9.761484e+00	2.000017e+01	5.794352e-01	1.522502e+01	2.454783e+01	1.486817e+01	-7.345871e+01	2.121979e+01	330
1.098900e+05	9.756474e+00	2.000017e+01	5.810255e-01	1.526995e+01	2.457261e+01	1.491193e+01	-7.345871e+01	2.121916e+01	331
1.102230e+05	9.746456e+00	2.000017e+01	5.826136e-01	1.531488e+01	2.459733e+01	1.495567e+01	-7.345871e+01	2.121854e+01	332
1.105560e+05	9.741447e+00	2.000017e+01	5.841994e-01	1.535979e+01	2.462200e+01	1.499940e+01	-7.345871e+01	2.121792e+01	333
1.108890e+05	9.731429e+00	2.000017e+01	5.857830e-01	1.540470e+01	2.464662e+01	1.504312e+01	-7.345871e+01	2.121731e+01	334
1.112220e+05	9.726420e+00	2.000017e+01	5.873644e-01	1.544959e+01	2.467119e+01	1.508684e+01	-7.345871e+01	2.121671e+01	335
1.115550e+05	9.716402e+00	2.000017e+01	5.889436e-01	1.549448e+01	2.469570e+01	1.513054e+01	-7.345871e+01	2.121610e+01	336
1.118880e+05	9.711393e+00	2.000017e+01	5.905205e-01	1.553936e+01	2.472016e+01	1.517424e+01	-7.345871e+01	2.121550e+01	337
1.122210e+05	9.701376e+00	2.000017e+01	5.920951e-01	1.558423e+01	2.474457e+01	1.521793e+01	-7.345871e+01	2.121491e+01	338
1.125540e+05	9.696367e+00	2.000017e+01	5.936675e-01	1.562909e+01	2.476893e+01	1.526160e+01	-7.345871e+01	2.121432e+01	339
1.128870e+05	9.686350e+00	2.000017e+01	5.952377e-01	1.567394e+01	2.479323e+01	1.530527e+01	-7.345871e+01	2.121373e+01	340
1.132200e+05	9.681341e+00	2.000017e+01	5.968056e-01	1.571878e+01	2.481749e+01	1.534893e+01	-7.345871e+01	2.121315e+01	341
1.135530e+05	9.676332e+00	2.000017e+01	5.983713e-01	1.576361e+01	2.484169e+01	1.539258e+01	-7.345871e+01	2.121257e+01	342
1.138860e+05	9.666316e+00	2.000017e+01	5.999347e-01	1.580844e+01	2.486584e+01	1.543622e+01	-7.345871e+01	2.121199e+01	343
1.142190e+05	9.661307e+00	2.000017e+01	6.014958e-01	1.585325e+01	2.488995e+01	1.547985e+01	-7.345871e+01	2.121142e+01	344
1.145520e+05	9.651291e+00	2.000017e+01	6.030547e-01	1.589806e+01	2.491400e+01	1.552348e+01	-7.345871e+01	2.121086e+01	345
1.148850e+05	9.646282e+00	2.000016e+01	6.046113e-01	1.594285e+01	2.493800e+01	1.556709e+01	-7.345871e+01	2.121029e+01	346
1.152180e+05	9.636266e+00	2.000016e+01	6.061656e-01	1.598764e+01	2.496195e+01	1.561069e+01	-7.345871e+01	2.120973e+01	347
1.155510e+05	9.631258e+00	2.000016e+01	6.077177e-01	1.603241e+01	2.498585e+01	1.565429e+01	-7.345871e+01	2.120918e+01	348
1.158840e+05	9.626249e+00	2.000016e+01	6.092675e-01	1.607718e+01	2.500970e+01	1.569787e+01	-7.345871e+01	2.120863e+01	349
1.162170e+05	9.616234e+00	2.000016e+01	6.108150e-01	1.612194e+01	2.503351e+01	1.574145e+01	-7.345871e+01	2.120808e+01	350
1.165500e+05	9.611226e+00	2.000016e+01	6.123603e-01	1.616669e+01	2.505726e+01	1.578502e+01	-7.345871e+01	2.120753e+01	351
1.168830e+05	9.601211e+00	2.000016e+01	6.139032e-01	1.621142e+01	2.508097e+01	1.582857e+01	-7.345871e+01	2.120699e+01	352
1.172160e+05	9.596202e+00	2.000016e+01	6.154439e-01	1.625615e+01	2.510462e+01	1.587212e+01	-7.345871e+01	2.120645e+01	353
1.175490e+05	9.591194e+00	2.000016e+01	6.169822e-01	1.630087e+01	2.512823e+01	1.591566e+01	-7.345871e+01	2.120592e+01	354
1.178820e+05	9.581180e+00	2.000016e+01	6.185183e-01	1.634558e+01	2.515179e+01	1.595919e+01	-7.345871e+01	2.120539e+01	355
1.182150e+05	9.576172e+00	2.000016e+01	6.200521e-01	1.639028e+01	2.517530e+01	1.600271e+01	-7.345871e+01	2.120486e+01	356
1.185480e+05	9.571164e+00	2.000016e+01	6.215836e-01	1.643497e+01	2.519877e+01	1.604622e+01	-7.345871e+01	2.120434e+01	357
1.188810e+05	9.561149e+00	2.000016e+01	6.231128e-01	1.647966e+01	2.522219e+01	1.608972e+01	-7.345871e+01	2.120382e+01	358
1.192140e+05	9.556141e+00	2.000016e+01	6.246397e-01	1.652433e+01	2.524556e+01	1.613321e+01	-7.345871e+01	2.120330e+01	359
1.195470e+05	9.551134e+00	2.000016e+01	6.261643e-01	1.656899e+01	2.526888e+01	1.617669e+01	-7.345871e+01	2.120279e+01	360
1.198800e+05	9.541120e+00	2.000016e+01	6.276866e-01	1.661364e+01	2.529215e+01	1.622016e+01	-7.345871e+01	2.120228e+01	361
1.200000e+05	9.536112e+00	2.000016e+01	6.292066e-01	1.663550e+01	2.529812e+01	1.634227e-02	-7.345871e+01	2.120177e+01	361
