0.000000e+00	0.000000e+00	0.000000e+00	-2.000000e+03	2.500000e-01	1.000000e+01	2.073800e-01	1.000000e+00	0.000000e+00	1
2.000000e+03	7.287624e+01	3.051626e+02	8.983715e-02	2.240221e-01	9.977712e+00	1.368534e-01	-7.920034e+01	1.077117e+02	2
4.000000e+03	6.341025e+01	3.916553e+02	4.254112e-02	2.002194e-01	9.934655e+00	1.196953e-01	-7.946660e+01	1.206903e+02	3
6.000000e+03	5.516360e+01	3.904020e+02	3.178817e-02	1.843335e-01	9.880066e+00	1.091271e-01	-7.958569e+01	1.207444e+02	4
8.000000e+03	5.348320e+01	3.899065e+02	2.716923e-02	1.726973e-01	9.820488e+00	1.021098e-01	-7.964416e+01	1.207732e+02	5
1.000000e+04	5.285300e+01	3.895029e+02	2.468932e-02	1.636923e-01	9.758434e+00	9.694154e-02	-7.967502e+01	1.208014e+02	6
1.200000e+04	5.258789e+01	3.897156e+02	2.312698e-02	1.564401e-01	9.695091e+00	9.285032e-02	-7.969118e+01	1.208337e+02	7
1.400000e+04	5.251781e+01	3.897065e+02	2.203022e-02	1.504104e-01	9.631112e+00	8.945376e-02	-7.969847e+01	1.208707e+02	8
1.600000e+04	5.258276e+01	3.900666e+02	2.120729e-02	1.452640e-01	9.566896e+00	8.653832e-02	-7.969998e+01	1.209120e+02	9
1.800000e+04	5.274773e+01	3.904646e+02	2.056255e-02	1.407741e-01	9.502704e+00	8.397303e-02	-7.969998e+01	1.209578e+02	10
2.000000e+04	5.299771e+01	3.904496e+02	2.004100e-02	1.367844e-01	9.438717e+00	8.167207e-02	-7.969998e+01	1.210063e+02	11
2.200000e+04	5.330270e+01	3.910865e+02	1.960943e-02	1.331842e-01	9.375064e+00	7.957660e-02	-7.969998e+01	1.210579e+02	12
2.400000e+04	5.366770e+01	3.913251e+02	1.924427e-02	1.298932e-01	9.311838e+00	7.764476e-02	-7.969998e+01	1.211106e+02	13
2.600000e+04	5.406770e+01	3.915640e+02	1.893031e-02	1.268524e-01	9.249108e+00	7.584609e-02	-7.969998e+01	1.211656e+02	14
2.800000e+04	5.450770e+01	3.921097e+02	1.865611e-02	1.240173e-01	9.186925e+00	7.415786e-02	-7.969998e+01	1.212214e+02	15
3.000000e+04	5.497771e+01	3.924629e+02	1.841296e-02	1.213543e-01	9.125330e+00	7.256285e-02	-7.969998e+01	1.212773e+02	16
3.200000e+04	5.546772e+01	3.926575e+02	1.819482e-02	1.188373e-01	9.064351e+00	7.104777e-02	-7.969998e+01	1.213334e+02	17
3.400000e+04	5.597773e+01	3.929903e+02	1.799730e-02	1.164462e-01	9.004011e+00	6.960228e-02	-7.969998e+01	1.213902e+02	18
3.600000e+04	5.650774e+01	3.935102e+02	1.781672e-02	1.141648e-01	8.944327e+00	6.821817e-02	-7.969998e+01	1.214464e+02	19
3.800000e+04	5.705275e+01	3.938917e+02	1.765008e-02	1.119805e-01	8.885310e+00	6.688885e-02	-7.969998e+01	1.215019e+02	20
4.000000e+04	5.761277e+01	3.941330e+02	1.749532e-02	1.098830e-01	8.826971e+00	6.560902e-02	-7.969998e+01	1.215573e+02	21
4.200000e+04	5.818278e+01	3.942825e+02	1.735115e-02	1.078639e-01	8.769315e+00	6.437433e-02	-7.969998e+01	1.216124e+02	22
4.400000e+04	5.876780e+01	3.948448e+02	1.721623e-02	1.059163e-01	8.712347e+00	6.318117e-02	-7.969998e+01	1.216664e+02	23
4.600000e+04	5.936281e+01	3.952577e+02	1.708931e-02	1.040346e-01	8.656069e+00	6.202654e-02	-7.969998e+01	1.217195e+02	24
4.800000e+04	5.996783e+01	3.955075e+02	1.696951e-02	1.022140e-01	8.600483e+00	6.090787e-02	-7.969998e+01	1.217726e+02	25
5.000000e+04	6.057785e+01	3.955824e+02	1.685664e-02	1.004504e-01	8.545588e+00	5.982302e-02	-7.969998e+01	1.218246e+02	26
5.200000e+04	6.120786e+01	3.961564e+02	1.675021e-02	9.874041e-02	8.491385e+00	5.877011e-02	-7.969998e+01	1.218754e+02	27
5.400000e+04	6.184788e+01	3.965431e+02	1.664944e-02	9.708110e-02	8.437871e+00	5.774751e-02	-7.969998e+01	1.219261e+02	28
5.600000e+04	6.249290e+01	3.967219e+02	1.655408e-02	9.546985e-02	8.385045e+00	5.675379e-02	-7.969998e+01	1.219756e+02	29
5.800000e+04	6.315292e+01	3.969493e+02	1.646441e-02	9.390444e-02	8.332904e+00	5.578771e-02	-7.969998e+01	1.220239e+02	30
6.000000e+04	6.382795e+01	3.974430e+02	1.637995e-02	9.238289e-02	8.281445e+00	5.484812e-02	-7.969998e+01	1.220722e+02	31
6.200000e+04	6.451297e+01	3.976925e+02	1.630019e-02	9.090338e-02	8.230665e+00	5.393401e-02	-7.969998e+01	1.221192e+02	32
6.400000e+04	6.520800e+01	3.977353e+02	1.622568e-02	8.946437e-02	8.180561e+00	5.304446e-02	-7.969998e+01	1.221650e+02	33
6.600000e+04	6.592303e+01	3.982891e+02	1.615627e-02	8.806444e-02	8.131128e+00	5.217864e-02	-7.969998e+01	1.222108e+02	34
6.800000e+04	6.664806e+01	3.985554e+02	1.609136e-02	8.670225e-02	8.082363e+00	5.133576e-02	-7.969998e+01	1.222552e+02	35
7.000000e+04	6.738810e+01	3.985668e+02	1.603161e-02	8.537664e-02	8.034262e+00	5.051512e-02	-7.969998e+01	1.222989e+02	36
7.200000e+04	6.815314e+01	3.991164e+02	1.597699e-02	8.408655e-02	7.986820e+00	4.971607e-02	-7.969998e+01	1.223420e+02	37
7.400000e+04	6.893319e+01	3.993286e+02	1.592690e-02	8.283092e-02	7.940034e+00	4.893796e-02	-7.969998e+01	1.223836e+02	38
7.600000e+04	6.972824e+01	3.994447e+02	1.588232e-02	8.160890e-02	7.893899e+00	4.818027e-02	-7.969998e+01	1.224254e+02	39
7.800000e+04	7.054830e+01	3.999091e+02	1.584284e-02	8.041963e-02	7.848411e+00	4.744243e-02	-7.969998e+01	1.224657e+02	40
8.000000e+04	7.139336e+01	3.999806e+02	1.580836e-02	7.926227e-02	7.803565e+00	4.672394e-02	-7.969998e+01	1.225055e+02	41
8.200000e+04	7.225843e+01	4.003199e+02	1.577987e-02	7.813618e-02	7.759358e+00	4.602434e-02	-7.969998e+01	1.225445e+02	42
8.400000e+04	7.315351e+01	4.006031e+02	1.575649e-02	7.704063e-02	7.715785e+00	4.534318e-02	-7.969998e+01	1.225825e+02	43
8.600000e+04	7.407360e+01	4.006213e+02	1.573931e-02	7.597505e-02	7.672842e+00	4.468006e-02	-7.969998e+01	1.226201e+02	44
8.800000e+04	7.503371e+01	4.010969e+02	1.572819e-02	7.493889e-02	7.630525e+00	4.403458e-02	-7.969998e+01	1.226565e+02	45
9.000000e+04	7.602383e+01	4.010891e+02	1.572318e-02	7.393159e-02	7.588830e+00	4.340639e-02	-7.969998e+01	1.226927e+02	46
9.200000e+04	7.704897e+01	4.015077e+02	1.572539e-02	7.295280e-02	7.547753e+00	4.279517e-02	-7.969998e+01	1.227276e+02	47
9.400000e+04	7.811913e+01	4.016386e+02	1.573404e-02	7.200202e-02	7.507289e+00	4.220058e-02	-7.969998e+01	1.227623e+02	48
9.600000e+04	7.922931e+01	4.018713e+02	1.575094e-02	7.107904e-02	7.467437e+00	4.162240e-02	-7.969998e+01	1.227957e+02	49
9.800000e+04	8.039953e+01	4.021136e+02	1.577522e-02	7.018351e-02	7.428192e+00	4.106034e-02	-7.969998e+01	1.228291e+02	50
1.000000e+05	8.161978e+01	4.022144e+02	1.580880e-02	6.931533e-02	7.389551e+00	4.051424e-02	-7.969998e+01	1.228611e+02	51
1.020000e+05	8.290509e+01	4.025379e+02	1.585123e-02	6.847432e-02	7.351512e+00	3.998388e-02	-7.969998e+01	1.228930e+02	52
1.040000e+05	8.425545e+01	4.025551e+02	1.590436e-02	6.766056e-02	7.314072e+00	3.946917e-02	-7.969998e+01	1.229237e+02	53
1.060000e+05	8.569589e+01	4.029275e+02	1.596837e-02	6.687410e-02	7.277229e+00	3.897001e-02	-7.969998e+01	1.229541e+02	54
1.080000e+05	8.722143e+01	4.029044e+02	1.604520e-02	6.611525e-02	7.240982e+00	3.848641e-02	-7.969998e+01	1.229837e+02	55
1.100000e+05	8.885210e+01	4.032908e+02	1.613569e-02	6.538439e-02	7.205331e+00	3.801838e-02	-7.969998e+01	1.230126e+02	56
1.120000e+05	9.060795e+01	4.032662e+02	1.624237e-02	6.468221e-02	7.170274e+00	3.756610e-02	-7.969998e+01	1.230410e+02	57
1.140000e+05	9.250906e+01	4.036297e+02	1.636677e-02	6.400955e-02	7.135814e+00	3.712979e-02	-7.969998e+01	1.230682e+02	58
1.160000e+05	9.458053e+01	4.036380e+02	1.651285e-02	6.336778e-02	7.101953e+00	3.670989e-02	-7.969998e+01	1.230956e+02	59
1.180000e+05	9.686254e+01	4.039404e+02	1.668321e-02	6.275855e-02	7.068694e+00	3.630693e-02	-7.969998e+01	1.231215e+02	60
1.200000e+05	9.940039e+01	4.040122e+02	1.688471e-02	6.218446e-02	7.036046e+00	3.592187e-05	-7.969998e+01	1.231475e+02	60
