0.000000e+00	0.000000e+00	0.000000e+00	-2.000000e+03	2.500000e-01	1.000000e+01	2.073800e-01	1.000000e+00	0.000000e+00	1
2.000000e+03	5.090599e+01	2.060721e+02	8.331307e-02	2.219062e-01	1.000048e+01	1.347566e-01	-8.020418e+01	9.783199e+01	2
4.000000e+03	4.481619e+01	2.598510e+02	3.533052e-02	1.972908e-01	9.977645e+00	1.171939e-01	-8.043873e+01	1.099704e+02	3
6.000000e+03	3.981078e+01	2.574976e+02	2.580036e-02	1.809849e-01	9.943286e+00	1.067243e-01	-8.054503e+01	1.097220e+02	4
8.000000e+03	3.879069e+01	2.564458e+02	2.156442e-02	1.691448e-01	9.903644e+00	9.987536e-02	-8.060104e+01	1.095981e+02	5
1.000000e+04	3.825565e+01	2.559554e+02	1.926927e-02	1.601211e-01	9.861058e+00	9.490022e-02	-8.063409e+01	1.095328e+02	6
1.200000e+04	3.792062e+01	2.557858e+02	1.782105e-02	1.529923e-01	9.816664e+00	9.102842e-02	-8.065464e+01	1.094981e+02	7
1.400000e+04	3.771060e+01	2.556830e+02	1.681262e-02	1.471897e-01	9.771109e+00	8.787515e-02	-8.066746e+01	1.094829e+02	8
1.600000e+04	3.759559e+01	2.556535e+02	1.606764e-02	1.423432e-01	9.724807e+00	8.522111e-02	-8.067512e+01	1.094818e+02	9
1.800000e+04	3.756058e+01	2.557474e+02	1.549570e-02	1.382032e-01	9.678036e+00	8.292921e-02	-8.067916e+01	1.094913e+02	10
2.000000e+04	3.758558e+01	2.557752e+02	1.504415e-02	1.345960e-01	9.630994e+00	8.090833e-02	-8.068055e+01	1.095091e+02	11
2.200000e+04	3.767058e+01	2.560375e+02	1.467927e-02	1.313982e-01	9.583825e+00	7.909530e-02	-8.068055e+01	1.095327e+02	12
2.400000e+04	3.779559e+01	2.561227e+02	1.437862e-02	1.285202e-01	9.536637e+00	7.744503e-02	-8.068055e+01	1.095615e+02	13
2.600000e+04	3.794559e+01	2.563349e+02	1.412619e-02	1.258957e-01	9.489511e+00	7.592451e-02	-8.068055e+01	1.095941e+02	14
2.800000e+04	3.812560e+01	2.565836e+02	1.391062e-02	1.234753e-01	9.442509e+00	7.450913e-02	-8.068055e+01	1.096295e+02	15
3.000000e+04	3.832561e+01	2.568140e+02	1.372361e-02	1.212215e-01	9.395680e+00	7.318026e-02	-8.068055e+01	1.096671e+02	16
3.200000e+04	3.854562e+01	2.570403e+02	1.355894e-02	1.191052e-01	9.349062e+00	7.192358e-02	-8.068055e+01	1.097065e+02	17
3.400000e+04	3.878063e+01	2.572652e+02	1.341196e-02	1.171043e-01	9.302685e+00	7.072799e-02	-8.068055e+01	1.097470e+02	18
3.600000e+04	3.902064e+01	2.574870e+02	1.327910e-02	1.152011e-01	9.256572e+00	6.958472e-02	-8.068055e+01	1.097885e+02	19
3.800000e+04	3.927565e+01	2.577018e+02	1.315766e-02	1.133817e-01	9.210742e+00	6.848686e-02	-8.068055e+01	1.098308e+02	20
4.000000e+04	3.953566e+01	2.579085e+02	1.304552e-02	1.116352e-01	9.165210e+00	6.742883e-02	-8.068055e+01	1.098734e+02	21
4.200000e+04	3.980067e+01	2.581055e+02	1.294106e-02	1.099525e-01	9.119987e+00	6.640616e-02	-8.068055e+01	1.099164e+02	22
4.400000e+04	4.007568e+01	2.583846e+02	1.284298e-02	1.083266e-01	9.075083e+00	6.541519e-02	-8.068055e+01	1.099595e+02	23
4.600000e+04	4.035068e+01	2.586634e+02	1.275030e-02	1.067514e-01	9.030506e+00	6.445292e-02	-8.068055e+01	1.100027e+02	24
4.800000e+04	4.062569e+01	2.589323e+02	1.266219e-02	1.052222e-01	8.986260e+00	6.351686e-02	-8.068055e+01	1.100458e+02	25
5.000000e+04	4.090570e+01	2.591915e+02	1.257804e-02	1.037350e-01	8.942351e+00	6.260495e-02	-8.068055e+01	1.100889e+02	26
5.200000e+04	4.119071e+01	2.594417e+02	1.249735e-02	1.022863e-01	8.898783e+00	6.171546e-02	-8.068055e+01	1.101319e+02	27
5.400000e+04	4.147572e+01	2.596845e+02	1.241969e-02	1.008734e-01	8.855557e+00	6.084691e-02	-8.068055e+01	1.101746e+02	28
5.600000e+04	4.176073e+01	2.599214e+02	1.234475e-02	9.949394e-02	8.812676e+00	5.999806e-02	-8.068055e+01	1.102172e+02	29
5.800000e+04	4.205073e+01	2.601541e+02	1.227226e-02	9.814584e-02	8.770142e+00	5.916784e-02	-8.068055e+01	1.102596e+02	30
6.000000e+04	4.234074e+01	2.603841e+02	1.220200e-02	9.682737e-02	8.727954e+00	5.835530e-02	-8.068055e+01	1.103016e+02	31
6.200000e+04	4.263075e+01	2.606128e+02	1.213378e-02	9.553702e-02	8.686114e+00	5.755964e-02	-8.068055e+01	1.103435e+02	32
6.400000e+04	4.292075e+01	2.608413e+02	1.206746e-02	9.427349e-02	8.644621e+00	5.678016e-02	-8.068055e+01	1.103850e+02	33
6.600000e+04	4.321576e+01	2.610704e+02	1.200291e-02	9.303561e-02	8.603476e+00	5.601621e-02	-8.068055e+01	1.104263e+02	34
6.800000e+04	4.350577e+01	2.613004e+02	1.194003e-02	9.182237e-02	8.562678e+00	5.526723e-02	-8.068055e+01	1.104672e+02	35
7.000000e+04	4.380077e+01	2.615314e+02	1.187873e-02	9.063286e-02	8.522226e+00	5.453273e-02	-8.068055e+01	1.105078e+02	36
7.200000e+04	4.409578e+01	2.617630e+02	1.181894e-02	8.946626e-02	8.482120e+00	5.381223e-02	-8.068055e+01	1.105481e+02	37
7.400000e+04	4.439578e+01	2.619945e+02	1.176059e-02	8.832184e-02	8.442359e+00	5.310532e-02	-8.068055e+01	1.105881e+02	38
7.600000e+04	4.469078e+01	2.622246e+02	1.170362e-02	8.719892e-02	8.402942e+00	5.241162e-02	-8.068055e+01	1.106276e+02	39
7.800000e+04	4.498579e+01	2.624518e+02	1.164800e-02	8.609688e-02	8.363868e+00	5.173077e-02	-8.068055e+01	1.106669e+02	40
8.000000e+04	4.528579e+01	2.626741e+02	1.159367e-02	8.501516e-02	8.325134e+00	5.106244e-02	-8.068055e+01	1.107057e+02	41
8.200000e+04	4.558579e+01	2.628892e+02	1.154060e-02	8.395323e-02	8.286741e+00	5.040632e-02	-8.068055e+01	1.107443e+02	42
8.400000e+04	4.588580e+01	2.630943e+02	1.148875e-02	8.291059e-02	8.248687e+00	4.976212e-02	-8.068055e+01	1.107827e+02	43
8.600000e+04	4.618580e+01	2.632862e+02	1.143808e-02	8.188679e-02	8.210970e+00	4.912957e-02	-8.068055e+01	1.108208e+02	44
8.800000e+04	4.648580e+01	2.634616e+02	1.138857e-02	8.088138e-02	8.173589e+00	4.850840e-02	-8.068055e+01	1.108584e+02	45
9.000000e+04	4.678580e+01	2.636167e+02	1.134022e-02	7.989395e-02	8.136543e+00	4.789836e-02	-8.068055e+01	1.108956e+02	46
9.200000e+04	4.708580e+01	2.638728e+02	1.129301e-02	7.892412e-02	8.099829e+00	4.729923e-02	-8.068055e+01	1.109324e+02	47
9.400000e+04	4.739081e+01	2.641306e+02	1.124694e-02	7.797151e-02	8.063447e+00	4.671077e-02	-8.068055e+01	1.109689e+02	48
9.600000e+04	4.769581e+01	2.643667e+02	1.120197e-02	7.703577e-02	8.027394e+00	4.613277e-02	-8.068055e+01	1.110053e+02	49
9.800000e+04	4.800081e+01	2.645760e+02	1.115807e-02	7.611654e-02	7.991669e+00	4.556502e-02	-8.068055e+01	1.110413e+02	50
1.000000e+05	4.830581e+01	2.647531e+02	1.111519e-02	7.521350e-02	7.956270e+00	4.500730e-02	-8.068055e+01	1.110768e+02	51
1.020000e+05	4.861081e+01	2.648922e+02	1.107334e-02	7.432632e-02	7.921196e+00	4.445942e-02	-8.068055e+01	1.111118e+02	52
1.040000e+05	4.891581e+01	2.650794e+02	1.103257e-02	7.345470e-02	7.886445e+00	4.392121e-02	-8.068055e+01	1.111467e+02	53
1.060000e+05	4.922581e+01	2.653485e+02	1.099287e-02	7.259835e-02	7.852016e+00	4.339246e-02	-8.068055e+01	1.111814e+02	54
1.080000e+05	4.953581e+01	2.655729e+02	1.095418e-02	7.175697e-02	7.817905e+00	4.287300e-02	-8.068055e+01	1.112156e+02	55
1.100000e+05	4.984581e+01	2.657456e+02	1.091644e-02	7.093028e-02	7.784113e+00	4.236265e-02	-8.068055e+01	1.112493e+02	56
1.120000e+05	5.016081e+01	2.658599e+02	1.087969e-02	7.011801e-02	7.750636e+00	4.186125e-02	-8.068055e+01	1.112829e+02	57
1.140000e+05	5.047081e+01	2.660776e+02	1.084399e-02	6.931989e-02	7.717474e+00	4.136863e-02	-8.068055e+01	1.113162e+02	58
1.160000e+05	5.078581e+01	2.663306e+02	1.080931e-02	6.853567e-02	7.684624e+00	4.088462e-02	-8.068055e+01	1.113490e+02	59
1.180000e+05	5.110081e+01	2.665143e+02	1.077554e-02	6.776509e-02	7.652085e+00	4.040907e-02	-8.068055e+01	1.113813e+02	60
1.200000e+05	5.142081e+01	2.666210e+02	1.074272e-02	6.700791e-02	7.619855e+00	3.994183e-05	-8.068055e+01	1.114137e+02	60
