0.000000e+00	0.000000e+00	0.000000e+00	-2.000000e+03	2.500000e-01	1.000000e+01	2.073800e-01	1.000000e+00	0.000000e+00	1
1.000000e+03	5.517046e+01	2.226113e+02	5.339520e-02	2.454855e-01	1.001059e+01	1.542990e-01	-7.666094e+01	9.993104e+01	2
2.000000e+03	1.253993e+02	2.678690e+02	4.598476e-02	2.334049e-01	1.002465e+01	1.464371e-01	-7.696215e+01	1.111014e+02	3
3.000000e+03	9.251457e+01	2.697447e+02	3.347371e-02	2.230784e-01	1.003125e+01	1.389740e-01	-7.722218e+01	1.114980e+02	4
4.000000e+03	6.083324e+01	2.710961e+02	2.333907e-02	2.143929e-01	1.003075e+01	1.324316e-01	-7.742655e+01	1.118179e+02	5
5.000000e+03	5.794290e+01	2.721096e+02	2.117772e-02	2.073529e-01	1.002765e+01	1.272088e-01	-7.757553e+01	1.120576e+02	6
6.000000e+03	5.701606e+01	2.726621e+02	1.986997e-02	2.015655e-01	1.002272e+01	1.230151e-01	-7.768563e+01	1.122388e+02	7
7.000000e+03	5.654503e+01	2.731256e+02	1.892490e-02	1.967246e-01	1.001642e+01	1.196146e-01	-7.776823e+01	1.123728e+02	8
8.000000e+03	5.624434e+01	2.734122e+02	1.821426e-02	1.926149e-01	1.000906e+01	1.168165e-01	-7.783127e+01	1.124729e+02	9
9.000000e+03	5.603886e+01	2.736196e+02	1.766812e-02	1.890821e-01	1.000088e+01	1.144765e-01	-7.788015e+01	1.125492e+02	10
1.000000e+04	5.589349e+01	2.736518e+02	1.724000e-02	1.860120e-01	9.992046e+00	1.124890e-01	-7.791857e+01	1.126084e+02	11
1.100000e+04	5.579323e+01	2.739205e+02	1.689812e-02	1.833183e-01	9.982689e+00	1.107766e-01	-7.794909e+01	1.126556e+02	12
1.200000e+04	5.573305e+01	2.739531e+02	1.662015e-02	1.809344e-01	9.972908e+00	1.092823e-01	-7.797354e+01	1.126937e+02	13
1.300000e+04	5.569792e+01	2.740358e+02	1.639063e-02	1.788078e-01	9.962780e+00	1.079634e-01	-7.799322e+01	1.127249e+02	14
1.400000e+04	5.569284e+01	2.741749e+02	1.619843e-02	1.768971e-01	9.952366e+00	1.067876e-01	-7.800910e+01	1.127511e+02	15
1.500000e+04	5.570780e+01	2.742382e+02	1.603542e-02	1.751687e-01	9.941716e+00	1.057299e-01	-7.802191e+01	1.127732e+02	16
1.600000e+04	5.573779e+01	2.742608e+02	1.589567e-02	1.735955e-01	9.930868e+00	1.047708e-01	-7.803221e+01	1.127921e+02	17
1.700000e+04	5.578781e+01	2.742621e+02	1.577468e-02	1.721552e-01	9.919857e+00	1.038948e-01	-7.804042e+01	1.128084e+02	18
1.800000e+04	5.584786e+01	2.742551e+02	1.566903e-02	1.708293e-01	9.908709e+00	1.030893e-01	-7.804689e+01	1.128226e+02	19
1.900000e+04	5.591292e+01	2.742859e+02	1.557604e-02	1.696023e-01	9.897447e+00	1.023441e-01	-7.805190e+01	1.128351e+02	20
2.000000e+04	5.599800e+01	2.743470e+02	1.549359e-02	1.684613e-01	9.886091e+00	1.016510e-01	-7.805567e+01	1.128461e+02	21
2.100000e+04	5.608810e+01	2.743943e+02	1.541998e-02	1.673954e-01	9.874657e+00	1.010028e-01	-7.805837e+01	1.128559e+02	22
2.200000e+04	5.618320e+01	2.744315e+02	1.535384e-02	1.663952e-01	9.863160e+00	1.003939e-01	-7.806016e+01	1.128647e+02	23
2.300000e+04	5.628832e+01	2.744609e+02	1.529405e-02	1.654528e-01	9.851611e+00	9.981921e-02	-7.806116e+01	1.128726e+02	24
2.400000e+04	5.639846e+01	2.744841e+02	1.523968e-02	1.645614e-01	9.840021e+00	9.927464e-02	-7.806148e+01	1.128797e+02	25
2.500000e+04	5.651360e+01	2.745019e+02	1.518997e-02	1.637150e-01	9.828399e+00	9.875661e-02	-7.806148e+01	1.128862e+02	26
2.600000e+04	5.662874e+01	2.745149e+02	1.514426e-02	1.629086e-01	9.816754e+00	9.826206e-02	-7.806148e+01	1.128921e+02	27
2.700000e+04	5.675390e+01	2.745232e+02	1.510202e-02	1.621378e-01	9.805091e+00	9.778836e-02	-7.806148e+01	1.128975e+02	28
2.800000e+04	5.687906e+01	2.745270e+02	1.506278e-02	1.613985e-01	9.793417e+00	9.733321e-02	-7.806148e+01	1.129024e+02	29
2.900000e+04	5.700421e+01	2.745262e+02	1.502617e-02	1.606876e-01	9.781738e+00	9.689464e-02	-7.806148e+01	1.129070e+02	30
3.000000e+04	5.713438e+01	2.745207e+02	1.499184e-02	1.600021e-01	9.770058e+00	9.647092e-02	-7.806148e+01	1.129111e+02	31
3.100000e+04	5.727456e+01	2.745300e+02	1.495951e-02	1.593393e-01	9.758380e+00	9.606053e-02	-7.806148e+01	1.129150e+02	32
3.200000e+04	5.740473e+01	2.745679e+02	1.492893e-02	1.586969e-01	9.746710e+00	9.566216e-02	-7.806148e+01	1.129186e+02	33
3.300000e+04	5.753991e+01	2.746042e+02	1.489989e-02	1.580730e-01	9.735050e+00	9.527463e-02	-7.806148e+01	1.129219e+02	34
3.400000e+04	5.768011e+01	2.746383e+02	1.487222e-02	1.574658e-01	9.723403e+00	9.489692e-02	-7.806148e+01	1.129250e+02	35
3.500000e+04	5.782030e+01	2.746696e+02	1.484575e-02	1.568737e-01	9.711772e+00	9.452812e-02	-7.806148e+01	1.129279e+02	36
3.600000e+04	5.795548e+01	2.746977e+02	1.482033e-02	1.562952e-01	9.700158e+00	9.416744e-02	-7.806148e+01	1.129306e+02	37
3.700000e+04	5.809567e+01	2.747222e+02	1.479586e-02	1.557293e-01	9.688564e+00	9.381416e-02	-7.806148e+01	1.129331e+02	38
3.800000e+04	5.824088e+01	2.747426e+02	1.477223e-02	1.551747e-01	9.676992e+00	9.346766e-02	-7.806148e+01	1.129354e+02	39
3.900000e+04	5.838107e+01	2.747586e+02	1.474934e-02	1.546306e-01	9.665443e+00	9.312737e-02	-7.806148e+01	1.129376e+02	40
4.000000e+04	5.852126e+01	2.747700e+02	1.472711e-02	1.540959e-01	9.653919e+00	9.279281e-02	-7.806148e+01	1.129397e+02	41
4.100000e+04	5.866647e+01	2.747763e+02	1.470548e-02	1.535700e-01	9.642420e+00	9.246352e-02	-7.806148e+01	1.129416e+02	42
4.200000e+04	5.881168e+01	2.747776e+02	1.468438e-02	1.530522e-01	9.630949e+00	9.213912e-02	-7.806148e+01	1.129434e+02	43
4.300000e+04	5.895187e+01	2.747735e+02	1.466376e-02	1.525418e-01	9.619506e+00	9.181925e-02	-7.806148e+01	1.129452e+02	44
4.400000e+04	5.909708e+01	2.747639e+02	1.464357e-02	1.520383e-01	9.608092e+00	9.150360e-02	-7.806148e+01	1.129468e+02	45
4.500000e+04	5.924229e+01	2.747486e+02	1.462378e-02	1.515413e-01	9.596707e+00	9.119188e-02	-7.806148e+01	1.129484e+02	46
4.600000e+04	5.938750e+01	2.747276e+02	1.460434e-02	1.510502e-01	9.585354e+00	9.088385e-02	-7.806148e+01	1.129499e+02	47
4.700000e+04	5.953271e+01	2.747008e+02	1.458523e-02	1.505646e-01	9.574031e+00	9.057928e-02	-7.806148e+01	1.129513e+02	48
4.800000e+04	5.968292e+01	2.746932e+02	1.456642e-02	1.500844e-01	9.562740e+00	9.027797e-02	-7.806148e+01	1.129526e+02	49
4.900000e+04	5.982813e+01	2.747365e+02	1.454788e-02	1.496090e-01	9.551482e+00	8.997973e-02	-7.806148e+01	1.129539e+02	50
5.000000e+04	5.997334e+01	2.747742e+02	1.452960e-02	1.491382e-01	9.540256e+00	8.968440e-02	-7.806148e+01	1.129551e+02	51
5.100000e+04	6.011855e+01	2.748062e+02	1.451155e-02	1.486718e-01	9.529063e+00	8.939184e-02	-7.806148e+01	1.129562e+02	52
5.200000e+04	6.026376e+01	2.748323e+02	1.449373e-02	1.482096e-01	9.517904e+00	8.910192e-02	-7.806148e+01	1.129573e+02	53
5.300000e+04	6.040897e+01	2.748525e+02	1.447610e-02	1.477513e-01	9.506779e+00	8.881451e-02	-7.806148e+01	1.129583e+02	54
5.400000e+04	6.055418e+01	2.748667e+02	1.445865e-02	1.472968e-01	9.495688e+00	8.852950e-02	-7.806148e+01	1.129592e+02	55
5.500000e+04	6.069940e+01	2.748749e+02	1.444138e-02	1.468459e-01	9.484631e+00	8.824680e-02	-7.806148e+01	1.129601e+02	56
5.600000e+04	6.084461e+01	2.748770e+02	1.442427e-02	1.463984e-01	9.473609e+00	8.796632e-02	-7.806148e+01	1.129610e+02	57
5.700000e+04	6.098982e+01	2.748730e+02	1.440731e-02	1.459542e-01	9.462621e+00	8.768799e-02	-7.806148e+01	1.129618e+02	58
5.800000e+04	6.113504e+01	2.748630e+02	1.439049e-02	1.455132e-01	9.451669e+00	8.741172e-02	-7.806148e+01	1.129625e+02	59
5.900000e+04	6.128025e+01	2.748468e+02	1.437381e-02	1.450753e-01	9.440752e+00	8.713745e-02	-7.806148e+01	1.129633e+02	60
6.000000e+04	6.142547e+01	2.748245e+02	1.435726e-02	1.446404e-01	9.429870e+00	8.686512e-02	-7.806148e+01	1.129639e+02	61
6.100000e+04	6.157569e+01	2.747961e+02	1.434084e-02	1.442083e-01	9.419023e+00	8.659468e-02	-7.806148e+01	1.129646e+02	62
6.200000e+04	6.172091e+01	2.747616e+02	1.432453e-02	1.437791e-01	9.408212e+00	8.632608e-02	-7.806148e+01	1.129652e+02	63
6.300000e+04	6.187113e+01	2.747980e+02	1.430835e-02	1.433526e-01	9.397437e+00	8.605928e-02	-7.806148e+01	1.129658e+02	64
6.400000e+04	6.201634e+01	2.748364e+02	1.429228e-02	1.429288e-01	9.386697e+00	8.579422e-02	-7.806148e+01	1.129664e+02	65
6.500000e+04	6.216156e+01	2.748687e+02	1.427633e-02	1.425076e-01	9.375992e+00	8.553089e-02	-7.806148e+01	1.129669e+02	66
6.600000e+04	6.230677e+01	2.748947e+02	1.426049e-02	1.420889e-01	9.365324e+00	8.526923e-02	-7.806148e+01	1.129674e+02	67
6.700000e+04	6.245199e+01	2.749146e+02	1.424475e-02	1.416728e-01	9.354691e+00	8.500922e-02	-7.806148e+01	1.129679e+02	68
6.800000e+04	6.259721e+01	2.749284e+02	1.422912e-02	1.412591e-01	9.344094e+00	8.475083e-02	-7.806148e+01	1.129683e+02	69
6.900000e+04	6.274242e+01	2.749359e+02	1.421359e-02	1.408478e-01	9.333533e+00	8.449404e-02	-7.806148e+01	1.129687e+02	70
7.000000e+04	6.288262e+01	2.749374e+02	1.419815e-02	1.404389e-01	9.323008e+00	8.423881e-02	-7.806148e+01	1.129691e+02	71
7.100000e+04	6.302784e+01	2.749327e+02	1.418281e-02	1.400324e-01	9.312518e+00	8.398512e-02	-7.806148e+01	1.129695e+02	72
7.200000e+04	6.317306e+01	2.749219e+02	1.416755e-02	1.396282e-01	9.302064e+00	8.373296e-02	-7.806148e+01	1.129698e+02	73
7.300000e+04	6.331828e+01	2.749051e+02	1.415238e-02	1.392263e-01	9.291646e+00	8.348229e-02	-7.806148e+01	1.129701e+02	74
7.400000e+04	6.346349e+01	2.748823e+02	1.413730e-02	1.388266e-01	9.281264e+00	8.323311e-02	-7.806148e+01	1.129703e+02	75
7.500000e+04	6.360871e+01	2.748533e+02	1.412231e-02	1.384292e-01	9.270918e+00	8.298539e-02	-7.806148e+01	1.129705e+02	76
7.600000e+04	6.375393e+01	2.748184e+02	1.410741e-02	1.380339e-01	9.260607e+00	8.273912e-02	-7.806148e+01	1.129707e+02	77
7.700000e+04	6.389913e+01	2.748346e+02	1.409259e-02	1.376409e-01	9.250332e+00	8.249428e-02	-7.806148e+01	1.129709e+02	78
7.800000e+04	6.404435e+01	2.748724e+02	1.407786e-02	1.372500e-01	9.240093e+00	8.225085e-02	-7.806148e+01	1.129710e+02	79
7.900000e+04	6.418956e+01	2.749040e+02	1.406322e-02	1.368613e-01	9.229889e+00	8.200884e-02	-7.806148e+01	1.129712e+02	80
8.000000e+04	6.433478e+01	2.749296e+02	1.404867e-02	1.364747e-01	9.219721e+00	8.176821e-02	-7.806148e+01	1.129713e+02	81
8.100000e+04	6.447498e+01	2.749491e+02	1.403421e-02	1.360902e-01	9.209588e+00	8.152896e-02	-7.806148e+01	1.129714e+02	82
8.200000e+04	6.462020e+01	2.749626e+02	1.401983e-02	1.357078e-01	9.199491e+00	8.129108e-02	-7.806148e+01	1.129715e+02	83
8.300000e+04	6.476542e+01	2.749700e+02	1.400554e-02	1.353275e-01	9.189430e+00	8.105455e-02	-7.806148e+01	1.129716e+02	84
8.400000e+04	6.490562e+01	2.749715e+02	1.399133e-02	1.349493e-01	9.179403e+00	8.081937e-02	-7.806148e+01	1.129717e+02	85
8.500000e+04	6.505084e+01	2.749671e+02	1.397720e-02	1.345731e-01	9.169413e+00	8.058552e-02	-7.806148e+01	1.129717e+02	86
8.600000e+04	6.519104e+01	2.749567e+02	1.396316e-02	1.341989e-01	9.159457e+00	8.035299e-02	-7.806148e+01	1.129717e+02	87
8.700000e+04	6.533626e+01	2.749405e+02	1.394919e-02	1.338268e-01	9.149537e+00	8.012177e-02	-7.806148e+01	1.129717e+02	88
8.800000e+04	6.547646e+01	2.749202e+02	1.393529e-02	1.334567e-01	9.139651e+00	7.989186e-02	-7.806148e+01	1.129716e+02	89
8.900000e+04	6.562167e+01	2.748905e+02	1.392148e-02	1.330886e-01	9.129801e+00	7.966325e-02	-7.806148e+01	1.129715e+02	90
9.000000e+04	6.576187e+01	2.748569e+02	1.390774e-02	1.327225e-01	9.119986e+00	7.943591e-02	-7.806148e+01	1.129714e+02	91
9.100000e+04	6.591209e+01	2.748385e+02	1.389407e-02	1.323583e-01	9.110206e+00	7.920985e-02	-7.806148e+01	1.129713e+02	92
9.200000e+04	6.605229e+01	2.748765e+02	1.388049e-02	1.319962e-01	9.100461e+00	7.898506e-02	-7.806148e+01	1.129712e+02	93
9.300000e+04	6.619751e+01	2.749086e+02	1.386699e-02	1.316360e-01	9.090751e+00	7.876153e-02	-7.806148e+01	1.129710e+02	94
9.400000e+04	6.633771e+01	2.749347e+02	1.385356e-02	1.312777e-01	9.081075e+00	7.853925e-02	-7.806148e+01	1.129708e+02	95
9.500000e+04	6.647791e+01	2.749551e+02	1.384022e-02	1.309214e-01	9.071434e+00	7.831822e-02	-7.806148e+01	1.129706e+02	96
9.600000e+04	6.661811e+01	2.749694e+02	1.382696e-02	1.305670e-01	9.061828e+00	7.809842e-02	-7.806148e+01	1.129703e+02	97
9.700000e+04	6.676332e+01	2.749784e+02	1.381378e-02	1.302145e-01	9.052256e+00	7.787985e-02	-7.806148e+01	1.129701e+02	98
9.800000e+04	6.690352e+01	2.749814e+02	1.380067e-02	1.298639e-01	9.042719e+00	7.766250e-02	-7.806148e+01	1.129699e+02	99
9.900000e+04	6.704372e+01	2.749787e+02	1.378765e-02	1.295152e-01	9.033216e+00	7.744636e-02	-7.806148e+01	1.129697e+02	100
1.000000e+05	6.718392e+01	2.749704e+02	1.377470e-02	1.291684e-01	9.023748e+00	7.723144e-02	-7.806148e+01	1.129694e+02	101
1.010000e+05	6.732412e+01	2.749564e+02	1.376183e-02	1.288235e-01	9.014314e+00	7.701771e-02	-7.806148e+01	1.129691e+02	102
1.020000e+05	6.746432e+01	2.749367e+02	1.374903e-02	1.284805e-01	9.004914e+00	7.680517e-02	-7.806148e+01	1.129688e+02	103
1.030000e+05	6.760452e+01	2.749116e+02	1.373630e-02	1.281393e-01	8.995548e+00	7.659382e-02	-7.806148e+01	1.129685e+02	104
1.040000e+05	6.774472e+01	2.748809e+02	1.372364e-02	1.278000e-01	8.986216e+00	7.638364e-02	-7.806148e+01	1.129681e+02	105
1.050000e+05	6.788491e+01	2.748447e+02	1.371105e-02	1.274625e-01	8.976918e+00	7.617464e-02	-7.806148e+01	1.129677e+02	106
1.060000e+05	6.803011e+01	2.748453e+02	1.369853e-02	1.271268e-01	8.967654e+00	7.596680e-02	-7.806148e+01	1.129674e+02	107
1.070000e+05	6.817031e+01	2.748793e+02	1.368609e-02	1.267930e-01	8.958424e+00	7.576011e-02	-7.806148e+01	1.129669e+02	108
1.080000e+05	6.831051e+01	2.749077e+02	1.367372e-02	1.264609e-01	8.949227e+00	7.555458e-02	-7.806148e+01	1.129665e+02	109
1.090000e+05	6.845070e+01	2.749304e+02	1.366142e-02	1.261307e-01	8.940064e+00	7.535019e-02	-7.806148e+01	1.129660e+02	110
1.100000e+05	6.858588e+01	2.749476e+02	1.364920e-02	1.258023e-01	8.930935e+00	7.514694e-02	-7.806148e+01	1.129656e+02	111
1.110000e+05	6.872608e+01	2.749593e+02	1.363705e-02	1.254756e-01	8.921839e+00	7.494482e-02	-7.806148e+01	1.129651e+02	112
1.120000e+05	6.886628e+01	2.749655e+02	1.362498e-02	1.251508e-01	8.912777e+00	7.474382e-02	-7.806148e+01	1.129646e+02	113
1.130000e+05	6.900146e+01	2.749662e+02	1.361299e-02	1.248277e-01	8.903748e+00	7.454395e-02	-7.806148e+01	1.129640e+02	114
1.140000e+05	6.914165e+01	2.749614e+02	1.360107e-02	1.245063e-01	8.894752e+00	7.434518e-02	-7.806148e+01	1.129635e+02	115
1.150000e+05	6.928185e+01	2.749513e+02	1.358922e-02	1.241867e-01	8.885789e+00	7.414753e-02	-7.806148e+01	1.129629e+02	116
1.160000e+05	6.941703e+01	2.749358e+02	1.357744e-02	1.238689e-01	8.876859e+00	7.395097e-02	-7.806148e+01	1.129624e+02	117
1.170000e+05	6.955722e+01	2.749150e+02	1.356573e-02	1.235528e-01	8.867962e+00	7.375551e-02	-7.806148e+01	1.129619e+02	118
1.180000e+05	6.969240e+01	2.748890e+02	1.355408e-02	1.232384e-01	8.859099e+00	7.356114e-02	-7.806148e+01	1.129613e+02	119
1.190000e+05	6.982758e+01	2.748576e+02	1.354250e-02	1.229258e-01	8.850268e+00	7.336784e-02	-7.806148e+01	1.129607e+02	120
1.200000e+05	6.996777e+01	2.748211e+02	1.353099e-02	1.226148e-01	8.841469e+00	7.317562e-05	-7.806148e+01	1.129601e+02	120
