0.000000e+00	0.000000e+00	0.000000e+00	-2.000000e+03	2.500000e-01	1.000000e+01	2.073800e-01	1.000000e+00	0.000000e+00	1
3.330000e+02	5.517046e+01	2.226113e+02	3.797955e-02	2.578396e-01	1.000357e+01	1.697147e-01	-7.581053e+01	9.993104e+01	2
6.660000e+02	1.559107e+02	2.741495e+02	5.262319e-02	2.580028e-01	1.001759e+01	1.751777e-01	-7.581055e+01	1.090211e+02	3
9.990000e+02	1.573208e+02	2.625376e+02	5.445719e-02	2.596509e-01	1.003336e+01	1.777517e-01	-7.581055e+01	1.062669e+02	4
1.332000e+03	1.609381e+02	2.607131e+02	5.692102e-02	2.617271e-01	1.005022e+01	1.799361e-01	-7.581055e+01	1.058836e+02	5
1.665000e+03	1.647533e+02	2.593858e+02	5.956051e-02	2.640969e-01	1.006800e+01	1.821927e-01	-7.581055e+01	1.055921e+02	6
1.998000e+03	2.016574e+02	2.579838e+02	1.905725e-01	2.355816e-01	1.009114e+01	2.306008e-01	-7.581055e+01	1.052919e+02	7
2.331000e+03	1.323363e+02	2.406943e+02	7.447303e-02	2.567914e-01	1.010565e+01	1.867444e-01	-7.581055e+01	1.019705e+02	8
2.664000e+03	1.540112e+02	2.643605e+02	5.619645e-02	2.621378e-01	1.012101e+01	1.820196e-01	-7.581055e+01	1.066179e+02	9
2.997000e+03	1.631891e+02	2.617040e+02	5.901000e-02	2.652264e-01	1.013799e+01	1.835528e-01	-7.581055e+01	1.060565e+02	10
3.330000e+03	1.972231e+02	2.587439e+02	1.963430e-01	2.374261e-01	1.016041e+01	2.301654e-01	-7.581055e+01	1.054601e+02	11
3.663000e+03	1.344345e+02	2.432998e+02	7.477800e-02	2.584252e-01	1.017490e+01	1.881164e-01	-7.581055e+01	1.024388e+02	12
3.996000e+03	1.563482e+02	2.642063e+02	5.792755e-02	2.640673e-01	1.019051e+01	1.840490e-01	-7.581055e+01	1.065675e+02	13
4.329000e+03	2.027962e+02	2.611260e+02	1.910728e-01	2.352893e-01	1.021270e+01	2.349765e-01	-7.581055e+01	1.059255e+02	14
4.662000e+03	1.311605e+02	2.410784e+02	7.682216e-02	2.580034e-01	1.022678e+01	1.889500e-01	-7.581055e+01	1.020238e+02	15
4.995000e+03	1.552502e+02	2.648405e+02	5.819651e-02	2.640877e-01	1.024204e+01	1.845397e-01	-7.581055e+01	1.067040e+02	16
5.328000e+03	1.989757e+02	2.615803e+02	1.918149e-01	2.361681e-01	1.026367e+01	2.337828e-01	-7.581055e+01	1.060235e+02	17
5.661000e+03	1.320067e+02	2.432663e+02	7.647961e-02	2.585649e-01	1.027764e+01	1.894535e-01	-7.581055e+01	1.024332e+02	18
5.994000e+03	1.560150e+02	2.649428e+02	5.895565e-02	2.648365e-01	1.029291e+01	1.855170e-01	-7.581055e+01	1.067166e+02	19
6.327000e+03	1.937544e+02	2.615112e+02	1.959142e-01	2.379577e-01	1.031408e+01	2.320157e-01	-7.581055e+01	1.059964e+02	20
6.660000e+03	1.340708e+02	2.458742e+02	7.602825e-02	2.597538e-01	1.032808e+01	1.902570e-01	-7.581055e+01	1.029119e+02	21
6.993000e+03	1.579273e+02	2.647762e+02	6.019501e-02	2.662057e-01	1.034358e+01	1.870065e-01	-7.581055e+01	1.066714e+02	22
7.326000e+03	1.902168e+02	2.610247e+02	2.026102e-01	2.398976e-01	1.036459e+01	2.316277e-01	-7.581055e+01	1.058901e+02	23
7.659000e+03	1.364898e+02	2.473680e+02	7.636166e-02	2.614505e-01	1.037877e+01	1.916198e-01	-7.581055e+01	1.031944e+02	24
7.992000e+03	1.606368e+02	2.643783e+02	6.202290e-02	2.681579e-01	1.039465e+01	1.890333e-01	-7.581055e+01	1.065820e+02	25
8.325000e+03	1.885878e+02	2.601696e+02	2.117278e-01	2.420468e-01	1.041576e+01	2.326725e-01	-7.581055e+01	1.057224e+02	26
8.658000e+03	1.395894e+02	2.479979e+02	7.759403e-02	2.637463e-01	1.043031e+01	1.936477e-01	-7.581055e+01	1.032879e+02	27
8.991000e+03	1.950345e+02	2.636179e+02	1.937231e-01	2.384657e-01	1.045105e+01	2.391700e-01	-7.581055e+01	1.064297e+02	28
9.324000e+03	1.341569e+02	2.457784e+02	7.975225e-02	2.624818e-01	1.046493e+01	1.940744e-01	-7.581055e+01	1.028651e+02	29
9.657000e+03	2.013518e+02	2.647143e+02	1.877798e-01	2.356169e-01	1.048586e+01	2.446931e-01	-7.581055e+01	1.066701e+02	30
9.990000e+03	1.298510e+02	2.430442e+02	8.189320e-02	2.615469e-01	1.049934e+01	1.945450e-01	-7.581055e+01	1.023480e+02	31
1.032300e+04	1.607261e+02	2.656052e+02	6.563911e-02	2.690117e-01	1.051485e+01	1.915156e-01	-7.581055e+01	1.068397e+02	32
1.065600e+04	1.920940e+02	2.606202e+02	2.191050e-01	2.432244e-01	1.053597e+01	2.373173e-01	-7.581055e+01	1.058086e+02	33
1.098900e+04	1.421395e+02	2.468561e+02	8.085766e-02	2.664547e-01	1.055084e+01	1.971528e-01	-7.581055e+01	1.030516e+02	34
1.132200e+04	1.870851e+02	2.631163e+02	2.071100e-01	2.428481e-01	1.057106e+01	2.382620e-01	-7.581055e+01	1.062941e+02	35
1.165500e+04	1.399272e+02	2.492884e+02	8.048579e-02	2.664036e-01	1.058535e+01	1.973700e-01	-7.581055e+01	1.035135e+02	36
1.198800e+04	1.866570e+02	2.638108e+02	2.072255e-01	2.428848e-01	1.060527e+01	2.389005e-01	-7.581055e+01	1.064594e+02	37
1.232100e+04	1.397061e+02	2.496145e+02	8.077072e-02	2.667033e-01	1.061944e+01	1.979084e-01	-7.581055e+01	1.035915e+02	38
1.265400e+04	1.856377e+02	2.640392e+02	2.088842e-01	2.433916e-01	1.063921e+01	2.392020e-01	-7.581055e+01	1.064898e+02	39
1.298700e+04	1.403268e+02	2.502278e+02	8.108793e-02	2.673279e-01	1.065337e+01	1.986248e-01	-7.581055e+01	1.036870e+02	40
1.332000e+04	1.845777e+02	2.640204e+02	2.119333e-01	2.441913e-01	1.067306e+01	2.395648e-01	-7.581055e+01	1.064770e+02	41
1.365300e+04	1.415088e+02	2.506821e+02	8.154687e-02	2.682353e-01	1.068731e+01	1.995496e-01	-7.581055e+01	1.037734e+02	42
1.398600e+04	1.836779e+02	2.638330e+02	2.161930e-01	2.452192e-01	1.070698e+01	2.401418e-01	-7.581055e+01	1.064324e+02	43
1.431900e+04	1.431922e+02	2.509658e+02	8.221365e-02	2.694168e-01	1.072139e+01	2.007103e-01	-7.581055e+01	1.038371e+02	44
1.465200e+04	1.830238e+02	2.634905e+02	2.216161e-01	2.464584e-01	1.074112e+01	2.410067e-01	-7.581055e+01	1.063561e+02	45
1.498500e+04	1.454476e+02	2.512478e+02	8.313411e-02	2.708863e-01	1.075577e+01	2.021418e-01	-7.581055e+01	1.038717e+02	46
1.531800e+04	1.826703e+02	2.629404e+02	2.282615e-01	2.479182e-01	1.077564e+01	2.422172e-01	-7.581055e+01	1.062431e+02	47
1.565100e+04	1.483966e+02	2.513090e+02	8.435788e-02	2.726804e-01	1.079064e+01	2.038987e-01	-7.581055e+01	1.038726e+02	48
1.598400e+04	1.826824e+02	2.622251e+02	2.362925e-01	2.496313e-01	1.081074e+01	2.438390e-01	-7.581055e+01	1.060839e+02	49
1.631700e+04	1.522784e+02	2.511474e+02	8.595286e-02	2.748660e-01	1.082622e+01	2.060706e-01	-7.581055e+01	1.038340e+02	50
1.665000e+04	1.831148e+02	2.612364e+02	2.459564e-01	2.516594e-01	1.084667e+01	2.459670e-01	-7.581055e+01	1.058609e+02	51
1.698300e+04	1.574514e+02	2.506974e+02	8.802147e-02	2.775537e-01	1.086279e+01	2.088013e-01	-7.581055e+01	1.037466e+02	52
1.731600e+04	1.841027e+02	2.597945e+02	2.576938e-01	2.541038e-01	1.088376e+01	2.487558e-01	-7.581055e+01	1.055449e+02	53
1.764900e+04	1.630517e+02	2.500011e+02	9.113608e-02	2.807615e-01	1.090062e+01	2.120416e-01	-7.581055e+01	1.035941e+02	54
1.798200e+04	1.873146e+02	2.580798e+02	2.722844e-01	2.568887e-01	1.092238e+01	2.529469e-01	-7.581055e+01	1.051820e+02	55
1.831500e+04	2.071154e+02	2.482552e+02	2.039313e-01	2.454450e-01	1.094517e+01	2.777657e-01	-7.581055e+01	1.032509e+02	56
1.864800e+04	1.563063e+02	2.356579e+02	1.024614e-01	2.816054e-01	1.096220e+01	2.173315e-01	-7.581055e+01	1.008838e+02	57
1.898100e+04	1.857560e+02	2.585418e+02	2.766797e-01	2.588465e-01	1.098377e+01	2.559998e-01	-7.581055e+01	1.052660e+02	58
1.931400e+04	2.013181e+02	2.489363e+02	2.133240e-01	2.488265e-01	1.100613e+01	2.761673e-01	-7.581055e+01	1.033630e+02	59
1.964700e+04	1.636650e+02	2.392385e+02	1.022300e-01	2.847300e-01	1.102361e+01	2.202631e-01	-7.581055e+01	1.015250e+02	60
1.998000e+04	1.868068e+02	2.566653e+02	2.900144e-01	2.616966e-01	1.104566e+01	2.595622e-01	-7.581055e+01	1.048863e+02	61
2.031300e+04	1.969958e+02	2.481277e+02	2.265061e-01	2.527819e-01	1.106801e+01	2.758964e-01	-7.581055e+01	1.032079e+02	62
2.064600e+04	1.680840e+02	2.413952e+02	1.037044e-01	2.883626e-01	1.108587e+01	2.232567e-01	-7.581055e+01	1.019190e+02	63
2.097900e+04	1.899507e+02	2.556320e+02	3.053142e-01	2.647343e-01	1.110857e+01	2.643197e-01	-7.581055e+01	1.046481e+02	64
2.131200e+04	1.954750e+02	2.466949e+02	2.409344e-01	2.565483e-01	1.113121e+01	2.782031e-01	-7.581055e+01	1.029008e+02	65
2.164500e+04	2.092593e+02	2.418613e+02	2.204073e-01	2.508675e-01	1.115449e+01	2.927975e-01	-7.581055e+01	1.019923e+02	66
2.197800e+04	1.751809e+02	2.329931e+02	1.112428e-01	2.924070e-01	1.117350e+01	2.302666e-01	-7.581055e+01	1.003375e+02	67
2.231100e+04	1.911324e+02	2.522333e+02	3.230218e-01	2.692137e-01	1.119701e+01	2.704354e-01	-7.581055e+01	1.039635e+02	68
2.264400e+04	1.946496e+02	2.454323e+02	2.608566e-01	2.614508e-01	1.122008e+01	2.825388e-01	-7.581055e+01	1.026573e+02	69
2.297700e+04	2.004264e+02	2.420504e+02	2.393428e-01	2.570750e-01	1.124315e+01	2.904590e-01	-7.581055e+01	1.019990e+02	70
2.331000e+04	2.068159e+02	2.383104e+02	2.285981e-01	2.543184e-01	1.126655e+01	2.981586e-01	-7.581055e+01	1.013034e+02	71
2.364300e+04	2.131465e+02	2.337657e+02	2.239884e-01	2.529052e-01	1.129053e+01	3.060203e-01	-7.581055e+01	1.004667e+02	72
2.397600e+04	2.146485e+02	2.286192e+02	2.225854e-01	2.532503e-01	1.131500e+01	3.105745e-01	-7.581055e+01	9.951755e+01	73
2.430900e+04	2.102145e+02	2.263768e+02	2.237745e-01	2.550096e-01	1.133953e+01	3.095783e-01	-7.581055e+01	9.910182e+01	74
2.464200e+04	2.061639e+02	2.290084e+02	2.303739e-01	2.567083e-01	1.136378e+01	3.068801e-01	-7.581055e+01	9.957312e+01	75
2.497500e+04	2.038421e+02	2.323151e+02	2.347610e-01	2.578221e-01	1.138767e+01	3.048647e-01	-7.581055e+01	1.001618e+02	76
2.530800e+04	2.024515e+02	2.344827e+02	2.373301e-01	2.584971e-01	1.141127e+01	3.037448e-01	-7.581055e+01	1.005575e+02	77
2.564100e+04	2.014213e+02	2.357824e+02	2.392972e-01	2.589528e-01	1.143464e+01	3.031701e-01	-7.581055e+01	1.008059e+02	78
2.597400e+04	2.005349e+02	2.368048e+02	2.408163e-01	2.593198e-01	1.145784e+01	3.028650e-01	-7.581055e+01	1.009820e+02	79
2.630700e+04	1.997002e+02	2.375389e+02	2.420847e-01	2.596574e-01	1.148089e+01	3.026888e-01	-7.581055e+01	1.011265e+02	80
2.664000e+04	1.989065e+02	2.383232e+02	2.432847e-01	2.599894e-01	1.150381e+01	3.025802e-01	-7.581055e+01	1.012559e+02	81
2.697300e+04	1.981488e+02	2.389109e+02	2.444907e-01	2.603252e-01	1.152659e+01	3.025141e-01	-7.581055e+01	1.013767e+02	82
2.730600e+04	1.974116e+02	2.396054e+02	2.457311e-01	2.606682e-01	1.154925e+01	3.024801e-01	-7.581055e+01	1.014910e+02	83
2.763900e+04	1.967051e+02	2.402017e+02	2.470168e-01	2.610197e-01	1.157180e+01	3.024739e-01	-7.581055e+01	1.016001e+02	84
2.797200e+04	1.960190e+02	2.407118e+02	2.483517e-01	2.613803e-01	1.159423e+01	3.024940e-01	-7.581055e+01	1.017041e+02	85
2.830500e+04	1.953633e+02	2.413361e+02	2.497375e-01	2.617502e-01	1.161655e+01	3.025400e-01	-7.581055e+01	1.018036e+02	86
2.863800e+04	1.947330e+02	2.418216e+02	2.511751e-01	2.621296e-01	1.163877e+01	3.026119e-01	-7.581055e+01	1.018987e+02	87
2.897100e+04	1.941180e+02	2.422980e+02	2.526654e-01	2.625187e-01	1.166089e+01	3.027099e-01	-7.581055e+01	1.019895e+02	88
2.930400e+04	1.935385e+02	2.428321e+02	2.542096e-01	2.629178e-01	1.168291e+01	3.028345e-01	-7.581055e+01	1.020765e+02	89
2.963700e+04	1.929791e+02	2.432457e+02	2.558088e-01	2.633273e-01	1.170485e+01	3.029857e-01	-7.581055e+01	1.021594e+02	90
2.997000e+04	1.924350e+02	2.436513e+02	2.574644e-01	2.637474e-01	1.172669e+01	3.031638e-01	-7.581055e+01	1.022386e+02	91
3.030300e+04	1.919211e+02	2.441275e+02	2.591777e-01	2.641786e-01	1.174846e+01	3.033691e-01	-7.581055e+01	1.023142e+02	92
3.063600e+04	1.914325e+02	2.444995e+02	2.609501e-01	2.646211e-01	1.177014e+01	3.036017e-01	-7.581055e+01	1.023862e+02	93
3.096900e+04	1.909540e+02	2.447894e+02	2.627828e-01	2.650753e-01	1.179175e+01	3.038618e-01	-7.581055e+01	1.024548e+02	94
3.130200e+04	1.905108e+02	2.452335e+02	2.646770e-01	2.655415e-01	1.181330e+01	3.041494e-01	-7.581055e+01	1.025203e+02	95
3.163500e+04	1.900827e+02	2.455876e+02	2.666337e-01	2.660199e-01	1.183477e+01	3.044647e-01	-7.581055e+01	1.025825e+02	96
3.196800e+04	1.896748e+02	2.458579e+02	2.686539e-01	2.665108e-01	1.185618e+01	3.048076e-01	-7.581055e+01	1.026416e+02	97
3.230100e+04	1.892871e+02	2.461422e+02	2.707381e-01	2.670143e-01	1.187754e+01	3.051783e-01	-7.581055e+01	1.026979e+02	98
3.263400e+04	1.889195e+02	2.464958e+02	2.728869e-01	2.675305e-01	1.189883e+01	3.055766e-01	-7.581055e+01	1.027513e+02	99
3.296700e+04	1.885771e+02	2.467772e+02	2.751004e-01	2.680595e-01	1.192008e+01	3.060026e-01	-7.581055e+01	1.028018e+02	100
3.330000e+04	1.882498e+02	2.469915e+02	2.773786e-01	2.686012e-01	1.194128e+01	3.064562e-01	-7.581055e+01	1.028497e+02	101
3.363300e+04	1.879377e+02	2.471943e+02	2.797211e-01	2.691556e-01	1.196243e+01	3.069375e-01	-7.581055e+01	1.028952e+02	102
3.396600e+04	1.876457e+02	2.474963e+02	2.821272e-01	2.697224e-01	1.198354e+01	3.074463e-01	-7.581055e+01	1.029382e+02	103
3.429900e+04	1.873739e+02	2.477403e+02	2.845956e-01	2.703013e-01	1.200462e+01	3.079827e-01	-7.581055e+01	1.029786e+02	104
3.463200e+04	1.871223e+02	2.479308e+02	2.871249e-01	2.708919e-01	1.202565e+01	3.085467e-01	-7.581055e+01	1.030167e+02	105
3.496500e+04	1.868807e+02	2.480718e+02	2.897129e-01	2.714934e-01	1.204666e+01	3.091386e-01	-7.581055e+01	1.030527e+02	106
3.529800e+04	1.866594e+02	2.482435e+02	2.923568e-01	2.721052e-01	1.206764e+01	3.097585e-01	-7.581055e+01	1.030865e+02	107
3.563100e+04	1.864531e+02	2.484727e+02	2.950533e-01	2.727261e-01	1.208859e+01	3.104070e-01	-7.581055e+01	1.031181e+02	108
3.596400e+04	1.862621e+02	2.486584e+02	2.977982e-01	2.733548e-01	1.210951e+01	3.110846e-01	-7.581055e+01	1.031475e+02	109
3.629700e+04	1.860912e+02	2.488039e+02	3.005863e-01	2.739896e-01	1.213042e+01	3.117924e-01	-7.581055e+01	1.031748e+02	110
3.663000e+04	1.859355e+02	2.489127e+02	3.034114e-01	2.746286e-01	1.215131e+01	3.125317e-01	-7.581055e+01	1.032001e+02	111
3.696300e+04	1.857950e+02	2.489877e+02	3.062659e-01	2.752691e-01	1.217219e+01	3.133045e-01	-7.581055e+01	1.032233e+02	112
3.729600e+04	1.856697e+02	2.491106e+02	3.091404e-01	2.759079e-01	1.219305e+01	3.141135e-01	-7.581055e+01	1.032444e+02	113
3.762900e+04	1.855647e+02	2.492628e+02	3.120237e-01	2.765410e-01	1.221390e+01	3.149624e-01	-7.581055e+01	1.032632e+02	114
3.796200e+04	1.854748e+02	2.493828e+02	3.149018e-01	2.771632e-01	1.223475e+01	3.158562e-01	-7.581055e+01	1.032797e+02	115
3.829500e+04	1.854053e+02	2.494728e+02	3.177571e-01	2.777680e-01	1.225560e+01	3.168021e-01	-7.581055e+01	1.032936e+02	116
3.862800e+04	1.853611e+02	2.495349e+02	3.205673e-01	2.783466e-01	1.227645e+01	3.178102e-01	-7.581055e+01	1.033048e+02	117
3.896100e+04	1.853373e+02	2.495709e+02	3.233032e-01	2.788872e-01	1.229730e+01	3.188951e-01	-7.581055e+01	1.033129e+02	118
3.929400e+04	1.853338e+02	2.495824e+02	3.259254e-01	2.793730e-01	1.231816e+01	3.200790e-01	-7.581055e+01	1.033173e+02	119
3.962700e+04	1.853660e+02	2.495704e+02	3.283784e-01	2.797789e-01	1.233904e+01	3.213976e-01	-7.581055e+01	1.033173e+02	120
3.996000e+04	1.854238e+02	2.495353e+02	3.305790e-01	2.800641e-01	1.235994e+01	3.229132e-01	-7.581055e+01	1.033116e+02	121
4.029300e+04	1.855176e+02	2.494749e+02	3.323903e-01	2.801509e-01	1.238087e+01	3.247539e-01	-7.581055e+01	1.032983e+02	122
4.062600e+04	1.856428e+02	2.493803e+02	3.335506e-01	2.798278e-01	1.240185e+01	3.272994e-01	-7.581055e+01	1.032737e+02	123
4.095900e+04	1.857331e+02	2.492097e+02	3.333371e-01	2.754096e-01	1.242305e+01	3.379971e-01	-7.581055e+01	1.032269e+02	124
4.129200e+04	1.849946e+02	2.479482e+02	3.204932e-01	2.773363e-01	1.244408e+01	3.350979e-01	-7.581055e+01	1.029632e+02	125
4.162500e+04	1.855603e+02	2.488512e+02	3.266630e-01	2.609413e-01	1.246533e+01	3.776492e-01	-7.581055e+01	1.031423e+02	126
4.195800e+04	1.855175e+02	2.473332e+02	2.919841e-01	2.716158e-01	1.248651e+01	3.493584e-01	-7.581055e+01	1.028198e+02	127
4.229100e+04	1.853181e+02	2.480770e+02	3.080467e-01	2.626655e-01	1.250768e+01	3.737038e-01	-7.581055e+01	1.029875e+02	128
4.262400e+04	1.850526e+02	2.477949e+02	2.728306e-01	2.597940e-01	1.252881e+01	3.824450e-01	-7.581055e+01	1.029071e+02	129
4.295700e+04	1.850324e+02	2.480167e+02	2.597651e-01	2.604600e-01	1.254989e+01	3.811920e-01	-7.581055e+01	1.029476e+02	130
4.329000e+04	1.848862e+02	2.482859e+02	2.630905e-01	2.608716e-01	1.257092e+01	3.805779e-01	-7.581055e+01	1.029956e+02	131
4.362300e+04	1.845967e+02	2.483964e+02	2.653431e-01	2.611814e-01	1.259189e+01	3.804649e-01	-7.581055e+01	1.030193e+02	132
4.395600e+04	1.843887e+02	2.485098e+02	2.669995e-01	2.615027e-01	1.261281e+01	3.804871e-01	-7.581055e+01	1.030521e+02	133
4.428900e+04	1.842266e+02	2.486625e+02	2.687334e-01	2.617496e-01	1.263369e+01	3.808441e-01	-7.581055e+01	1.030808e+02	134
4.462200e+04	1.841152e+02	2.488259e+02	2.701426e-01	2.618793e-01	1.265453e+01	3.816482e-01	-7.581055e+01	1.031025e+02	135
4.495500e+04	1.840494e+02	2.489393e+02	2.710189e-01	2.618794e-01	1.267534e+01	3.829243e-01	-7.581055e+01	1.031191e+02	136
4.528800e+04	1.840292e+02	2.490119e+02	2.713057e-01	2.617005e-01	1.269613e+01	3.847977e-01	-7.581055e+01	1.031310e+02	137
4.562100e+04	1.840652e+02	2.490448e+02	2.707786e-01	2.612484e-01	1.271692e+01	3.875298e-01	-7.581055e+01	1.031373e+02	138
4.595400e+04	1.841678e+02	2.490402e+02	2.689876e-01	2.604286e-01	1.273771e+01	3.913996e-01	-7.581055e+01	1.031367e+02	139
4.628700e+04	1.843379e+02	2.490025e+02	2.654304e-01	2.592597e-01	1.275851e+01	3.963720e-01	-7.581055e+01	1.031284e+02	140
4.662000e+04	1.845761e+02	2.489373e+02	2.600695e-01	2.579420e-01	1.277932e+01	4.018737e-01	-7.581055e+01	1.031128e+02	141
4.695300e+04	1.848577e+02	2.488517e+02	2.537489e-01	2.566722e-01	1.280016e+01	4.073480e-01	-7.581055e+01	1.030918e+02	142
4.728600e+04	1.851679e+02	2.487561e+02	2.473312e-01	2.555109e-01	1.282103e+01	4.125858e-01	-7.581055e+01	1.030686e+02	143
4.761900e+04	1.855021e+02	2.486593e+02	2.409836e-01	2.544535e-01	1.284191e+01	4.175207e-01	-7.581055e+01	1.030454e+02	144
4.795200e+04	1.858603e+02	2.485630e+02	2.347166e-01	2.534716e-01	1.286282e+01	4.220964e-01	-7.581055e+01	1.030227e+02	145
4.828500e+04	1.862274e+02	2.484652e+02	2.285343e-01	2.525261e-01	1.288374e+01	4.265028e-01	-7.581055e+01	1.030000e+02	146
4.861800e+04	1.865725e+02	2.483639e+02	2.222665e-01	2.516090e-01	1.290469e+01	4.308047e-01	-7.581055e+01	1.029770e+02	147
4.895100e+04	1.868743e+02	2.482602e+02	2.157520e-01	2.507167e-01	1.292565e+01	4.349443e-01	-7.581055e+01	1.029537e+02	148
4.928400e+04	1.871061e+02	2.481581e+02	2.090448e-01	2.498435e-01	1.294664e+01	4.390389e-01	-7.581055e+01	1.029310e+02	149
4.961700e+04	1.872454e+02	2.480642e+02	2.021163e-01	2.490021e-01	1.296764e+01	4.431015e-01	-7.581055e+01	1.029101e+02	150
4.995000e+04	1.872640e+02	2.479856e+02	1.949563e-01	2.482098e-01	1.298864e+01	4.470915e-01	-7.581055e+01	1.028921e+02	151
5.028300e+04	1.871642e+02	2.479281e+02	1.876383e-01	2.474725e-01	1.300966e+01	4.508834e-01	-7.581055e+01	1.028780e+02	152
5.061600e+04	1.869558e+02	2.478952e+02	1.803248e-01	2.467729e-01	1.303067e+01	4.545596e-01	-7.581055e+01	1.028684e+02	153
5.094900e+04	1.866755e+02	2.478879e+02	1.730899e-01	2.461002e-01	1.305167e+01	4.582208e-01	-7.581055e+01	1.028634e+02	154
5.128200e+04	1.863455e+02	2.479051e+02	1.658816e-01	2.454497e-01	1.307266e+01	4.618978e-01	-7.581055e+01	1.028632e+02	155
5.161500e+04	1.859823e+02	2.479425e+02	1.588906e-01	2.448131e-01	1.309363e+01	4.655899e-01	-7.581055e+01	1.028670e+02	156
5.194800e+04	1.855813e+02	2.479917e+02	1.526459e-01	2.441929e-01	1.311459e+01	4.692784e-01	-7.581055e+01	1.028734e+02	157
5.228100e+04	1.850939e+02	2.480449e+02	1.466342e-01	2.435903e-01	1.313551e+01	4.730788e-01	-7.581055e+01	1.028806e+02	158
5.261400e+04	1.839942e+02	2.481430e+02	2.842216e-01	2.945898e-01	1.315573e+01	3.293379e-01	-7.581055e+01	1.028965e+02	159
5.294700e+04	1.856693e+02	2.516098e+02	3.949947e-01	2.501375e-01	1.317627e+01	4.617758e-01	-7.581055e+01	1.037282e+02	160
5.328000e+04	1.818820e+02	2.489553e+02	2.307241e-01	2.775099e-01	1.319603e+01	3.887900e-01	-7.581055e+01	1.030651e+02	161
5.361300e+04	1.889103e+02	2.522256e+02	3.059564e-01	2.488717e-01	1.321722e+01	4.762330e-01	-7.581055e+01	1.040175e+02	162
5.394600e+04	1.860867e+02	2.460715e+02	1.992985e-01	2.543847e-01	1.323878e+01	4.588655e-01	-7.581055e+01	1.024802e+02	163
5.427900e+04	1.824541e+02	2.457280e+02	2.056398e-01	2.697050e-01	1.325930e+01	4.206315e-01	-7.581055e+01	1.024331e+02	164
5.461200e+04	1.866590e+02	2.505384e+02	2.522107e-01	2.574735e-01	1.328031e+01	4.608862e-01	-7.581055e+01	1.034615e+02	165
5.494500e+04	1.841303e+02	2.474091e+02	1.845218e-01	2.587316e-01	1.330144e+01	4.604116e-01	-7.581055e+01	1.027529e+02	166
5.527800e+04	1.837518e+02	2.474089e+02	1.831673e-01	2.592963e-01	1.332258e+01	4.622063e-01	-7.581055e+01	1.027690e+02	167
5.561100e+04	1.834128e+02	2.473988e+02	1.761379e-01	2.594076e-01	1.334382e+01	4.649722e-01	-7.581055e+01	1.027584e+02	168
5.594400e+04	1.820515e+02	2.469035e+02	1.582373e-01	2.584625e-01	1.336532e+01	4.703380e-01	-7.581055e+01	1.026409e+02	169
5.627700e+04	1.830696e+02	2.452836e+02	1.610211e-01	2.592083e-01	1.338695e+01	4.711995e-01	-7.581055e+01	1.023401e+02	170
5.661000e+04	1.813294e+02	2.451549e+02	1.842280e-01	2.622833e-01	1.340813e+01	4.669558e-01	-7.581055e+01	1.023003e+02	171
5.694300e+04	1.804967e+02	2.472741e+02	1.738540e-01	2.638150e-01	1.342917e+01	4.685421e-01	-7.581055e+01	1.027174e+02	172
5.727600e+04	1.814811e+02	2.474334e+02	1.722810e-01	2.647579e-01	1.345048e+01	4.726553e-01	-7.581055e+01	1.027145e+02	173
5.760900e+04	1.826130e+02	2.460693e+02	1.685142e-01	2.657834e-01	1.347218e+01	4.764275e-01	-7.581055e+01	1.024451e+02	174
5.794200e+04	1.799628e+02	2.445003e+02	1.743506e-01	2.675572e-01	1.349377e+01	4.772643e-01	-7.581055e+01	1.021475e+02	175
5.827500e+04	1.753576e+02	2.450532e+02	1.633734e-01	2.706507e-01	1.351499e+01	4.762453e-01	-7.581055e+01	1.022389e+02	176
5.860800e+04	1.756628e+02	2.460531e+02	1.587655e-01	2.734256e-01	1.353630e+01	4.785542e-01	-7.581055e+01	1.024340e+02	177
5.894100e+04	1.771556e+02	2.446229e+02	1.604800e-01	2.761848e-01	1.355798e+01	4.826811e-01	-7.581055e+01	1.021651e+02	178
5.927400e+04	1.796376e+02	2.421528e+02	1.628492e-01	2.792030e-01	1.358020e+01	4.881937e-01	-7.581055e+01	1.016883e+02	179
5.960700e+04	1.826099e+02	2.388807e+02	1.653847e-01	2.830074e-01	1.360310e+01	4.945695e-01	-7.581055e+01	1.010030e+02	180
5.994000e+04	1.711210e+02	2.356447e+02	1.628995e-01	2.876701e-01	1.362559e+01	4.945880e-01	-7.581055e+01	1.003105e+02	181
6.027300e+04	1.679570e+02	2.386753e+02	1.596833e-01	2.919022e-01	1.364783e+01	4.953582e-01	-7.581055e+01	1.008327e+02	182
6.060600e+04	1.665188e+02	2.398833e+02	1.481736e-01	2.968648e-01	1.367000e+01	4.963865e-01	-7.581055e+01	1.010466e+02	183
6.093900e+04	1.673412e+02	2.403291e+02	1.446087e-01	3.022085e-01	1.369228e+01	4.986781e-01	-7.581055e+01	1.011265e+02	184
6.127200e+04	1.686268e+02	2.399636e+02	1.448593e-01	3.077419e-01	1.371479e+01	5.016685e-01	-7.581055e+01	1.010460e+02	185
6.160500e+04	1.698671e+02	2.393127e+02	1.457305e-01	3.134247e-01	1.373755e+01	5.049049e-01	-7.581055e+01	1.009209e+02	186
6.193800e+04	1.709587e+02	2.385824e+02	1.466950e-01	3.192060e-01	1.376057e+01	5.082191e-01	-7.581055e+01	1.007961e+02	187
6.227100e+04	1.718739e+02	2.380648e+02	1.476539e-01	3.250350e-01	1.378381e+01	5.115495e-01	-7.581055e+01	1.006825e+02	188
6.260400e+04	1.726361e+02	2.375240e+02	1.485795e-01	3.308688e-01	1.380727e+01	5.148693e-01	-7.581055e+01	1.005814e+02	189
6.293700e+04	1.732746e+02	2.369806e+02	1.494640e-01	3.366740e-01	1.383091e+01	5.181652e-01	-7.581055e+01	1.004921e+02	190
6.327000e+04	1.738143e+02	2.366288e+02	1.503076e-01	3.424250e-01	1.385472e+01	5.214296e-01	-7.581055e+01	1.004131e+02	191
6.360300e+04	1.742749e+02	2.362996e+02	1.511143e-01	3.481033e-01	1.387868e+01	5.246581e-01	-7.581055e+01	1.003427e+02	192
6.393600e+04	1.746772e+02	2.359698e+02	1.518890e-01	3.536957e-01	1.390278e+01	5.278483e-01	-7.581055e+01	1.002798e+02	193
6.426900e+04	1.750346e+02	2.356433e+02	1.526370e-01	3.591932e-01	1.392700e+01	5.309989e-01	-7.581055e+01	1.002233e+02	194
6.460200e+04	1.753615e+02	2.353324e+02	1.533630e-01	3.645904e-01	1.395134e+01	5.341093e-01	-7.581055e+01	1.001720e+02	195
6.493500e+04	1.756687e+02	2.351539e+02	1.540709e-01	3.698841e-01	1.397578e+01	5.371797e-01	-7.581055e+01	1.001252e+02	196
6.526800e+04	1.759633e+02	2.349729e+02	1.547641e-01	3.750735e-01	1.400032e+01	5.402105e-01	-7.581055e+01	1.000822e+02	197
6.560100e+04	1.762543e+02	2.347917e+02	1.554453e-01	3.801591e-01	1.402495e+01	5.432025e-01	-7.581055e+01	1.000424e+02	198
6.593400e+04	1.765435e+02	2.346122e+02	1.561164e-01	3.851426e-01	1.404966e+01	5.461567e-01	-7.581055e+01	1.000056e+02	199
6.626700e+04	1.768309e+02	2.344358e+02	1.567790e-01	3.900263e-01	1.407444e+01	5.490742e-01	-7.581055e+01	9.997119e+01	200
6.660000e+04	1.771310e+02	2.342640e+02	1.574345e-01	3.948134e-01	1.409930e+01	5.519562e-01	-7.581055e+01	9.993897e+01	201
6.693300e+04	1.774375e+02	2.340977e+02	1.580838e-01	3.995074e-01	1.412423e+01	5.548041e-01	-7.581055e+01	9.990865e+01	202
6.726600e+04	1.777542e+02	2.339378e+02	1.587275e-01	4.041118e-01	1.414922e+01	5.576193e-01	-7.581055e+01	9.988003e+01	203
6.759900e+04	1.780899e+02	2.337968e+02	1.593664e-01	4.086307e-01	1.417427e+01	5.604034e-01	-7.581055e+01	9.985293e+01	204
6.793200e+04	1.784283e+02	2.337038e+02	1.600009e-01	4.130679e-01	1.419937e+01	5.631578e-01	-7.581055e+01	9.982720e+01	205
6.826500e+04	1.787836e+02	2.336120e+02	1.606315e-01	4.174275e-01	1.422453e+01	5.658841e-01	-7.581055e+01	9.980269e+01	206
6.859800e+04	1.791549e+02	2.335218e+02	1.612584e-01	4.217135e-01	1.424974e+01	5.685839e-01	-7.581055e+01	9.977928e+01	207
6.893100e+04	1.795365e+02	2.334336e+02	1.618820e-01	4.259296e-01	1.427500e+01	5.712588e-01	-7.581055e+01	9.975686e+01	208
6.926400e+04	1.799329e+02	2.333476e+02	1.625026e-01	4.300799e-01	1.430031e+01	5.739103e-01	-7.581055e+01	9.973531e+01	209
6.959700e+04	1.803488e+02	2.332638e+02	1.631204e-01	4.341680e-01	1.432566e+01	5.765402e-01	-7.581055e+01	9.971453e+01	210
6.993000e+04	1.807787e+02	2.331821e+02	1.637358e-01	4.381976e-01	1.435105e+01	5.791499e-01	-7.581055e+01	9.969444e+01	211
7.026300e+04	1.812225e+02	2.331025e+02	1.643490e-01	4.421722e-01	1.437648e+01	5.817410e-01	-7.581055e+01	9.967494e+01	212
7.059600e+04	1.816850e+02	2.330246e+02	1.649602e-01	4.460952e-01	1.440195e+01	5.843151e-01	-7.581055e+01	9.965592e+01	213
7.092900e+04	1.821610e+02	2.329481e+02	1.655698e-01	4.499701e-01	1.442746e+01	5.868736e-01	-7.581055e+01	9.963729e+01	214
7.126200e+04	1.826506e+02	2.328728e+02	1.661778e-01	4.537998e-01	1.445301e+01	5.894183e-01	-7.581055e+01	9.961896e+01	215
7.159500e+04	1.831587e+02	2.327981e+02	1.667848e-01	4.575876e-01	1.447859e+01	5.919504e-01	-7.581055e+01	9.960084e+01	216
7.192800e+04	1.836854e+02	2.327236e+02	1.673908e-01	4.613365e-01	1.450421e+01	5.944716e-01	-7.581055e+01	9.958284e+01	217
7.226100e+04	1.842258e+02	2.326489e+02	1.679961e-01	4.650491e-01	1.452986e+01	5.969832e-01	-7.581055e+01	9.956487e+01	218
7.259400e+04	1.847798e+02	2.325734e+02	1.686011e-01	4.687285e-01	1.455554e+01	5.994868e-01	-7.581055e+01	9.954685e+01	219
7.292700e+04	1.853528e+02	2.324966e+02	1.692059e-01	4.723772e-01	1.458126e+01	6.019837e-01	-7.581055e+01	9.952868e+01	220
7.326000e+04	1.859398e+02	2.324180e+02	1.698109e-01	4.759977e-01	1.460702e+01	6.044755e-01	-7.581055e+01	9.951028e+01	221
7.359300e+04	1.865461e+02	2.323371e+02	1.704163e-01	4.795927e-01	1.463281e+01	6.069634e-01	-7.581055e+01	9.949154e+01	222
7.392600e+04	1.871620e+02	2.322532e+02	1.710225e-01	4.831646e-01	1.465863e+01	6.094489e-01	-7.581055e+01	9.947239e+01	223
7.425900e+04	1.878026e+02	2.321659e+02	1.716296e-01	4.867156e-01	1.468448e+01	6.119335e-01	-7.581055e+01	9.945272e+01	224
7.459200e+04	1.884534e+02	2.320746e+02	1.722380e-01	4.902482e-01	1.471037e+01	6.144185e-01	-7.581055e+01	9.943243e+01	225
7.492500e+04	1.891198e+02	2.319788e+02	1.728480e-01	4.937644e-01	1.473629e+01	6.169053e-01	-7.581055e+01	9.941142e+01	226
7.525800e+04	1.898020e+02	2.318778e+02	1.734600e-01	4.972666e-01	1.476225e+01	6.193954e-01	-7.581055e+01	9.938960e+01	227
7.559100e+04	1.905058e+02	2.317712e+02	1.740741e-01	5.007569e-01	1.478825e+01	6.218902e-01	-7.581055e+01	9.936684e+01	228
7.592400e+04	1.912165e+02	2.316582e+02	1.746908e-01	5.042373e-01	1.481428e+01	6.243911e-01	-7.581055e+01	9.934304e+01	229
7.625700e+04	1.919448e+02	2.315384e+02	1.753103e-01	5.077099e-01	1.484035e+01	6.268997e-01	-7.581055e+01	9.931808e+01	230
7.659000e+04	1.926916e+02	2.314111e+02	1.759331e-01	5.111769e-01	1.486646e+01	6.294173e-01	-7.581055e+01	9.929183e+01	231
7.692300e+04	1.934474e+02	2.312756e+02	1.765594e-01	5.146401e-01	1.489261e+01	6.319457e-01	-7.581055e+01	9.926416e+01	232
7.725600e+04	1.942185e+02	2.311313e+02	1.771898e-01	5.181017e-01	1.491880e+01	6.344863e-01	-7.581055e+01	9.923493e+01	233
7.758900e+04	1.950007e+02	2.309774e+02	1.778245e-01	5.215637e-01	1.494503e+01	6.370409e-01	-7.581055e+01	9.920398e+01	234
7.792200e+04	1.957906e+02	2.308132e+02	1.784640e-01	5.250282e-01	1.497131e+01	6.396110e-01	-7.581055e+01	9.917116e+01	235
7.825500e+04	1.965945e+02	2.306377e+02	1.791087e-01	5.284971e-01	1.499763e+01	6.421986e-01	-7.581055e+01	9.913629e+01	236
7.858800e+04	1.974044e+02	2.304500e+02	1.797591e-01	5.319725e-01	1.502400e+01	6.448054e-01	-7.581055e+01	9.909919e+01	237
7.892100e+04	1.982274e+02	2.302490e+02	1.804157e-01	5.354567e-01	1.505042e+01	6.474334e-01	-7.581055e+01	9.905965e+01	238
7.925400e+04	1.990513e+02	2.300335e+02	1.810791e-01	5.389517e-01	1.507690e+01	6.500847e-01	-7.581055e+01	9.901744e+01	239
7.958700e+04	1.998793e+02	2.298021e+02	1.817499e-01	5.424598e-01	1.510343e+01	6.527615e-01	-7.581055e+01	9.897232e+01	240
7.992000e+04	2.007154e+02	2.295532e+02	1.824285e-01	5.459833e-01	1.513002e+01	6.554662e-01	-7.581055e+01	9.892401e+01	241
8.025300e+04	2.015495e+02	2.292851e+02	1.831159e-01	5.495246e-01	1.515667e+01	6.582012e-01	-7.581055e+01	9.887221e+01	242
8.058600e+04	2.023873e+02	2.289956e+02	1.838126e-01	5.530862e-01	1.518338e+01	6.609693e-01	-7.581055e+01	9.881658e+01	243
8.091900e+04	2.032253e+02	2.286823e+02	1.845195e-01	5.566707e-01	1.521017e+01	6.637734e-01	-7.581055e+01	9.875674e+01	244
8.125200e+04	2.040647e+02	2.283423e+02	1.852376e-01	5.602810e-01	1.523702e+01	6.666168e-01	-7.581055e+01	9.869225e+01	245
8.158500e+04	2.049052e+02	2.279724e+02	1.859678e-01	5.639199e-01	1.526395e+01	6.695031e-01	-7.581055e+01	9.862262e+01	246
8.191800e+04	2.057472e+02	2.275686e+02	1.867113e-01	5.675907e-01	1.529096e+01	6.724360e-01	-7.581055e+01	9.854729e+01	247
8.225100e+04	2.065902e+02	2.271263e+02	1.874693e-01	5.712968e-01	1.531805e+01	6.754200e-01	-7.581055e+01	9.846560e+01	248
8.258400e+04	2.074383e+02	2.266401e+02	1.882432e-01	5.750418e-01	1.534523e+01	6.784599e-01	-7.581055e+01	9.837679e+01	249
8.291700e+04	2.082894e+02	2.261036e+02	1.890348e-01	5.788298e-01	1.537251e+01	6.815612e-01	-7.581055e+01	9.827997e+01	250
8.325000e+04	2.091462e+02	2.255091e+02	1.898458e-01	5.826652e-01	1.539989e+01	6.847300e-01	-7.581055e+01	9.817408e+01	251
8.358300e+04	2.100125e+02	2.248474e+02	1.906784e-01	5.865528e-01	1.542737e+01	6.879734e-01	-7.581055e+01	9.805790e+01	252
8.391600e+04	2.108790e+02	2.241077e+02	1.915352e-01	5.904982e-01	1.545497e+01	6.912997e-01	-7.581055e+01	9.792994e+01	253
8.424900e+04	2.117557e+02	2.232768e+02	1.924193e-01	5.945073e-01	1.548269e+01	6.947182e-01	-7.581055e+01	9.778826e+01	254
8.458200e+04	2.126258e+02	2.223386e+02	1.933342e-01	5.985870e-01	1.551055e+01	6.982403e-01	-7.581055e+01	9.763055e+01	255
8.491500e+04	2.135036e+02	2.213187e+02	1.942843e-01	6.027451e-01	1.553854e+01	7.018791e-01	-7.581055e+01	9.745390e+01	256
8.524800e+04	2.143565e+02	2.201980e+02	1.952749e-01	6.069907e-01	1.556669e+01	7.056507e-01	-7.581055e+01	9.725459e+01	257
8.558100e+04	2.151767e+02	2.188986e+02	1.963127e-01	6.113341e-01	1.559500e+01	7.095747e-01	-7.581055e+01	9.702776e+01	258
8.591400e+04	2.159420e+02	2.173798e+02	1.974061e-01	6.157875e-01	1.562349e+01	7.136754e-01	-7.581055e+01	9.676697e+01	259
8.624700e+04	2.166152e+02	2.155875e+02	1.985661e-01	6.203654e-01	1.565218e+01	7.179835e-01	-7.581055e+01	9.646345e+01	260
8.658000e+04	2.171601e+02	2.134489e+02	1.998070e-01	6.250852e-01	1.568108e+01	7.225384e-01	-7.581055e+01	9.610470e+01	261
8.691300e+04	2.175049e+02	2.108604e+02	2.011479e-01	6.299677e-01	1.571022e+01	7.273920e-01	-7.581055e+01	9.567276e+01	262
8.724600e+04	2.175953e+02	2.076906e+02	2.026144e-01	6.350389e-01	1.573962e+01	7.326132e-01	-7.581055e+01	9.514069e+01	263
8.757900e+04	2.173158e+02	2.037465e+02	2.042418e-01	6.403307e-01	1.576932e+01	7.382950e-01	-7.581055e+01	9.446651e+01	264
8.791200e+04	2.164598e+02	1.985966e+02	2.060770e-01	6.458835e-01	1.579935e+01	7.445595e-01	-7.581055e+01	9.358231e+01	265
8.824500e+04	2.144388e+02	1.915947e+02	2.081765e-01	6.517504e-01	1.582977e+01	7.515473e-01	-7.581055e+01	9.237603e+01	266
8.857800e+04	2.095094e+02	1.821638e+02	2.105770e-01	6.580186e-01	1.586063e+01	7.593239e-01	-7.581055e+01	9.067670e+01	267
8.891100e+04	1.980196e+02	1.699288e+02	2.131635e-01	6.648899e-01	1.589189e+01	7.675906e-01	-7.581055e+01	8.837695e+01	268
8.924400e+04	1.820182e+02	1.575936e+02	2.153517e-01	6.724488e-01	1.592343e+01	7.756971e-01	-7.581055e+01	8.603739e+01	269
8.957700e+04	1.728771e+02	1.477326e+02	2.166455e-01	6.802704e-01	1.595525e+01	7.833215e-01	-7.581055e+01	8.414945e+01	270
8.991000e+04	1.664154e+02	1.395506e+02	2.165312e-01	6.879941e-01	1.598732e+01	7.903340e-01	-7.581055e+01	8.250123e+01	271
9.024300e+04	1.582858e+02	1.326418e+02	2.117973e-01	6.951871e-01	1.601960e+01	7.958404e-01	-7.581055e+01	8.107163e+01	272
9.057600e+04	1.466996e+02	1.284852e+02	1.971114e-01	7.009217e-01	1.605198e+01	7.982484e-01	-7.581055e+01	8.021523e+01	273
9.090900e+04	1.388685e+02	1.288910e+02	1.856870e-01	7.050393e-01	1.608432e+01	7.997365e-01	-7.581055e+01	8.033925e+01	274
9.124200e+04	1.334914e+02	1.302064e+02	1.781406e-01	7.079876e-01	1.611657e+01	8.009549e-01	-7.581055e+01	8.065358e+01	275
9.157500e+04	1.289054e+02	1.316193e+02	1.719398e-01	7.100589e-01	1.614873e+01	8.017489e-01	-7.581055e+01	8.098290e+01	276
9.190800e+04	1.255020e+02	1.333754e+02	1.677911e-01	7.115158e-01	1.618080e+01	8.024163e-01	-7.581055e+01	8.137304e+01	277
9.224100e+04	1.219186e+02	1.350218e+02	1.633435e-01	7.124301e-01	1.621279e+01	8.026553e-01	-7.581055e+01	8.174105e+01	278
9.257400e+04	1.193607e+02	1.370090e+02	1.606553e-01	7.129787e-01	1.624467e+01	8.029005e-01	-7.581055e+01	8.217188e+01	279
9.290700e+04	1.161612e+02	1.387990e+02	1.570403e-01	7.131475e-01	1.627645e+01	8.027282e-01	-7.581055e+01	8.255392e+01	280
9.324000e+04	1.140004e+02	1.409183e+02	1.549847e-01	7.130883e-01	1.630813e+01	8.026592e-01	-7.581055e+01	8.300271e+01	281
9.357300e+04	1.110292e+02	1.427562e+02	1.521097e-01	7.127597e-01	1.633970e+01	8.022222e-01	-7.581055e+01	8.338892e+01	282
9.390600e+04	1.089988e+02	1.449074e+02	1.503133e-01	7.122816e-01	1.637114e+01	8.019060e-01	-7.581055e+01	8.383588e+01	283
9.423900e+04	1.062912e+02	1.467994e+02	1.478467e-01	7.116218e-01	1.640247e+01	8.013212e-01	-7.581055e+01	8.422565e+01	284
9.457200e+04	1.042451e+02	1.489125e+02	1.460849e-01	7.108562e-01	1.643368e+01	8.008098e-01	-7.581055e+01	8.465669e+01	285
9.490500e+04	1.018606e+02	1.508527e+02	1.439581e-01	7.099750e-01	1.646475e+01	8.001434e-01	-7.581055e+01	8.504904e+01	286
9.523800e+04	9.984315e+01	1.528956e+02	1.421616e-01	7.090161e-01	1.649569e+01	7.994933e-01	-7.581055e+01	8.545902e+01	287
9.557100e+04	9.776328e+01	1.548497e+02	1.402414e-01	7.079851e-01	1.652650e+01	7.987703e-01	-7.581055e+01	8.584827e+01	288
9.590400e+04	9.585419e+01	1.568214e+02	1.384255e-01	7.068987e-01	1.655717e+01	7.980339e-01	-7.581055e+01	8.623873e+01	289
9.623700e+04	9.398544e+01	1.587471e+02	1.365867e-01	7.057660e-01	1.658769e+01	7.972647e-01	-7.581055e+01	8.661804e+01	290
9.657000e+04	9.217939e+01	1.606601e+02	1.347655e-01	7.045960e-01	1.661807e+01	7.964778e-01	-7.581055e+01	8.699145e+01	291
9.690300e+04	9.041320e+01	1.625684e+02	1.329378e-01	7.033960e-01	1.664830e+01	7.956737e-01	-7.581055e+01	8.735641e+01	292
9.723600e+04	8.864920e+01	1.644445e+02	1.311037e-01	7.021721e-01	1.667837e+01	7.948572e-01	-7.581055e+01	8.771343e+01	293
9.756900e+04	8.687552e+01	1.662843e+02	1.292588e-01	7.009299e-01	1.670829e+01	7.940315e-01	-7.581055e+01	8.806204e+01	294
9.790200e+04	8.506485e+01	1.680857e+02	1.274015e-01	6.996742e-01	1.673806e+01	7.931998e-01	-7.581055e+01	8.840208e+01	295
9.823500e+04	8.319471e+01	1.698469e+02	1.255317e-01	6.984099e-01	1.676765e+01	7.923657e-01	-7.581055e+01	8.873334e+01	296
9.856800e+04	8.124217e+01	1.715663e+02	1.236507e-01	6.971413e-01	1.679709e+01	7.915324e-01	-7.581055e+01	8.905563e+01	297
9.890100e+04	7.919957e+01	1.732429e+02	1.217617e-01	6.958732e-01	1.682635e+01	7.907037e-01	-7.581055e+01	8.936875e+01	298
9.923400e+04	7.707111e+01	1.748759e+02	1.198692e-01	6.946101e-01	1.685544e+01	7.898834e-01	-7.581055e+01	8.967256e+01	299
9.956700e+04	7.490668e+01	1.764646e+02	1.179798e-01	6.933570e-01	1.688435e+01	7.890756e-01	-7.581055e+01	8.996693e+01	300
9.990000e+04	7.277669e+01	1.780087e+02	1.161015e-01	6.921192e-01	1.691309e+01	7.882848e-01	-7.581055e+01	9.025176e+01	301
1.002330e+05	7.078089e+01	1.795077e+02	1.142446e-01	6.909024e-01	1.694164e+01	7.875156e-01	-7.581055e+01	9.052706e+01	302
1.005660e+05	6.899020e+01	1.809653e+02	1.124207e-01	6.897128e-01	1.697002e+01	7.867731e-01	-7.581055e+01	9.079290e+01	303
1.008990e+05	6.741945e+01	1.823978e+02	1.106433e-01	6.885572e-01	1.699821e+01	7.860624e-01	-7.581055e+01	9.104951e+01	304
1.012320e+05	6.605397e+01	1.837927e+02	1.089271e-01	6.874435e-01	1.702622e+01	7.853890e-01	-7.581055e+01	9.129722e+01	305
1.015650e+05	6.486105e+01	1.851539e+02	1.072877e-01	6.863801e-01	1.705404e+01	7.847589e-01	-7.581055e+01	9.153655e+01	306
1.018980e+05	6.381438e+01	1.864823e+02	1.057414e-01	6.853765e-01	1.708168e+01	7.841782e-01	-7.581055e+01	9.176814e+01	307
1.022310e+05	6.289337e+01	1.877699e+02	1.043045e-01	6.844428e-01	1.710915e+01	7.836536e-01	-7.581055e+01	9.199274e+01	308
1.025640e+05	6.210273e+01	1.889925e+02	1.029935e-01	6.835902e-01	1.713643e+01	7.831925e-01	-7.581055e+01	9.221132e+01	309
1.028970e+05	6.142231e+01	1.902973e+02	1.018250e-01	6.828300e-01	1.716354e+01	7.828032e-01	-7.581055e+01	9.242463e+01	310
1.032300e+05	6.086703e+01	1.915029e+02	1.008146e-01	6.821742e-01	1.719048e+01	7.824952e-01	-7.581055e+01	9.263334e+01	311
1.035630e+05	6.042184e+01	1.927859e+02	9.997569e-02	6.816343e-01	1.721725e+01	7.822783e-01	-7.581055e+01	9.283779e+01	312
1.038960e+05	6.008672e+01	1.940005e+02	9.931522e-02	6.812213e-01	1.724386e+01	7.821623e-01	-7.581055e+01	9.303820e+01	313
1.042290e+05	5.984164e+01	1.951689e+02	9.883534e-02	6.809443e-01	1.727032e+01	7.821550e-01	-7.581055e+01	9.323396e+01	314
1.045620e+05	5.967158e+01	1.963672e+02	9.861589e-02	6.808094e-01	1.729663e+01	7.822602e-01	-7.581055e+01	9.342431e+01	315
1.048950e+05	5.953653e+01	1.975453e+02	9.851432e-02	6.808189e-01	1.732280e+01	7.824766e-01	-7.581055e+01	9.360843e+01	316
1.052280e+05	5.942148e+01	1.986551e+02	9.848263e-02	6.809707e-01	1.734883e+01	7.827986e-01	-7.581055e+01	9.378574e+01	317
1.055610e+05	5.930143e+01	1.996736e+02	9.847566e-02	6.812589e-01	1.737474e+01	7.832173e-01	-7.581055e+01	9.395601e+01	318
1.058940e+05	5.916137e+01	2.007307e+02	9.845831e-02	6.816744e-01	1.740052e+01	7.837227e-01	-7.581055e+01	9.411942e+01	319
1.062270e+05	5.899130e+01	2.017191e+02	9.840730e-02	6.822068e-01	1.742617e+01	7.843049e-01	-7.581055e+01	9.427637e+01	320
1.065600e+05	5.879122e+01	2.026331e+02	9.830969e-02	6.828450e-01	1.745170e+01	7.849546e-01	-7.581055e+01	9.442710e+01	321
1.068930e+05	5.855615e+01	2.035780e+02	9.816044e-02	6.835778e-01	1.747711e+01	7.856636e-01	-7.581055e+01	9.457225e+01	322
1.072260e+05	5.829606e+01	2.044274e+02	9.795998e-02	6.843950e-01	1.750239e+01	7.864247e-01	-7.581055e+01	9.471211e+01	323
1.075590e+05	5.800598e+01	2.052936e+02	9.771226e-02	6.852873e-01	1.752755e+01	7.872319e-01	-7.581055e+01	9.484715e+01	324
1.078920e+05	5.769090e+01	2.061225e+02	9.742330e-02	6.862465e-01	1.755259e+01	7.880803e-01	-7.581055e+01	9.497762e+01	325
1.082250e+05	5.735581e+01	2.068694e+02	9.710000e-02	6.872654e-01	1.757750e+01	7.889656e-01	-7.581055e+01	9.510398e+01	326
1.085580e+05	5.701073e+01	2.077018e+02	9.674944e-02	6.883381e-01	1.760230e+01	7.898846e-01	-7.581055e+01	9.522624e+01	327
1.088910e+05	5.665566e+01	2.084270e+02	9.637834e-02	6.894595e-01	1.762697e+01	7.908345e-01	-7.581055e+01	9.534499e+01	328
1.092240e+05	5.628058e+01	2.091456e+02	9.599277e-02	6.906253e-01	1.765152e+01	7.918131e-01	-7.581055e+01	9.546013e+01	329
1.095570e+05	5.591051e+01	2.098994e+02	9.559799e-02	6.918321e-01	1.767595e+01	7.928186e-01	-7.581055e+01	9.557195e+01	330
1.098900e+05	5.553043e+01	2.105608e+02	9.519839e-02	6.930770e-01	1.770026e+01	7.938496e-01	-7.581055e+01	9.568073e+01	331
1.102230e+05	5.514036e+01	2.112294e+02	9.479756e-02	6.943577e-01	1.772445e+01	7.949047e-01	-7.581055e+01	9.578640e+01	332
1.105560e+05	5.475529e+01	2.119316e+02	9.439830e-02	6.956719e-01	1.774852e+01	7.959830e-01	-7.581055e+01	9.588929e+01	333
1.108890e+05	5.437022e+01	2.125480e+02	9.400280e-02	6.970181e-01	1.777247e+01	7.970835e-01	-7.581055e+01	9.598948e+01	334
1.112220e+05	5.397515e+01	2.131555e+02	9.361268e-02	6.983947e-01	1.779631e+01	7.982053e-01	-7.581055e+01	9.608695e+01	335
1.115550e+05	5.359008e+01	2.138205e+02	9.322910e-02	6.998004e-01	1.782003e+01	7.993477e-01	-7.581055e+01	9.618205e+01	336
1.118880e+05	5.320001e+01	2.144033e+02	9.285291e-02	7.012341e-01	1.784363e+01	8.005100e-01	-7.581055e+01	9.627472e+01	337
1.122210e+05	5.280994e+01	2.149429e+02	9.248467e-02	7.026945e-01	1.786712e+01	8.016915e-01	-7.581055e+01	9.636498e+01	338
1.125540e+05	5.241987e+01	2.155801e+02	9.212475e-02	7.041808e-01	1.789049e+01	8.028915e-01	-7.581055e+01	9.645318e+01	339
1.128870e+05	5.203479e+01	2.161383e+02	9.177339e-02	7.056919e-01	1.791376e+01	8.041096e-01	-7.581055e+01	9.653918e+01	340
1.132200e+05	5.164471e+01	2.166180e+02	9.143073e-02	7.072270e-01	1.793691e+01	8.053450e-01	-7.581055e+01	9.662302e+01	341
1.135530e+05	5.125464e+01	2.172204e+02	9.109684e-02	7.087852e-01	1.795995e+01	8.065973e-01	-7.581055e+01	9.670505e+01	342
1.138860e+05	5.086455e+01	2.177617e+02	9.077177e-02	7.103657e-01	1.798288e+01	8.078659e-01	-7.581055e+01	9.678508e+01	343
1.142190e+05	5.047947e+01	2.182277e+02	9.045553e-02	7.119677e-01	1.800569e+01	8.091502e-01	-7.581055e+01	9.686317e+01	344
1.145520e+05	5.008438e+01	2.187475e+02	9.014813e-02	7.135905e-01	1.802841e+01	8.104498e-01	-7.581055e+01	9.693963e+01	345
1.148850e+05	4.969929e+01	2.192795e+02	8.984957e-02	7.152333e-01	1.805101e+01	8.117642e-01	-7.581055e+01	9.701429e+01	346
1.152180e+05	4.930919e+01	2.197395e+02	8.955985e-02	7.168954e-01	1.807351e+01	8.130930e-01	-7.581055e+01	9.708719e+01	347
1.155510e+05	4.891909e+01	2.201646e+02	8.927897e-02	7.185762e-01	1.809590e+01	8.144357e-01	-7.581055e+01	9.715861e+01	348
1.158840e+05	4.852899e+01	2.206943e+02	8.900693e-02	7.202750e-01	1.811818e+01	8.157918e-01	-7.581055e+01	9.722841e+01	349
1.162170e+05	4.814388e+01	2.211552e+02	8.874371e-02	7.219913e-01	1.814036e+01	8.171611e-01	-7.581055e+01	9.729660e+01	350
1.165500e+05	4.775877e+01	2.215483e+02	8.848929e-02	7.237244e-01	1.816244e+01	8.185431e-01	-7.581055e+01	9.736343e+01	351
1.168830e+05	4.736865e+01	2.220060e+02	8.824366e-02	7.254738e-01	1.818441e+01	8.199374e-01	-7.581055e+01	9.742882e+01	352
1.172160e+05	4.698854e+01	2.224741e+02	8.800677e-02	7.272390e-01	1.820629e+01	8.213438e-01	-7.581055e+01	9.749273e+01	353
1.175490e+05	4.660342e+01	2.228776e+02	8.777856e-02	7.290195e-01	1.822806e+01	8.227619e-01	-7.581055e+01	9.755534e+01	354
1.178820e+05	4.622830e+01	2.232172e+02	8.755898e-02	7.308147e-01	1.824973e+01	8.241913e-01	-7.581055e+01	9.761669e+01	355
1.182150e+05	4.584317e+01	2.236932e+02	8.734793e-02	7.326242e-01	1.827131e+01	8.256318e-01	-7.581055e+01	9.767669e+01	356
1.185480e+05	4.546804e+01	2.241122e+02	8.714531e-02	7.344476e-01	1.829278e+01	8.270831e-01	-7.581055e+01	9.773541e+01	357
1.188810e+05	4.509792e+01	2.244701e+02	8.695103e-02	7.362844e-01	1.831416e+01	8.285448e-01	-7.581055e+01	9.779306e+01	358
1.192140e+05	4.472279e+01	2.248076e+02	8.676494e-02	7.381342e-01	1.833544e+01	8.300168e-01	-7.581055e+01	9.784946e+01	359
1.195470e+05	4.435766e+01	2.252467e+02	8.658690e-02	7.399966e-01	1.835662e+01	8.314988e-01	-7.581055e+01	9.790464e+01	360
1.198800e+05	4.399253e+01	2.256272e+02	8.641676e-02	7.418712e-01	1.837771e+01	8.329904e-01	-7.581055e+01	9.795880e+01	361
1.200000e+05	4.363741e+01	2.259499e+02	8.625437e-02	7.471619e-01	1.837744e+01	8.843177e-04	-7.581055e+01	9.801188e+01	361
